114 514
138937954
403441184
-2117172540
1666411503
-872475656
427876408
-1250181733
-1680825569
2044468230
-1312357336
2030550441
1491469552
-1753296564
-407270649
234261771
1453877024
331680454
-517971320
1130107440
-497310435
1241383489
-1082837542
536960669
1905104372
-1521321523
-1492012040
-1128394065
-1550682470
1164363642
750747262
-1385912570
151716676
1159022933
1808004618
-1252708885
232846975
1993138920
-1196629088
-1077491636
-1088414133
566405087
-770255581
518299194
694095307
-735527240
-1140082777
-1793660456
1301574670
-1583291132
487115524
-1990103248
879694611
396466869
-1173212914
2051927543
965816270
-1854611782
1590748811
37050091
-1242844801
-1152539843
-362114648
-1280705177
211924933
1903712201
195562281
1399383983
-1137103807
-1349069895
-908533655
1869576931
-2041084486
-1426118774
-1882828499
-107370404
1590955189
924131732
-137008921
66917859
-1989538525
-788487740
1648339032
1906776962
-935669815
-1447509464
-1908326378
1849046487
-1189923919
868580451
359439015
1093701339
1301484398
-802793807
1157563113
820242360
-829622286
1579247275
745784817
-848020105
293993306
1933371789
799371243
-916580825
2026147498
-886473118
2017676816
564763856
1413557481
1247458535
-2079520252
-1929474846
-247551949
-1557946417
-879270942