6314
3
13
4
3
2
4
5
6368
3
7
5963
3
13
5
3
3
11
5
38
2
6
18
1
3921
5
2933
2
18
6
9319
12
3
8822
3
15
3
87
46
6
2763
4
4957
15
2
43
4
3375
2
28
2
11
5
4
2
4
3
13
8048
7651
2
3396
12
7276
1891
3
12
4
12
18
14
4
4894
5
3
5964
3
4
2
6
15
17
3
2
7242
2
4
2
1
2
5498
4
3
2
1521
9
3439
3
6
3
28
8713
2935
6
6530
3
5
8961
30
3
5
2
4
2
3099
15
3
7202
8909
5922
5
1
3
8403
16
4513
4541
9
13
4
2
15
4
41
3
1
5
4
3
2
2
4
4
6
5
3850
2
12
2855
17
7387
6
2
3
6881
11
2
3939
6
2
3
8648
5
926
4
6
6
7062
24
8610
6
3
4
18
5
6
11
3
4
7424
4165
2
2
7460
8997
8653
15
3
8
5
4
3
5
6
6090
6230
3
8996
4552
4050
1
7753
1
11
7729
7864
2
2
3580
3
3911
15
4
7389
8106
0
5
7
7232
155
5
4
8161
4
7
5
8770
9
3
4431
28
9026
2
19
7458
1
5391
6149
13
22
9463
3
5
2
5
2
3
4
11
4
4
3912
6
86
1
1
13
8843
1
0
9275
1
4
1157
2806
3
7299
11
10
8077
17
3
13
3339
1371
6790
15
3834
2
2
6358
2
4
4
4982
3316
3
2
3
195
2387
5106
11
2
8576
47
4474
3
1
147
5
9
12
8258
2747
2
14
13
9164
2002
2
2
16
3
74
7541
11
7180
1
3
6143
1
909
3
4
4
5800
9259
4040
75
6
5
21
4374
20
437
3
0
8300
2
1
5575
1
2
4
5975
7322
8
2
6725
4
6911
8294
5
2
2
5339
5
12
3
4
4
9
14
6050
10
3265
71
6068
3
4
3
4077
5357
6
5
6983
6
0
8
6569
7
5
15
14
17
3571
5392
1387
8769
3
2
44
7095
20
5515
6453
5
4
1
15
5
3
4
2
3
8678
4
8651
3
2
8910
4
1
1
2
5711
7
33
3
3
15
6
4219
1
6264
104
3532
4
66
9283
16
9127
9286
2
4
5
3
4
904
17
7861
21
3
3
8
2235
8426
2
4
2
2
3670
9
9
3
6462
4297
6771
17
0
4
8211
12
2
7
2
3216
16
22
5
5668
8617
2
4
49
7290
4693
8
2348
3
3
2
4
6981
15
4
6189
4
3803
3
1
5
3
14
5
7077
6700
11
8174
5
4327
3
6351
5
8939
5708
2
16
3
4
2
4
4765
4868
3
5134
5
5
3
2
6974
94
3
4
8564
3
2200
13
3992
5
12
1
4
2
5505
3
1
2
3
9
5
15
66
3
1
0
6518
1
10
3
4
6
4
4936
3
2
7884
2
3004
9
8
3805
3
3706
2
1090
3
6
3
5
8
212
5
3
7481
3
17
3
7
2
40
4
6
5700
5
7741
9012
43
9
1
77
6817
3
5
3
3
2
9383
3
5126
5
8437
3
7039
13
11
1
103
5701
5
388
2
2
7586
4
3400
8295
3
5
16
6
1
5571
538
8917
3
10
8860
22
4
3630
5
2
0
19
9356
5
3
3
8569
1
2
2
4
7237
17
2
3
8715
2
6021
9146
10
5
2757
5
3730
16
1
3375
8427
4550
8880
41
5
8253
5606
1766
5614
14
7869
6011
8658
0
6455
2
3
13
5050
2
3
9216
5273
4576
6
1
9
136
9
7245
3
5
4
6
2
6
7307
1
13
4
3754
14
14
5
15
7
2
16
61
5
4
5
4
3
4
7569
11
1
46
6554
11
5
5622
5
9152
3
3
8355
4
4
16
7233
4
9511
3
0
2036
2
7071
503
8875
3036
6
3
6
3773
2
3
5
3
1616
5
1
17
3
1
5892
4
8213
4649
13
3377
7693
4
65
4235
3
3
23
4
5
7
3
6926
7744
3
6
1279
1
13
3
2
979
4
8459
4
3
5981
5
5
6832
5
5
1129
2
3
9
3
7
13
3
5507
5
4
4
6903
1
4
3
1
4242
3
7515
3736
4
6
9356
24
6878
1
3
7557
0
4
6
1
1
13
5
135
5655
3
2
2
2
7
7135
4
5996
16
0
5613
1
6
3
5367
1
7362
29
3
3101
7015
6384
4
17
4148
15
16
4047
11
6996
50
6248
2
3
7253
6651
3
5
9
4
22
2
5
4703
3
3
9441
3
3
4
7904
2
5
6
7
3
18
7183
22
18
11
198
2
3
6679
4
2
2936
5
3
7467
6
3
2392
2
15
19
1
15
14
6650
4
3
20
11
4
3092
4
3
9467
17
24
8106
10
1
239
3
7773
3
0
5
41
2
8815
4293
13
5
1
1835
19
4
4
3
2
5797
22
17
6898
3
2
9
4759
8968
7
6697
4050
5
9
7998
108
18
3
2
2
3
70
459
1
3
5464
6
3
4
3
10
5
17
5957
6061
5
2144
3
9075
16
36
546
1544
4
9190
5
9134
5138
2075
9
45
2780
32
3637
5
8189
2
10
3
9361
7115
4767
42
4990
3
2
13
21
2
8
17
15
3
177
7
4016
4
20
23
46
42
3940
48
3
3
4022
17
4
6059
10
2
10
1
1
8
124
6292
2
6018
4185
316
18
4
8453
2
6651
4
163
12
3769
6
4420
1
2
4
3336
4
5704
53
10
13
6
7630
6
4035
7398
8138
4707
8
16
7742
6
8183
4
2
3813
1361
9
5
8198
2
14
4
6
1
4822
1017
3
7843
5
5633
1
4577
1971
4
3043
4
17
8153
4
4341
5
3
3
14
4
7516
8
2
7871
8729
4
6090
12
6033
7090
19
2
5
3
825
424
12
4550
6155
7706
4
6
1
9107
6
8834
5
13
8266
8799
3480
12
3
8
137
9232
4
3
39
5
3
2
5
3
6483
8855
6662
2875
4
9
13
1
897
5655
5
4
5726
15
9287
2
2
3
6298
17
2
3
1
3
1
3
12
5
1
1
25
17
16
4
10
5207
15
8521
6
3
1
2
5
7
2
3
1
5126
12
2290
2
1
90
3
3274
4
1
4
11
3
3
5
3560
8497
6
4425
2
7820
2
51
9
2
5
6673
4668
3262
1
9390
6346
3
14
2
58
4
1487
2
3
19
20
4
1
1577
5
4704
4
9386
5
5
7503
3
201
6539
4
7832
34
13
6223
5
7
14
2
3
5755
2
11
14
3
7
15
2141
6
4
4
2
8724
9578
4
8931
2
3
10
14
4
5
2315
4913
5
2
1
8
2
5
3
2
15
5
3624
3
4
1
8834
4
3
8626
4912
3
3890
3
12
17
2
2
6474
2
11
2
2213
2
3
10
63
6680
4
4
2
1
11
5
3
3
3495
5
5983
2
3
5500
1
13
3
3
294
11
2
4
3
0
4
1834
7056
3
3
4
1235
5558
23
8
1137
3
7412
3
4496
9372
5
3
3
34
21
5320
4
8762
4
3
5
17
8085
4
3
1
845
2
3187
13
46
5
3
45
3907
158
4
10
2
21
1
4
10
18
5390
2
9378
3
4
16
1
6602
3
24
16
2
2
14
6709
6
5751
4
6
0
3
17
2044
8497
19
3
3
5
6
6678
245
7806
3
3
4
9253
1
18
0
1
6105
3
6
6
22
7225
13
6960
7
109
257
4
2846
1
4
5295
3
6854
2
4
5
2
7969
3992
21
8044
2
5453
1
18
17
6621
3
4
7526
2
4213
8
1717
21
6522
58
5855
3
1
5113
3
8
2
4
3
17
2
9
3
4388
1
3
2818
1064
2
3
1
7854
3
4416
3
1
1
3
2
215
802
4
6
2255
1
2
7666
11
7954
6
1413
2
3
4122
34
1
2
6425
3
3800
26
3
15
6
15
3
3
105
6255
9442
3
12
6684
2
4
4486
11
1
10
2860
6374
5
3969
10
2
6
8220
34
4293
11
126
10
47
6995
2
9
2
6523
12
4
5460
5
1
4
24
3
88
3
2841
6872
1
8087
9
3
6083
3
3
3406
1
3002
3
62
19
33
9212
8483
21
2
5
24
2
3726
3874
8323
16
4
4
8872
3
1098
3420
5
3448
4
4598
6984
3
7457
13
1
10
12
3
4
9
9352
1592
9464
3
2
6797
4
1
5
5
8
3
9246
2
44
11
9277
5
3
12
4
50
2689
6
3747
6413
5867
1
9154
7
4063
4
8726
108
3
49
3
2
9402
3
4
23
5
15
3
3391
7
6
5
1038
4978
3
16
2
4
3691
6
7
10
3
5
32
4
4951
8808
668
0
8906
13
6
603
4
2
12
9160
3
1
3959
1
8
4
10
4
2
5
2
5
42
17
5
9
3
3877
4
5
7924
3
5
5
3955
4
6
6
5
8295
4715
2
6
28
5734
9534
3
4
3675
3873
2
3461
5
6
3
4
7540
4544
5
4441
4
7806
16
2385
3
3
2
20
2849
4
3
3684
0
23
3
401
37
10
3
1
4
39
2738
2
4
6389
14
1
26
8624
27
13
3756
5
2
2
5228
4
40
3
6
3
1
1543
8
10
5621
3882
3465
5
6919
6
3
4830
6
51
8168
6
9147
4
1
1
2
4
7818
7
6462
3
6
6045
15
4
7560
9496
6697
201
1
11
4
7
5240
6168
5
6468
6
4
8
2
3
7606
3
6058
3
9295
4
3
3733
9272
1
3734
6
1
4
3011
0
1
6858
3465
15
6
1
13
2183
1
3
5438
2
8239
2
236
3909
3
3
3
8586
4
4
1
2
5217
11
4
12
13
3653
8659
4
13
5
2
3255
17
9101
27
3
4
4088
3
8029
131
8291
4
7409
13
288
6364
3
1
48
5
4
2
3
10
6429
9
67
5
3396
1700
19
6
27
8884
6
4585
4
3
2
2
5
6289
5
3
4
3
51
5
3
1858
2
2
15
3715
4909
3
3
5241
3799
5311
4
3
3
4
1
4
3
6173
1
2
5237
3
3
2
4912
3
14
22
1
5
7013
11
1
3
8061
11
7
6711
2
2
1
3
7620
3
1
15
7
2980
9190
4
5660
4
3
2
2
9530
2
6335
3
5
9372
5
40
5
5914
9
9
4912
4
14
6928
0
1
8220
1
6
3
39
2
3
8
13
15
9225
36
1
8
5
5
4
5
21
20
1641
0
2612
6315
3
2
4
4
13
7182
10
3
30
4
2
3
19
5
5
4
1
5929
1
3149
5
15
4
5652
14
6794
4
7107
6656
1480
58
3720
3
0
1189
3
6031
743
3
4
5
3
4
7
5715
3
11
2
11
5658
4
994
17
2
5809
3303
2
5
4326
4
7603
8
7182
3762
8710
3
3
2
3
4
2
0
2
8803
1
1
3
4
3
8220
0
4
3
7
4
3585
9
5135
3
4444
4
3
354
5
4
5
2
3506
373
13
19
3
4
3600
2440
7565
13
7
9393
3835
15
11
3
7
5565
3
1206
3
5241
4
12
8231
3
21
13
8991
5
1
5
8602
9372
5
2
4252
7244
65
7613
4
2
10
23
4
6635
6
9285
2
4
3543
1
2
1410
2
8684
4
3
5
5
3445
4208
3
47
3
1
3
7633
5
1
3
23
6724
3
2
8937
6
11
4
7767
1
4
9331
3
2
10
8090
2
6072
3366
2986
1
1319
5
2110
8
5
8734
3
5
2
8449
2
4
5
3991
9013
2
5
3
1
9
6762
4
2
4917
6
23
1494
2
6583
4
4
5
3
3
2831
8469
9267
3
9438
3
4
3
3
26
0
9550
0
6335
14
6444
6
26
8108
5
3
1
42
5
3
15
4
15
2
7198
2985
6413
32
5
3
3
9
6112
3
4
2
9004
3
9336
4
3
6795
7
3
7
3
6
3
5
0
3089
5893
3
2755
3
8006
139
43
13
1485
17
3
1
2
5
5
4919
3
1
5
9619
6
12
3
2683
5
3
4
2
9588
1
3941
1
4
7311
5
4
18
13
21
4
3
20
7198
4
3
5
5702
9314
1
5
5011
46
3
16
2
5
5149
7
6
5153
4
2
11
692
9
7990
13
1
31
2
7
9159
36
2
8551
10
12
11
1
12
4
4
3115
4
5804
8
8455
5250
3
1561
6
5
2
3
3
9636
9
5
3
5
7202
5
4
27
11
3209
16
8641
8
9225
6
897
6
4
5
0
4473
92
5
9053
38
3
2646
2
7665
3
4
9263
1
2074
4614
9
3
3
17
208
0
2
4
7557
5
1
4
1
5
8793
5224
3
6
6
4
2
8296
1
2
4505
12
6
1
5344
3
2
5
3
3
5
1489
4
5
1
4
4
0
5
1
12
6417
55
3
1
4
4109
8395
3
3
3
13
6416
4
8495
22
4906
4
878
4600
7
7189
3
7225
9053
4
2
4583
3
8046
1
3008
3912
8484
19
4863
30
6
8630
5208
4
1
1
13
3
3
3
5898
0
1
3
13
1613
3
2
6
7693
13
688
4
11
9639
4720
7035
390
5589
17
7389
656
6447
4
7
5
7951
4
6427
57
4
4580
6
6
4405
8
16
7528
4
1
4
4
5016
3
9014
3
3
5
1
5
0
5622
6
3019
4595
8970
9427
6497
4
9375
20
3
4
2877
2
16
5
5
3354
53
1
10
1
5569
5
5971
3
3
1
5
2
24
2882
8177
21
4
13
8999
3
7455
3
5038
3
4435
2391
3
2
2812
4169
7010
1874
8600
4
5
12
5919
4
5
5509
6
7
48
8
1
3
3
4
3
3
1
4
3793
1
9646
3
2
2993
43
6522
28
6035
3
2
1
7
7399
42
7258
3
2
5
0
9
2
8685
6
5146
1
13
6
6013
11
1
4534
6
7827
14
4384
12
7801
4
3
8
4
3
2
5
6650
3
4
6
3
9442
9665
272
5388
11
4
4
3
4
9364
9120
2
2
3
1
21
3
2947
10
8590
1
20
3
7340
209
2
24
2
3
3
3838
43
20
9023
16
5
2
3
5
2
1867
18
2
3
2
2589
3096
4
2
6172
4
1
4
2
9196
17
5
5
17
4
5
3
3
5
77
1
17
3
1
4434
8311
4
3
6
6592
4
48
9
18
11
4285
1
2
6593
4
6
2
1
2509
49
3
11
2
3695
3
5409
8931
4585
26
7124
4
4
7433
3
2
8171
4
3347
2
687
3
3123
167
3
8940
17
65
11
10
4956
2
4322
4
4167
6
14
8009
225
7878
3
55
8893
5
4
9213
5
0
2
35
2770
16
1
1
88
2
14
3
3
3
8406
3474
4
7667
45
8963
6814
6
70
8388
6879
14
6
6
3
3994
1
95
1
4
1
1
3302
1
7251
1
5
15
6
9350
9
9124
8536
5819
25
19
6
5
8
11
28
3
3
4
4
1
2
5
4684
3
4
4
11
7412
13
1
636
7995
4003
1
8811
10
5
4
3
4
4086
4
5
4
3
3
12
1
1
3
3
2
4
4234
9250
6383
5081
13
1
1704
7
16
2
3182
21
55
7988
7
0
9
14
2
8
7694
1
3
2774
4
13
1
8
3
6358
5
10
6296
14
9281
4
7
5
37
8831
16
4
5287
10
4192
5
9360
4664
3850
7896
7902
5
2
4
7935
8334
4
3
1
1
18
14
10
4
3
9286
3424
0
5472
3
6411
29
1655
4
1
50
2
9327
9
4
1
5
1847
5
3
1
16
4025
3
45
7832
1
0
6
481
57
2
4
4
2
13
6641
6959
5
70
1110
3
13
8665
3
9
8380
5
2
9367
4
6
9622
7
7
2
64
4705
4
2
2
3
13
2
1
2
3325
10
2
427
5
1
8
2
8632
10
3690
6
9325
2
3
10
4828
852
4
1
3
5651
3
4456
2
2
4
3
7179
4348
9708
4
5825
5
4895
3967
7849
1209
3
4
3
3
2
4834
19
29
5
4
4
8283
2
7809
5
7154
1
5264
3557
853
1
3876
54
6764
2
2598
7
2
3
14
5531
3141
4470
3170
19
2534
9487
4
8817
5421
4
4
3
1
8879
6
16
16
3
19
3
5
5
3481
19
2
5
6494
8
5
5942
1
4804
8
2943
4
25
6305
9371
6198
4607
4
9037
2
5105
4
1072
236
280
7671
7148
2
17
4395
9
14
4
4
4
9
3
9080
909
9
4859
282
2
15
5
5247
1
3
3
8296
3
7938
161
8636
2
1
10
1616
4079
47
10
3
8
4
4889
2882
5245
4
5
0
3
3
4
9722
7231
1
6
3
98
13
7136
4
8870
2
2
8378
8478
2
5
14
8194
10
2
88
4
3
16
2
24
3
6592
5
6
4
18
3
3
9
6
18
9277
5
2
3
5783
4881
4
4614
4
8820
2
4
9306
1
7
3
8906
1
2268
4
3
6909
7259
11
3
3
3
10
160
78
12
2785
5
9228
2
5
3308
18
3743
5
4
4
11
5
8
5
7103
3
35
3
1375
15
3
9372
32
7784
1
1
22
6993
0
4
8335
10
5
7472
3
1
0
8452
4385
10
15
4
5671
5
1
9
995
6
23
9512
3
2
4927
7
4386
12
6
15
4
13
3
759
1
4147
1
8
4
63
1
5
2
2
3
6869
0
7972
4
9376
4
2
82
2
6048
9
9
15
3
3
4
5
4323
3
6062
3
5
3
2
5
8600
3
5
8213
4
4496
5
14
2
4
4
6590
1
1
2
8
8218
134
3
4
1
8547
4
3
1
3
7107
3
5066
3
16
4
7642
13
1
3
8782
3
1
0
3
3
5618
3
4
4
5161
3
5135
3
3700
3
5542
3
13
3
1
5288
2
1744
3
9
9432
5
4086
41
4
8531
10
1
2
4
7318
5917
4
16
4
1
3
8822
8
19
9
5084
15
9335
8357
2
7401
4
11
6128
2
1
1
17
6996
3
1986
4
5
8610
7
4
3
6
9445
2268
108
2
1
4
16
7
34
4
7984
961
14
15
3
9410
3450
2
5082
5
4867
5
4
15
380
4
4
1679
0
7013
4653
7343
2
3
6
3285
3383
5604
3
4
8080
3
5
6
5
3
8215
4
4209
13
4
31
3
2
0
6588
3
51
3436
8523
3
9390
3
5607
3
9414
5448
28
17
5744
6258
7744
3
2
8215
4
11
8033
3643
4
8423
3
5
4
5
5813
4
4
3370
5
4909
3
60
6
6
5
4
4457
2
21
2
9
6
3
22
3
9
4153
6
4
18
4
1
8719
5
6491
0
2
2
6140
5
3
127
5595
2
4
1
3
11
44
14
9110
1
4
4
14
7
2
3045
5349
8253
2085
1
4
3978
7941
4436
1
10
3
4
2479
3
3
5
26
3
3
4917
5
4
7470
64
59
4
1
8116
5
1
9055
4
4
2241
3
4
22
1
1711
5940
1
5995
4
7
13
1
14
3
4
5139
5
3
4
2085
5
1
1
8178
1
11
1
4
3567
9189
7780
9
39
3
2
9
9458
42
6
0
2255
3
4
3
5
3
4746
11
15
13
44
5
4
27
2
3611
1
5226
11
4
3
6
1
3
16
7
12
50
2
1037
15
1960
0
1
12
9
3
9135
3126
5
4553
27
9838
3
8629
7
2
6485
3
8727
6829
1402
7062
23
5
5240
7
6
2148
1
5
8021
296
13
58
2186
4099
3
3
18
3
7
607
3
9
0
71
4
16
5200
2
4
5341
3
4282
4
6
4
4
8525
3
2
4262
8016
3869
2
76
5
22
3
8
12
9163
2
5632
4
3
2
4
8663
6977
703
3
17
3
4
558
3
2
6
3
7401
4
1
8742
40
7877
3187
7
2074
8832
4
8774
3
4737
6
6
3
3
1
8257
2
8545
1
5
63
5
10
12
5
4
1360
5
3116
4
4
4
8326
9
4458
9397
3
42
28
0
6327
4
7386
5528
6311
3
4
3
32
2
5743
13
6
3
3337
9438
3
105
20
59
4
3
9322
10
4
1188
2
5
8395
9
4
4661
10
8844
20
8639
485
4
193
3218
6957
1
6950
7635
4
14
3
7617
5
5661
2
4039
7
705
4
159
6
4
1
3
10
3
4975
4
53
8835
3
5065
1
4
9539
6
85
6
3
3
9286
4
24
7976
1
9582
4
2
811
2
3331
6
3221
1
2
4
2
9
7334
4
4770
10
6
2
3336
2
21
1
2
8450
9429
12
6799
3
6
2
46
9
5798
7248
3
1950
1
145
10
3
4154
3
4581
1
5013
5959
153
1
2709
4
8020
6066
0
6
6295
14
2
7
579
12
2084
131
1
3
3
3234
0
4
3142
3818
5
5
4086
4796
3
1
1
2
1
7
3
1
13
1
51
7266
11
2821
16
9
7139
4
9
0
1
48
7080
5
91
8122
1
3
1
209
0
7
5
9063
11
22
3
1668
2
1
2
4
10
4
4
9441
2857
8806
4
5
1890
14
10
6558
2
3
159
8698
3
3
6335
2887
6848
6
2940
7605
8608
1
6
7550
5
9574
7029
9650
4
7723
2144
5838
15
0
58
4
2
8243
2
3
1
6770
4
3
2698
23
8325
21
2126
24
5
6
3
6
1
4
2
5
5
3
2
1
5
3
7
2775
3781
16
5
11
2931
3
9
24
179
3
6633
9435
1
4
4972
6
3
8
3
3047
6863
9002
3
24
4
30
18
1
3
1761
25
2
6
55
68
5
1426
6934
4
4
4299
102
4
4
6
5
5592
5064
0
12
3
3
14
1
3
6
1
6347
1
4
3
6
2
7735
6
3
9187
2
69
3
14
3
2
24
5
3
18
110
3946
59
7348
73
3
3
7
6941
4337
6506
4
6
22
5
4
1
4866
10
2
4
6876
3
4
6
5938
3
3
6177
9333
6965
6642
15
4
462
1
2
2
3
6
3
667
7952
6
3
3
3
4858
3
5783
1391
7
1
4
3096
4
93
3
5956
37
1
1
2
27
2
156
6
11
7603
3
7619
3
8967
15
3
0
4141
9053
6
5041
2
4999
1606
9
2345
8678
133
3
8189
13
3159
4
1
4
1434
4454
5
9
8975
20
3
9355
5
4
2
23
23
5
5392
5
3
8634
6
4846
2
6197
14
2
2
3
4655
6
3893
12
5
15
1
1
2
1
4
6
5
6657
8
1
3
1301
8800
13
2
3
3
37
6801
7
3
5
8636
2
139
7684
7
3
3007
1
9141
6
4
4
3332
6
9361
3
7
16
2
19
24
7289
7732
6
4
4558
2
449
4
4
5
4
5
5228
3
5689
5
14
1869
7901
1
19
3
7748
5
4
7
1
9306
1
10
2
3
3
6
5
7062
4
1
5
3
5072
2
1
1
4
6
5934
3
9033
6016
5
76
3841
1
17
6567
8712
4
2
1385
16
3
4915
5665
13
1
8
9
4
6
2
66
8272
1
5513
2
62
21
11
4
5846
3
9061
2
6013
7837
8229
5
3
6309
4
1
7871
2
4
1992
1
1
10
15
5
1366
1
4
35
3761
6
7606
9041
5
4
11
4
3
3
6
1
1
3
5031
2
6153
6
4
4
47
4239
30
3
15
3
3
4
5786
3
6
6260
19
2
5
14
9697
4
2
22
1
8596
8261
3268
7432
2
4
6
27
5864
2
17
0
4
8362
0
65
6066
3
7911
4
11
2
1
5156
6
8019
4
2
4
9094
3
0
19
4999
6
21
6
4
6
4784
31
3
7086
3
2613
3
32
6695
2
0
7
14
6
4
2
8
6
2
6778
2
3
21
8
4408
17
1312
6
74
1
7747
2
3
3
3961
6320
6163
4
9351
1
6
22
3968
65
4
4
5
11
4821
2
7311
3
6354
6116
3
1
1699
3
3
4404
2
6502
146
5
5117
1
9139
657
7771
1
5
6
1
5
13
44
9763
1361
34
3
4
663
4
2966
8
4697
7144
3
5433
3
14
6984
9337
4
2
14
2
5
5027
8603
1
2383
22
6843
3
2537
4
3275
245
12
2226
13
11
4
12
10
64
8866
4
4
6
4
11
20
1
4
2925
7
5220
3
2
13
2
4
2740
23
6167
7821
9676
12
8808
4140
2
2
7205
2
2978
13
5
2
6010
6325
3
6084
7154
62
7
59
3
4422
47
9641
3
4
4
8833
9580
3
7
15
4125
39
5
2
4
7
5923
8169
1178
4566
0
8490
9770
13
1
16
0
7
4
9386
7428
9050
3
3
7117
1
4
5
4
39
5
9853
4
3
9
32
6
29
1
4
6001
2
225
6
7
2
6948
10
6
8490
9360
11
1
4
4
5591
5
3
21
6681
0
9
4538
3
4305
1
2
1
3
9421
8208
3
8284
1
4
17
5
7
6806
2
18
4
3
6629
7907
8
2
1
3
3
7762
9
4
7812
4
4
5960
1
6064
10
9229
5376
4
2
7
6639
2
4810
565
2
4
4652
2
10
20
3
4
3
3
7448
2
1
9703
8474
15
3
1
5823
2265
11
1225
3
15
75
6108
6633
6
5
3
29
15
5
23
2
5
5
10
1
1
7267
4892
1
181
6
2
2
7889
10
8391
6062
4
3585
2
8366
4
5
2
16
15
5695
2
3
5
5
5480
25
9739
10
4
3
2276
1060
1
6
5
3
7
4
9224
3
5
2181
3
2
8724
5
4
3
1645
12
3196
3
4183
271
3
8798
2
3
9
2851
1
3
6228
14
4144
5
12
2718
5
4482
8
4
6
8
2
5
3
6370
7080
3
3503
9
22
3
1
6442
6
3
2
1
12
4014
7
132
9334
5
3349
3
14
57
3
2
134
6924
4
4
1
191
5
3
3621
212
1
5
0
5
1
16
8734
1
2
3
0
5
6044
4
0
15
6
13
7
230
0
5
5343
1395
2814
8766
5
6112
1
4465
6984
6
8782
1
5231
3
1
96
14
8
8680
4
11
6543
4
539
6
4
878
3
3
3
1
4471
4
9
1
5701
5
4
11
3
1
3
4
7030
0
8
3
15
0
8
8403
1
162
5
3290
3
0
5
5
675
7
2361
3
3377
4
1001
2860
5
1555
2
2012
8
8
1
15
7527
4
1
5175
5
4
3373
2
8
8
1
3
4572
4
47
4
1
13
9520
2
5
9009
12
4278
4
5
7
3
5523
8
3374
4443
5467
5
2
9770
4
117
5
3463
2
2
4
2
6589
1
9282
2
4
5
3
4
18
3
3426
8914
7
4
4
4669
8790
8
5057
4130
50
14
60
6077
6
3
9214
3746
11
9
9688
3
3
2921
4
3
6
1401
7635
16
18
5324
1077
5
4754
4
4
3
2
2412
3
6209
1
2811
3438
4
5
2
3
7588
3
5
4
6
6097
3
171
2
1
9372
1
8666
2
4
6903
7
2
3
2
7163
6
3
5
1
16
5
4978
24
3
0
9
1105
4
1
5
2
7658
3
4
3325
4
4
4
4
3
6
4
8090
1
14
5293
5
4
6
3
5695
10
2730
4
3071
4
7
4
0
9
2
2
4709
5968
1
6387
2
3
8
3913
2848
3
3860
3
7
1
13
6
3
55
9420
1
3
11
2
8874
0
4210
7977
55
4
0
21
1
10
10
53
34
6572
25
1
237
3
2
9765
7
3
911
1
23
5289
156
6
55
6
6
7219
3
3
8628
8
14
6927
2
5963
1
2210
1
3
5
8636
27
2
15
5
4
2
7
8362
7294
2
5
6
10
14
5
5
3
1
14
3
12
6
11
3
3488
4
9658
1855
3578
4
12
3
28
3659
6
8740
4615
8920
1
2
86
9153
1
7
3
4
7227
4
5
3
5
4
9
3
0
19
11
7
15
3
8273
7276
10
35
15
3
2911
3183
13
2
8904
18
14
4
2
6129
556
4244
3
4
3
3193
5273
4919
5
8
2
4
5574
5
6307
11
0
7913
3
4
5321
2213
5631
3
7
8026
753
5
15
1071
4656
706
4
3
3
2
7232
9255
20
5
4197
3
140
15
2
68
7374
1
1774
1
6
7630
3
9457
9416
3
2860
4
1858
2
6971
18
3
5527
10
59
29
2
4245
1
8
6
6
3
5654
8804
2
1
3
7335
0
2524
2
3
1
5529
3
5
2
4
9973
5
36
5085
162
11
1
18
8797
2
13
6
10003
3
3
46
2947
3
18
6
8091
5
36
5
4035
1
1
3
5671
35
9742
4
12
6
65
4
5
4
3
8710
6
1
5
18
1490
1
6
3
583
1
3
1200
2
3
6360
5957
78
37
5911
9269
10
9
3
5
8638
6760
4
6889
6
4
3
1
5
1
549
8721
7
4
5096
4
3
2
1
6
3
21
5
17
4
3864
4274
3
4132
5
4
4639
9
7864
3
2
4712
19
4
1
4
3
39
3
4
3
4
2
1
1627
4
4136
4
5
186
3
4
16
7
3
4653
6
6
4
3
3
7
1684
38
5920
3
9420
1
7963
4
1232
16
4
6
4928
5
17
1
5
3
13
6
40
5
5
5083
14
7443
5
9209
6
1230
4
2
2
5024
48
2
13
4207
5
2698
55
0
1976
1
5
24
4
41
3
5
1
1632
4857
4
6
7046
2295
5155
8
2
3375
7591
3
49
3700
8159
6888
1
8783
2
5
5823
3
4
4630
8456
24
1
18
4
2985
4
2
2
1834
3
3
4
1643
23
805
3
0
6
4
4
7045
1
4748
6
5
7448
14
4
8
1
5094
3
13
58
4
6724
3
9806
5
2909
5
20
2
3
9
10
14
9
8825
15
33
13
13
3924
1
11
7
7997
38
10
4737
47
3212
3070
2
3
10
4
3
2
12
3
1
9320
8446
9
3
5
12
8167
3
3
1171
3
57
8
7
2
3
6233
1
6
6822
5
9894
4746
2
5225
5325
5
3
1895
30
1
8758
13
620
5
4
2080
4
3
20
5
3
17
4
8738
5
5814
8296
4
3
6
2
6
8
16
3
6
5
3
3707
3
1
5
6025
3
7
7278
4
9253
11
5
4
2
2
7
5
2
11
6089
3
110
4
5
4
11
7030
3975
5126
9
4
7
1
20
4
4
14
4
3
7377
2
4
8071
3
10
3524
1
3
1
8775
12
43
2
5050
7563
10
10
9848
8253
1
3797
4
2
10
4830
16
2357
4
6376
3
13
13
2
16
3
8
8214
1
3
9082
8636
34
9
5363
2
31
1
9354
18
3
9098
4022
4
8072
13
9147
4
8
0
6
9299
1343
1
1
1
3
19
0
1
6801
3
51
16
13
4
6531
8060
15
8029
8432
3
4527
261
1734
22
3242
5
6918
2
12
18
1
4
3432
4
7
11
2
2
7283
11
557
6220
3
3
5100
6005
3
23
48
0
4
15
3
6313
2
3
3
25
4
4
653
4618
6
8595
9796
78
3
6
33
17
4
3676
17
14
2
19
7830
18
4
4
5564
6
5
0
5
4
6
3
10043
2
6673
16
4
7
6
15
4
3
16
8
3
3
4
12
2
3
8
4
30
3
2
29
12
5202
4
7794
7774
1
4
170
4737
7
7654
6
2
4
4
4
3
4
3
9404
6014
18
3
0
5
4
4
79
3
2461
2063
9707
3
6260
6
43
3
9
27
3
2
8671
4
7
1
3318
3
2
5445
3
9044
4
4
2
5
3592
2459
3
7
3
1
6008
8002
4
3
9
8187
4
4
37
3
4925
2
5
9124
3
4
6
3
6
3
1
6350
3
5462
6
4
9824
3
2
3
16
4
1750
3499
51
3
13
17
4
5
2
4
5
3
9734
2114
3
5
3
2
1
36
20
6519
1
2
11
90
4
1
7515
3
8202
2289
18
2
10
4
13
3
7166
3
5937
6035
1
0
5
1
8
5
2
7324
1
4005
15
3
5518
2
8532
6183
1
2880
7
11
2
3449
4
5
1
3035
5938
16
6014
2
14
9235
9
7820
3
7
1821
2783
5
3606
1
0
2
4
6555
22
18
3
2
2
3
48
4
30
5
3
47
3242
12
97
1931
48
3
8982
5
6
3
5071
4
2
4
2
7
5816
635
4
3317
55
3
29
12
7
2633
5
12
4
11
2
1210
7037
5299
7
9369
2
21
8041
8959
5
9231
5
6142
3
18
1579
5654
45
19
4238
3
1
9434
2
5
57
5693
9351
2
3
6473
1
5
1
7018
6
1
8923
1
5297
5462
7866
7
4735
5553
1
2
2
2
7
75
13
2
2
4
7533
2
4
8323
33
3
2
3749
1
3
2
9283
5
6
16
7912
3
5
4
3996
8
6014
3
4885
2
3100
18
17
3746
1
1
4554
7101
3
2
2
8
3400
3
2
4
24
4
9412
3
10025
3
9260
4
1
1
1
14
1
4
4
5
4
6003
4
12
2629
2
8757
5
4
4986
12
8255
4
50
4
1
3
14
3176
6492
3
5
23
4734
0
5
8654
77
1707
4
47
3
1529
16
3
4
4
54
5605
1
8619
1242
2
5328
1
3
8867
8509
3
6111
4
5804
2
115
3
3063
4046
4
2
2
8064
5560
5
28
2978
1389
12
4
8153
4
4
6958
6
10
4
38
23
5909
4752
51
4
5
1
8448
4
5
5
14
2
5288
12
5
9811
17
7
6
1
7268
3
1
4601
14
4
12
4
28
4
31
62
5272
12
3
6149
5
3798
7174
6
4576
15
10
20
65
2
2
5
6298
8
15
1929
3
5
13
5838
16
8
18
97
49
4
3
9
945
5
4354
36
6
4496
4
6239
3
11
4452
12
2
2
6765
10079
5803
1
19
8343
11
1
5
2
5274
2312
2
7902
5
4
4
5
384
1
5
15
10
2
4
3
3
4157
15
2678
4
16
7
4
8330
76
1
6638
6
4
3
8126
7870
17
24
27
4
4
8218
5
3
3655
1
9742
836
6
9697
4540
3
138
4815
12
6254
8216
8445
79
2
19
4
4
3528
7
4
8953
3
3
4
1
7
5
145
3
2
4
3
5
5
6474
3
4977
5
7788
4
8516
3
2
9684
2
3674
4
2
1088
3
8942
1
3275
3
13
9141
5359
4
6916
6
3
10028
696
495
8833
3
32
4
6723
7
4
44
4
3
3
6507
5
3586
2
6
11
33
13
2396
5
5
171
3
4
9493
1
2
2
2440
5
8895
2
5442
12
5400
1
5
5295
4
7
10056
22
7826
18
17
5224
4
9100
4
3
4
2
2
40
4736
1
0
304
3550
9288
6
3
6
3
6050
6700
4
4
2
5217
6309
4
4306
7
4103
20
6130
8395
5
8457
25
2740
3
3982
13
1
6278
2
9638
0
6
4
3273
10
4
1
8109
4
0
6543
3
3
7
220
8823
1
9900
30
224
7712
5341
30
2972
5
1
4
5
9
3561
1
3
7417
4
4
4
83
2
5
9
1
2
3730
1
6
8
3325
3
9
3
11
11
1
5
1
9065
26
2
3
5
5671
283
6656
7969
3
2818
2
2510
1
3
2
19
10
20
68
14
4613
59
1
2
59
5101
25
3
19
10104
10
3
4
3
7990
3
4
2893
1
5
4
2
2861
4728
15
7
3
43
3
594
2
7147
0
3
7074
3
5
8318
1
5359
4
15
3
10
6729
1
1
2
3
4
7304
4
4
64
2
3
6369
5
5228
4
1
8461
5
3864
3
1
3
3
5070
10
7998
2
24
6
11
6174
5
5
4639
7
1
3
0
5
7513
7148
7603
9749
3241
0
0
375
6295
5684
4
9283
4
3399
12
8322
8149
7
1
15
4
5
5
3
47
506
14
2004
3
6682
26
4
3
2
3
3
5651
4
1
4
1
3
1
3
5768
1
2
9
8
7460
3
5101
4
6323
6803
9
6930
3
5
2
3
2
9459
3
3
8872
1055
4
4
2
4
0
2
13
9385
8
4196
4
4332
11
141
15
2
14
4
6741
13
3
5
1794
1
53
3532
1
5
4
4
515
5
3597
3214
4
2
2
4
9044
2
2
61
13
4
7491
2
1
6811
11
17
5481
10115
16
7
5
4
4
19
2
3
4
3565
5421
2
48
5
4
4
5
3
14
7629
3
1
8
2
0
54
1
4
16
4053
4
2
7870
2
1502
18
144
5590
3
11
4
3400
10
7
4
4741
16
3658
3
2
6046
9292
12
4561
1
1
62
8182
14
847
1
17
4
3
954
3
23
5566
4429
5
1
9
4
6542
5
3640
9
2
5
0
3229
5
5695
3993
7947
2078
16
3
131
9360
6
11
3
18
1
36
10
7906
13
6871
8773
1
4
3842
4
3928
6396
4
3
5243
7192
1
37
7
2
7201
2
5842
4
1
3150
1
5
2
3836
39
14
41
15
1
8087
0
4
17
3
6698
2
3
1789
429
2
3
1
5
4
0
11
1244
