1
4
5799
4430
6
19
4
8749
3
4899
1133
2
4
10
12
7953
5
7009
3
2
2
1
3
6
3
134
15
0
5
4
4
1557
5
2
4
4
4238
7888
36
4
4956
4
8708
2
7409
6
13
8
1
4069
5
3
17
6805
15
22
4641
6522
2
0
60
7148
2
8797
7450
0
2
1
7
5633
4
8198
75
5
8836
24
4
20
7775
2
1409
2
8988
5
15
64
7483
3
5
26
5
2608
6059
5
11
99
7857
5
8119
6043
1072
1
2
3119
5123
5
20
0
6
6120
5
217
1886
6
8
8548
2
10
15
3
13
4
4
3538
5
2700
1
6
3354
2
5894
2
3
3
19
3
8843
28
5146
8323
5
16
3
3
1
3701
4
4341
2
3
7672
3
5
5
8645
4
8282
2
17
4805
5
2
6029
2
4
8882
25
3
5
1
2893
2504
16
17
3
1
1209
6125
0
2
5
4
998
27
30
5
9009
3
2535
5
3
3
18
63
1
4009
3
2
221
2
6850
46
0
22
1
4958
5
736
5
1012
6
3153
3
2
3
6019
3
11
2
10
4476
7
4196
4
0
3
3384
5
591
3
3901
28
1
11
11
3659
19
2
5181
4
18
5073
2
6
5
81
5
4
8
4
4
5
4
17
1
6647
15
1
4
8836
6
3
1
1
12
3848
4
1
9039
4
54
6675
8803
6
568
2
4
2
5222
3339
9
8738
2
3
8
1373
7612
2
9
5
8131
3619
2
2
2716
2
8433
2
23
7299
2602
88
3
3030
3
4
7746
1
6902
4
2
8684
4
4
9012
4
2
4
7773
11
5
2
12
8768
5
3
5926
3
3
5
6
4
1
4
6
3371
8997
3
0
18
6557
112
10
5
5
4
17
4
6
7562
13
4
2
6032
15
3048
3
4
5
7083
8964
21
3747
8735
1
4
4170
4
5424
2308
2008
6716
13
11
10
4
6705
6311
2
2
451
1504
377
6
3
1
4
100
6
4693
6007
17
1
5
3
5880
5
2
2
3
0
3
6
3113
4
8621
6684
1133
3
2466
4
6508
61
5
4
1
1
6144
8543
3
27
2
4
4
4
0
3916
3745
19
568
50
8839
1
6730
2
2
4134
5
3
32
9005
6110
3
3
13
13
3
2
5
10
4082
7
3
7797
26
8458
1614
1
12
10
4
1
27
22
7720
3337
15
4981
14
10
4
846
5
6636
2599
4
3
87
13
27
4
5
4
2
3
1
2
3
3
9
51
5
3
13
45
16
8555
16
8717
55
1
41
9
30
11
5
4
5
2
530
2
5
6
2
6784
14
22
6758
2
9
3
21
3
3
66
7032
266
7368
1
1436
6690
3
9
3
258
4
3
2934
2
4491
27
4
4
3563
12
29
2
1
2
5539
16
20
2896
5
14
2
5416
10
3260
16
90
3
3
277
3145
5
1
7762
7699
2
3
7484
3
1955
3
48
6852
1437
1
3
8056
3
1
8494
16
7066
1
5606
17
7127
2
8169
5
4888
7259
2689
8827
2996
5
3
12
21
3
49
15
3
10
9
8723
7423
116
5
3573
7225
5484
17
3
2
2791
4706
4
2556
3
2
15
5
285
4
17
6955
8198
4
4
4
2
52
13
2
0
6732
3
5227
5335
3
2656
24
16
3077
18
7
3338
3
4
5
9
3
3
5226
3
1976
9
6516
5
5
3
3
13
12
10
68
2
8
5
0
8830
23
11
3
4
2
4576
4
4
2
6
8440
30
4
5891
13
34
2
7977
5
2869
167
598
2
5
8318
4
6
25
6
6443
1
5
2
76
37
4448
5852
4
3663
7461
1
4770
12
7
5
6
3669
15
4287
3
4
3425
4
2
2512
2841
4398
2315
5
6
8941
8807
5
1698
1
3
4489
8726
3
6110
8929
1
3
5531
16
5654
5
13
2
119
7131
5
499
4
2
2
6785
2
15
11
5
12
3
600
112
1102
0
5
30
3
9
4
8998
2
24
3
2374
4
10
6
3
7
4
3
2682
3
2
4915
1
4117
4
2722
10
1
155
4
2
3
6876
4
4
2
4
3499
6
4
7
10
5539
72
13
10
2
8103
6
4
0
2
3
3
3
8067
3
4
5
3251
2
5
4
16
21
3542
3
4
36
2639
4
18
5085
5989
13
1
2493
5
2397
12
1
5472
5058
5
28
3141
8586
5
2252
2
12
1
4
6
55
4
44
4
32
6852
1752
7121
9065
16
5
9117
2
1103
4
6267
2223
6
18
5387
5262
6999
3
5
6
12
17
1
31
7841
4
1873
1
5201
1
1
6
2369
2
3
4
6325
4508
3
6728
16
3
7562
3
4264
2
4933
2
678
8745
1
2743
2
3
1
7910
1
13
7507
3
20
49
3578
3
7
4
3
4585
3
2
61
4
7976
11
8726
7
2616
5766
0
4862
4364
21
10
2
6970
5
2
8832
4
5365
5
3
7088
5140
4
2
1
1
4
3925
3
2714
8799
340
3381
5
1
69
11
4
10
3
2
15
5109
1
6456
3581
2
3
8851
2
6773
17
12
8872
2
7504
6
7109
16
1
3
2
2
2
4
5674
4094
6283
4721
2
0
874
3
3
2
4
2733
13
3
2
63
184
19
17
0
3
28
8572
1
17
8778
1
30
1
8368
7544
4
5
13
10
7200
9
8
3
5
4
4
3
3
11
1
3307
3565
2
5085
8482
3010
5
2
5
5
5507
4
3
6
5
1
4
2667
8
5588
7433
10
0
4
3238
5008
6
2
5
2
3859
5
3295
10
2
6
1
3
2
4
4
2650
4
7852
2
2823
4
3
5
7311
177
3
62
3
8479
4
5557
2
3387
6
6
5
4
5227
4
309
2
3184
188
2
2
1
3
2699
10
6
5
3
4
3
5
5
10
1
1
6636
2
14
8873
5
3
6
2116
4
5
0
8352
3
8
6
17
3085
3
8929
10
7862
7962
5
8
12
3
4
3
8022
34
12
1949
4
10
779
1
2981
6779
1
3
6594
3
4252
4
2
8042
6
2875
4
2
8004
7663
0
1
2
22
21
4
2130
2
3263
2
2481
3
10
5
2493
3
3663
11
3
4737
5
1
1
3
6177
54
6
7489
10
6
5
6
5
2
5
6
1
20
3
8407
28
7947
4342
2
4756
4
3811
10
5983
1
7209
0
2
2
5860
4768
3
12
3
4
3
1
21
3
8369
2
8528
23
2606
24
2
2005
882
8484
15
5
2
3
11
2696
5339
8443
9013
4
1
8837
9007
4036
3
8277
3570
117
1575
2
4
0
2441
8004
287
1
1
3
5
8
297
7631
11
33
4302
5
14
3
6
3716
5
3990
2985
4
9078
6
3
6200
3
8387
3009
7
3
33
1
4
380
1
6279
4
18
3
1
1
8966
19
3
4
2
4
5713
3
5
6
7063
16
4720
2
5
3
4
1
3
4
5
1
4992
3
3
6412
19
3
2
8
5
4
3616
6
2979
2
1
4
5785
3
6794
6384
3
1
4064
57
6022
2771
5
1
7
8137
18
1
2
25
5531
7157
3
0
5
2
6963
6
2
52
3
5999
3
0
5196
7741
2951
1
2
16
26
17
7
3
7365
0
3
2313
8576
6
7484
3
6
3153
5
3
6876
13
3
1
2
8698
2
1
3026
4
2
6477
7607
8507
5
8806
8
4
5
8447
3
996
3
5
1
24
2
7
5
4
13
18
6
6
9
14
3
2
3
3792
4
20
5
3
6
1911
102
7836
8
2106
7088
14
10
7
6982
12
1474
4161
6991
8979
2
1
1
1
4
13
5
7864
2179
12
5
6001
1
1
5592
33
1
6173
3735
3
12
3
13
5973
7861
0
33
5
3
4
6729
52
3
6331
3
554
3
95
8
3
4
37
7815
2
5735
2
1
6
7
6
103
2
10
5
2
8789
13
15
8
0
0
8696
4
4
217
4
3341
11
4
2
2
7699
6
5327
5
8790
9
3
4
8177
8416
3
1523
3163
13
20
2612
19
1
12
5
6570
6
2
0
82
5
4
869
5
9
828
3
7889
3
68
25
6160
1
4
6
8093
1651
8672
4
5
3
113
4672
5
6546
4737
2
3
2
8364
16
3
9
3277
212
2
7615
451
8
3
12
7986
23
8459
0
5
2
2
317
5339
3
7913
8
4
4218
8475
1
3
6258
10
1
3375
5
15
8800
2150
12
7583
4153
4
10
4
2
5351
1
4767
7569
3
5779
1
3
2
6
4
3
2910
3
2541
6
4034
11
6405
21
1
12
2
3
2
1510
4
8
11
6
4
21
4
184
56
6523
4
11
5854
3
41
4190
1
5
4
12
4
4186
4
2
3564
5
3520
4
8303
1
4
5
7246
4
3723
704
2
6820
6296
4579
7745
9153
4
3
2838
8282
4557
8
30
1
4571
3
1
1
8777
4577
5
10
4083
5476
14
3851
2
1
3
6787
3
6460
13
3329
5
5839
5716
10
5843
3
8959
8771
8676
4
5
635
2771
13
2626
13
3
4
5
3
31
5
1
8879
2
6
2
1320
3
2897
6474
4
1
6
6876
4
8943
3
2
5485
5
28
11
8445
6219
4
5016
21
2
15
4
4
7793
2
7317
4
5
15
176
7285
6
8921
5
4229
3
1
6
5
5
9007
1
9183
4
3
1
9000
60
14
5
5
2
2
4
5615
4
7866
267
5
27
1
5
8038
5
4
3
4293
3689
6934
1
922
6
4
4
1131
9057
8483
3442
14
80
5
2
8852
18
7229
6787
9
9115
3672
1
4
3492
63
4
21
2
1854
4
19
4127
2
4155
7022
12
5
6
2107
9
7
6
3
2724
1111
2340
4
3
1
8505
5
7336
17
35
3725
2
14
2
9
308
10
27
7
4638
4327
2
1
4
1
9
6575
10
3
9
5191
7463
3
6960
12
5679
1081
4
4
8053
2
39
6
6852
3
2
7
2
10
8
7451
6
3
2
10
7532
3
1
48
5
5
3
20
4109
3
3779
1
2348
5076
3
3
2
4
7273
2
6
5810
5112
69
5961
7
2
4740
19
11
10
10
8257
7365
1
6829
34
14
2
1657
3
2
20
2
8504
4
4
5982
9
65
5
4
5
1
333
1
2
6644
18
3
5
7284
195
836
3
8738
3
3
32
3
6
3328
4
3
12
7
1
5
4101
4
7044
4
11
4
4
1
6
8414
5174
4
6134
6
3
15
5
3
13
1751
3
1
4
7
5343
4
18
2
6
6
43
2
3
0
3523
6
5
10
7213
5
32
3
4
3
3
2493
15
9
6
2
21
4905
3
5507
8
8733
21
3973
2071
3
2
6767
10
5
5392
3
4
4
3
4
5
5
4
4
35
4
3528
4
2
5
2
1
4569
1
1
1
4
1
5
5181
24
11
1
6
4
2
3
7913
56
32
13
4075
6989
5
1
1
5
4015
1
3
46
1
4546
6
1
1
14
17
9214
10
17
4
757
8
3
6
8606
3
4
6
9
1
8905
1
3
2
82
91
3
3
3395
2
109
3
4
7112
13
2
1
5575
3
2627
7971
3
5139
5
5905
3
17
6
3
5
9100
19
1
83
5030
3
6006
26
3
953
7109
1926
3903
3
18
3
3
4
1
15
8243
5
7735
1
7635
7372
3
3
1
160
3
4
2
5225
5496
4
28
4
131
9146
5
37
2
5
13
345
11
2
21
8
1
7197
6
3
7408
3
9
8828
3
3
3183
9
5
6085
5
4
4
4
4
2723
6
7
1
1
4945
3
5
3
3
1373
35
8837
9
3
2
2
3
5951
14
9000
6
9099
6399
38
3
3
5
15
9
7
16
3758
2
4
2
4
3306
2
20
3
2245
231
4793
3
14
6
3
1
6
4828
2
4
3
4192
1
3737
111
3
1
1
7769
4961
3
3
2
7493
3
21
5244
3
2
45
7
16
2
3
5
4
3425
1
8718
6579
4
4
4045
4
4850
4
8797
17
7810
23
697
3
2
6
1
7330
3
3197
26
16
5
3
5
6027
4
7021
5
7
4
3
2
20
4
43
0
87
3
9159
8495
1
1
6199
6
4
3
3
11
11
14
11
22
1
26
7
2
8474
3
533
5
1147
4
5675
8643
85
2
4
8228
2
26
4279
4
5
5
3
3293
10
3492
9
2
14
39
3
5
12
17
14
3417
9
4
18
6036
5
5
17
1
1
1
7572
5010
7
133
3
2116
109
3
2
8371
15
3
4932
23
4
5
8795
3493
3
6
55
9
43
6
5032
6833
1
4
5
8517
5662
11
13
4
5
35
3
4
9
5
14
3
4
47
30
4920
12
3
7
2
3
4
7250
4121
2
2530
1
1
6567
6155
6633
4
3
21
3
13
4
2
8
8870
3
7419
2
8902
19
3521
1
3739
1
8
8860
18
6
2
6980
9
12
5
8632
2
19
189
6601
17
6
5090
3
5
10
0
3766
5
2
4
11
5938
8371
6
2414
15
0
10
20
4
5592
5
5
5
4
3778
5
3
2
1
2
5688
5
6
4
4
31
7
1
2618
11
45
3978
3
5
18
19
16
3670
73
2780
2
5
1
2
6179
14
15
5
3
8770
1
5528
5
4
3
2
5
18
3570
3
6064
3
1265
43
12
62
1350
2
4
31
5
3658
4
7
3
4598
8
4
10
12
3
4
9039
8703
1
7
6767
8
42
32
3472
1
5
10
3
1
6035
82
4
20
3689
3
3
8760
7809
11
2
10
5
42
5518
6
19
19
17
4
14
12
8754
1
5
4
4507
11
9
2
2
4155
3
3
3546
3
5
9
3
4342
4
7178
5
5237
42
23
8914
13
3
18
5
3
8861
0
1
8048
2
16
3
25
6691
12
3
2733
1
1
4188
5539
5
4168
51
3188
6
4
6
123
2
2
8431
1779
4688
13
4073
4
21
8744
10
23
4946
5354
2
3
3
10
8737
6
13
8338
2857
16
6943
3
21
6488
12
2
20
5
5190
3
28
3
6
36
7516
15
47
7
5995
3399
3
5
8526
4
3245
2
3
8122
6665
6
1
14
5
3998
1
7175
5655
3507
10
4
323
11
8160
3
5512
3
3
4
5200
6
1
2
9
5
3
6
9
4
3
2
47
6
3
5
3
6849
7157
58
4
5
31
5937
1
10
4
2
5
858
18
21
5580
1355
2
4
3
6
4
3
4080
13
92
4076
3
4
3
6
17
3
5
94
1
4
5
1
5
4305
5
3
3108
1
5955
17
171
17
8
18
1
12
33
56
4
24
8808
4
7564
3
2814
1252
8159
3
2643
4
20
5
3
4
4674
5
5513
3
4
1
2
8040
4335
1
6388
3
8164
1
6702
7
20
6
8877
9
4
6070
1089
4
14
5
4
3
27
5445
7175
8413
18
2
5
10
8578
8929
4
8763
4
971
5366
31
7135
12
3
25
215
6
4512
4
4
15
1
15
1
21
2258
3
1
2612
4
5
3
18
1
6
3
4
4
5
3
5
5
1
2639
7741
3
5
13
5607
20
3
3
9
6
3
8329
5383
8
2
7241
3
3
3
6
1
64
6
6557
6406
7379
10
1
5
9
19
5
3
2
8875
1
4
13
3545
7
5
4
5
8911
9
15
8
4523
3
3
5
99
4
1
2
8129
1
3933
5889
8340
8751
2
2772
57
11
6
3
5
3851
6922
21
14
3525
1
4
2
2
1
5
1
4
10
4925
4
3042
5
4175
5278
1
23
6425
7712
10
5065
6867
3664
1
4
3
0
14
8
3457
5
5294
50
7412
6
5
62
8616
14
4
3
2
7
6282
4571
4741
8791
4
6371
138
13
5398
14
3921
6185
1
5282
6
6166
5729
6657
8223
3
5
8810
14
4
3
9101
1
3
3
4
5319
8811
4
6227
1264
3
83
12
3
5
4
4512
3
3
8425
7437
81
1
2
5567
5786
16
5
3
6116
3314
2370
3
0
3
2
1
4
4248
6
5
15
47
8
4969
5
3
6
8776
3
23
3
7
3
128
11
6
0
17
4627
3
2
10
5936
18
25
40
5
11
5625
19
3
3446
858
7
4
7847
12
13
15
1
1
4
17
3
4
6
3
7
4322
4
4
2680
3
2
4
12
8796
2
3
3
6434
5
3153
4
0
18
0
8
6
3
0
8
2
8478
1
5514
6
2
7
4
1
5
3
5
3
8472
2
46
2
4770
5147
2
9041
2
4
89
7317
5256
6
5717
8791
16
36
3106
4
1808
5
9168
4179
5
1096
22
4
5
6204
2
6393
2
4
4
5033
6
8
4
6904
5
5261
3190
20
12
8665
4
8
26
7544
15
3
6
1
4
6
17
8809
4
3
2494
4640
6
1
7653
3
0
3
5
4
3664
436
5609
3
9
8738
5
1
0
3680
5
4
3561
1
1
8012
12
2
2
29
3
3
2
8649
4
4
1
3
303
3314
3
7933
4995
11
4
3
3464
7881
3
10
2
8392
4
3
2
7952
4275
2
7005
2
3
1
6
3
1
22
21
5328
13
4
3384
6
3
6
7234
3
3
0
7
301
3
2660
4
2656
4
3
6561
13
8
3
61
9
2
17
3
2
6528
4
4797
0
17
5934
8892
2
2
0
6369
2
7891
18
7873
4
5
5
1303
5184
14
1
6
4
9135
76
7394
3
5
1
5094
14
2399
8275
17
65
6629
6
2
3
3
11
3
5969
3644
1
6
4540
214
8752
2
5
3
2
3
4
6792
3
3893
4
4505
15
5
2809
0
4
1752
6424
7164
3
5
6
33
2691
2914
3908
1
7739
4
9087
46
2
3057
9
14
9
1
3
7316
12
3
30
2876
5194
1
4022
3
15
4296
788
4173
7870
7847
6711
255
8738
3
3608
3
1
6241
0
21
3
9361
1
53
5
6
6782
5
36
6707
4
1657
17
8867
5
6
4809
2
15
8359
8068
3
13
42
0
1
6198
4
2
1
3
1
136
31
1
3
4
3
9
5749
9087
292
3446
2
8
6
64
8
3
5365
121
4
3
17
3
67
18
8286
3
8918
1414
6
27
17
5599
3
5233
5
4
5
19
1510
3
5
50
8598
3
7
4744
6
4
8
8
3
7998
0
21
6418
3
9388
3
8039
8890
14
4607
1
6222
3
17
8
5
4
5
8935
15
7847
5315
3
5
6
5997
8371
7655
31
157
3
7405
2
1
27
4653
4656
11
3
6536
4
4458
19
7
1752
10
6
2
6690
8
2
7345
87
12
21
1783
3
22
2927
3
8684
1
3
6295
15
3
2
778
5
3
18
1
3
68
4
3833
6389
1
2
7213
1499
9
19
4
3
15
19
3
4
4073
8654
4
2
5
1
1
3499
61
6817
3
2
3
6675
1
11
2
11
3204
8
2
4
7220
13
6557
5457
4944
8938
4
8877
5
6
5
2
3
7963
3837
2
7
1
3
7
6292
10
3
4164
3
3
2
3
2
8572
7718
6413
7
3
5716
90
2
8097
7257
3
3
2
108
4
2348
4
5
731
5
5
15
3
1
11
4
4
4
14
4
4
25
1
2
9377
9
7107
3
2
6174
3
35
5
5
1
4
6329
4
2
3
6579
5
10
6
7345
20
15
7
6246
8
18
7089
2
2
3194
2
7613
3
5
5
6
3
3656
3
5377
43
3
3
6030
1
5981
4
35
3758
5613
2
1
5071
5
6
5
1474
29
0
1
8757
6
5
2
2
3
4
8192
1
4
6
3
3
5
3
9
9
4
6464
7
12
782
5
2
4
3
8457
7
3
4
7733
4
13
6712
19
1285
9394
9271
8422
5
19
1
4137
3
5693
2
16
2
3597
6032
6179
6599
3
12
1
3
3
8964
2
13
4457
3051
4
5807
5
2
2
2978
32
20
4
6
5
1
3
4
4958
12
2
8167
4
2
5
3
8283
2393
2
479
2
5843
3
2
4
1
4262
46
6649
43
2
18
2
8878
0
4
4
6
7
7600
4
5
1
8822
4
61
1
7168
7
3
1
4
8521
7
3
3
3
22
3881
3
9126
6
5862
4
4
2
4061
3
5
1145
5
4
22
21
8217
19
3439
2
208
4
9
3
4
8166
19
1
4
8958
4
4
0
14
4
85
3443
3
33
25
5495
0
4
54
4
8
8718
6414
0
5476
6
1
0
26
3
4
3072
3
17
6555
6
3
4
3
7650
8
2
3
4562
5
3159
4
4
3
14
8884
5395
8847
4
7
59
31
35
6849
654
5
5013
5
3
6
8
6785
3
5
5592
2
3
8557
8679
2903
6
2
3781
1
0
1
5761
5
3
2625
3
2
1
11
5627
6
7102
4
6
3302
7266
5
5082
13
8089
5
3
3
10
5404
9
5
3
2876
1
6264
3
6
0
107
6
6059
14
8430
4
3
2
6350
4
7463
1476
3
5
8122
8519
15
10
2
20
3
2
9191
9
10
3231
4
7517
1
1332
2421
3
16
4433
1
598
2604
4
2
3
3761
6
3
3924
16
8726
4
3
279
8956
6836
8800
3
3
656
16
4521
3
3
1
136
3856
5
17
3
2
2652
4
0
3
1676
3288
10
4
2
4
4
2738
7288
3
6840
10
0
3913
24
6
1190
2
8
3130
1
8227
14
7958
7
3
21
8
3
6342
1
2
7
3
5242
4
0
6970
7645
1
2968
12
2
13
19
2
5
3
7341
60
5388
3
2104
2
2
8315
3
9394
8173
3
49
3
6984
4
8220
7966
5
4
6
8427
5572
2
7309
8354
5887
5320
10
6311
2
4
2
1
5
9300
5
1
1
11
1
6
1
8647
12
7
5193
1
5
2235
6379
3
7
3
4
4
85
1
1
10
3
52
0
3
7192
39
4
2
5018
7
5975
3
3
17
8867
3719
2
65
1
8
31
3
11
7841
2
2
33
2
4607
2348
3
3472
21
6904
14
7601
2
2
6
2453
1593
5
5306
1568
3602
4
5683
4184
2
8834
5
1830
5
7203
3
2
2
1
7
459
553
4
2
3
7175
12
43
4
4
41
5
7523
4
1
4109
9
147
6
4
28
2595
2
6
2
2
3239
16
19
5
2925
63
20
2
9144
2
0
11
22
4
4
3
3
6037
2
5278
3464
2
7
8874
8097
4
3
2
6
197
7739
3
6624
3
4
15
1
5
3
8
2
5992
28
4134
3869
2
3
7029
4
1761
6605
116
67
8974
4763
5
5738
2
7529
2
4
6
3
3251
6
4482
17
4
46
6399
4
3
20
3
2187
6
328
5900
0
4
5
14
50
6487
6
3
15
9354
2
3
10
3
137
4639
19
57
0
6659
2
37
4
4
6
5140
162
22
4
14
7570
0
3
9
4767
26
6
509
13
2605
4
3347
4
5
232
1
6
4483
7425
1
4
5
27
7033
16
2
30
3753
4
7901
3
7968
3
6715
3
6820
17
7875
4380
8103
3609
5360
2
15
22
13
35
5897
4
5
7
3
43
9
6
5
124
4862
5
2
4
36
6104
78
3
4
2
4
7100
65
2
0
3
3
2794
8327
80
4
18
2
6
1
0
6700
2
5
8000
3
7203
3963
66
4808
3
4
6185
1084
3
1
88
38
5
154
5138
3
8297
0
4
8579
6
3852
1777
5
1
6624
4
5
4
23
7
5
9206
153
1648
5
0
4
27
3
3
4
0
2
2
2964
6441
8
8507
10
10
3
13
1
0
3
8106
6213
4
3631
9
2
6
12
1443
11
4
9144
16
4
3
10
3
9068
5
3
7070
8563
2
9
1
4
5
2
8850
18
8345
2
74
6
5
18
26
3515
1
17
5
4
5798
7133
5
5
4
5809
8413
3022
4
1044
4
3
6431
3
5
2
3
4
10
10
3
4
4
12
14
6
6
18
8240
3465
4013
4
5722
6
3
9291
5
18
8589
2
3
5
3
6152
21
7057
1
5
1
14
27
13
14
4
7849
3060
19
3
6
5208
13
3
11
37
7
2
18
6
2
3
4
15
7
5
1
24
6925
1
8792
5
6
7
5
10
2733
3
10
5
5
12
3187
53
6893
7123
2377
5
19
341
9
1
4
7744
7
1
0
8800
19
34
111
7366
25
6956
1
5505
1
7442
16
0
7283
5461
5
119
9343
6
9
6031
5727
6
8088
4216
7861
77
2
16
1
8
4352
2
8671
3
5
2
6138
6375
1
9329
4089
6
3026
56
5
3530
4
7685
2
2
6841
4
5444
5
3
5
5
11
3
20
2
9348
2650
4824
5
125
493
4
5
425
4
17
6440
3475
2
1
4
2
18
8601
3
5
6
6520
6
3
1
6778
8871
4
3
4
41
11
3370
11
2
2
0
2862
3
6914
3
17
2
24
2
22
7814
3
4
4
4
4
8313
8849
25
5670
8
6210
8924
3
2
126
3
13
260
4137
0
3
7763
7162
4
14
8894
6191
7232
4
4
1
1
4523
10
8089
1
45
8561
6032
3566
7679
10
1424
5
8469
1
2
5652
6
141
5
6
9
3
5
19
17
2
8
24
5
13
9171
5
1
6496
22
4
873
2
3
9364
4
1
6
3854
2755
6224
6291
11
2843
45
2161
1563
11
3
7059
16
2
10
8754
5
7
4
9
1
3
6367
5
7316
7674
49
1
5
10
7818
3
5
4
5
4
6
2
4491
31
4821
7256
1
6376
5336
5
29
3169
65
3204
4
11
6
5292
12
14
4
4
2
9012
3
5171
6000
9
144
2899
10
8827
6234
6100
10
8879
1
7769
6
5
3
5
6115
15
7359
8
3
3
8397
4
958
3198
5207
3
43
12
4
20
8
10
1
8321
3
38
140
4633
2
46
7217
6
5
5
4591
4
8105
5
6
6
7645
5
7211
162
5674
736
4202
3
6
402
9
19
5
21
4
3238
8
3090
13
2
3270
4
7654
13
3
5
4
12
2
4
9360
15
1
4
8643
8135
28
3
12
5208
7
9
67
11
8548
18
7973
3
3
1504
6977
3
7363
8
9
8073
6623
26
1
3890
27
4
2
3240
3
3694
8481
3
1
6
14
16
16
2
4597
2
3604
17
451
5
8199
4
6601
5
2995
3883
5964
162
47
8036
1
6425
7891
11
11
21
3812
7610
4
4123
6216
2
6
1
4274
14
1
20
3
5
4
1
1207
6
4352
27
29
1
7594
3064
2
3
7316
2
8849
2
6
16
15
55
4
5831
3
1
2
694
2488
5
3
3
7431
7
8538
6
4
8620
7183
8
5894
14
3070
3
0
8
8239
5470
18
8524
3
5
1213
6472
27
2
2818
11
14
1
3778
8226
7
1
8301
21
2
18
25
2
8591
1
2
26
5
2
3
3
19
7
2
5
4
20
4
4
5
2241
15
44
4
1
3
4824
8297
9
3
2
108
3
10
6555
4
7820
7865
4
21
3
14
2
5
3646
3
1
8
9
2
4
3
6800
5
5933
3
7491
1
6781
1
7
3
15
9
2
4
2
16
6
50
5
2679
3
3
3
4
4248
4
86
2
1
7
2
1
1
8346
21
39
20
15
3168
3
3
4
0
16
3
316
37
3096
15
9560
3
2
4
12
3815
1
1
1
6
8434
1258
8874
3
15
20
3814
6915
3881
432
3
6660
2
1368
5
835
9179
5
6479
3
3
5
2
2
14
11
2795
7
4897
8009
2
21
3
104
6483
6135
3
3
8836
10
3527
285
2559
2
4
9562
14
9
4023
2
6523
41
15
9401
2598
19
8039
0
20
3
6
17
1320
2
10
2
86
7
3593
4
5
1
0
7988
1209
8286
11
1
2
15
3
2
5
9329
98
4
4
3
2
6
19
6450
2303
5
12
1
5789
6
1347
1
2643
3659
35
3
4201
4
2
5
2
18
6015
1
6
12
42
8719
6
2947
3
3
6
5863
34
2
3
16
1
8909
31
19
2
7263
8
3643
0
2
6261
3
3
47
2
5
5893
4
22
7648
5
11
7
1
6
2
5236
5
3
0
27
4
4
10
16
25
6803
1
5
4494
6
12
3568
2
14
2
4
3
2
1
21
10
1
5068
9463
1
19
3
3
3
3
3
7477
24
2
2
4
3012
8575
20
15
58
18
7
0
5598
3
3
4
3112
6094
883
7
5779
9210
10
12
9340
3
1
0
3594
4
4
1240
23
6157
3
7324
3
6510
6
14
3
2868
11
7581
2
7819
3
5
0
9
2
3
4
16
2
1
6
119
1
3
1114
2
3
5977
6059
4264
6767
17
0
2022
12
5
11
6997
280
5
4
15
3
3
0
6
2392
3
6414
4
2
2
62
8566
8
6
77
8028
3
1
7492
8510
3
3
50
3
6
4645
3
6491
5499
1
8471
6
4
5826
3
0
8875
7033
3
3
2
6
8602
5
8
7854
3
3
2900
3
14
2
0
654
2
6
8215
3
2558
80
5
14
62
2
3
90
32
8506
20
5
6
4
3356
1
1
24
18
3
4
3379
3025
4
16
7989
8248
19
4
11
4001
2
6
14
2
1211
2
15
4
9
6010
5
4
14
2
21
6
2011
4982
11
2
48
5
4170
6926
5
3
7
2
5175
4644
4
8539
3
179
542
2
4668
4
5
1
2
3871
8110
5
2
1
15
2
8608
4
13
7880
13
3120
6
17
4
1
2
5724
5
15
8469
4
2
2
7030
4
5059
1
3
3
12
7
1382
3
6771
8154
391
3
13
3588
6328
8663
7
5
6
3
1817
22
284
0
4
4
24
6405
57
4
3
5305
0
2713
8
2
4565
8836
39
4969
2
3
7456
4726
3040
3
5
4
2
1
117
5
1
4
5
3
4838
4
6
2
19
3
7755
1766
6
3
7846
4
25
8316
2
3
3058
2
14
3
4
2
1
4
3817
4951
11
6
7998
54
1
48
2
11
5812
24
6
7235
7811
2
4
8790
64
49
9464
4
2
3
1305
2
4
13
3
4
4
3861
2
6814
8582
4
31
14
5
23
5
1
8269
1365
5
10
7158
22
17
7204
23
75
20
6
2
6
8876
23
1653
48
24
5
9012
15
6
6
20
6
6
2
9
36
2
2
15
2
10
634
3
17
43
22
7974
1830
3
14
2
5
3
10
4
3
2
5702
4
8829
135
5
1755
1
0
3
3
19
3251
2
7
2
5
4
98
6896
2
3
55
5
3
8105
381
2657
1
9
4
1
2
5176
5518
17
7
3
9441
1
3
14
1808
6
5113
4
6359
3501
3
6934
10
5
5
7
6440
14
2
5
5
49
88
9349
58
8623
4
5388
4
6149
11
10
3
11
3188
92
8
4
38
3423
4
6
8535
3
10
2
7
2
2724
15
2
1
8950
2
3006
0
3
6
5698
2
3
8
1
3
3
2
3504
3878
3
5
6
3
3534
3
16
7091
5
0
7
20
10
7586
4
5487
9
7580
9058
4
176
5
6144
2
4
4
2
4
3
8157
3
6
4156
3
5
2159
3
1
2
20
4483
7
1
15
4
8471
8587
4
7299
1
6164
8007
4846
5
5
4
6030
3
4
463
13
11
25
4001
2
3
16
3
6
5334
4
26
2
446
4
4
6
2
9395
47
8620
35
9413
10
3
5
106
3
7
6
2
2
8322
216
2805
24
3
5
51
5
39
1
13
3
7715
7925
28
3
3
7778
2
4
6530
8
7
3
6973
8238
5
9
13
5
5
4
2
3620
4
4256
6
13
39
955
4
7307
8
8864
2
12
3
5071
4181
4781
6
15
4
8
634
9
7493
4
3
2
5
2
2
14
3
5
18
33
5
5
11
50
52
6270
14
3
6
5758
3697
38
1140
623
6
2
23
6
6
4
8159
4
20
1076
7918
6
11
5
5865
5
4
18
2698
2
8046
11
8615
3
38
8
6
4
8272
5
5
6661
10
4344
4546
5394
3766
2
4
22
4
16
6
5833
4
8535
4
8222
4
11
5298
3
3
7
1
4463
17
38
4
4
3
8991
7856
28
8223
1
12
2
9307
2
8890
5
5
1
9446
2
8824
23
1
9022
4
6927
6814
9
4
6
4072
9
5950
5
2904
3
367
24
2
4
2
10
9503
33
9
2
3
7
5
14
5539
5
3
3
9343
7340
3
4
3
7316
11
3679
1742
4
3775
4844
2
3
9196
15
3
61
1
4
2
7
2
10
2
2
6
8654
8058
9186
4
7437
4
56
1
23
3742
0
7880
19
271
6455
6
61
5
5999
6209
8
3421
2
4
5728
6
2
10
568
7255
4451
3
3
7627
8326
24
18
7873
3429
11
2
4
3
4
3763
4
1
8313
3
23
3
16
8
11
3
4159
2
1
5
17
6
4
6
6
1334
4
3
3
79
7
2
9
3
9471
3
218
7249
3
2401
9181
9
2
5366
2
16
3442
2
5754
8445
3
4409
7
9001
4
3
9400
0
220
4
0
3715
3
8773
6432
8
2
10
6589
6
9270
13
17
2
6945
2
6
3
5237
9074
4576
2793
2
46
2723
6157
3
3
2
11
5676
6
8003
5
2086
10
8340
3
5694
6
6168
30
7285
5
6841
0
4
5142
4445
5
1
4
3639
8877
0
4554
15
9129
1
8705
3
3
12
5339
2560
2
4161
1
4
3
19
16
3669
3
22
5
6277
27
4
1
6738
2994
8194
1
15
9085
3
8831
2
9422
135
3
4
11
5916
3
37
6494
5
7053
5
1
3
5
7326
3
8716
28
9432
11
2
52
7
4
6
152
1
4
15
6970
4
6210
2
5
1
2185
6
5971
4
5606
4
6842
4
19
11
18
6
6432
1
8257
3
9
8235
6676
3326
1
16
9
6969
8
8286
4
4
4969
4
12
9
14
3
10
2603
5
6589
4
4834
0
7343
2
16
4739
8744
4944
117
5
4
1
4
7071
13
4
46
9642
1
3
5
8500
1756
2
6929
3
5
8303
1324
4
6892
1
1
5
7
1
5
7
4
6293
3
4185
7332
13
4
3
22
5379
4
18
4
17
6672
5
5588
12
8560
7441
10
6759
1
1
4996
3
13
1
9129
114
28
5562
9589
3
3
4
1
2
7297
4135
8
187
8523
6
8910
4
6
63
1
5
4
1
5
8364
7
13
19
6
3
7660
3
8516
9677
4
5
8456
3
1899
1
7227
8
3879
5
22
14
13
5
3
7008
2004
15
1432
3
3
8
55
11
5661
2740
2
4
4
8632
6
17
3
9
9511
5380
7652
138
4
4
130
2
6662
6531
7
3918
4
4
1
8902
5
7088
4
4
6963
8273
7
4
3
3
3
2
1
2690
4
5
8
6
3484
4335
15
3
2
4
6
8957
7696
2491
9008
5
5
1570
13
4
4
8950
5
0
1
4321
0
2
1
0
34
4663
3
7397
1
6
11
18
4701
2
12
23
5
7486
3
5
3
4
2737
9
6303
2
5
5
4952
13
8233
5
3083
5
7803
4137
2
3
3
2
6234
3
2
2
71
3
4
1
5
6655
8097
5
14
9216
0
4
6
4
3
208
3625
5
8854
2165
2
91
3
5
10
2
3374
5
5
16
8404
847
4
6
0
3
5
5
3
6
24
3
15
5
52
5000
4
15
20
6983
8146
2
2
1
10
5
5
5
9644
2
1
9505
5
1
3
3275
3
3582
10
1068
7893
3
4
8237
25
4
1
3
9540
3
9116
4
1
4216
8532
7934
4231
4
2
4
3
3298
5540
1
7441
5
20
3
4
13
1
90
7
4677
3
11
8
1
7
3888
3872
4439
4231
1
53
0
7324
4
9024
1404
1
10
3
3
6706
3
3
3
6
22
31
4
3
2
18
5
16
10
9039
8
4
5
12
3174
9
3
37
3163
3924
3
6448
1
1
9572
1
19
5
3
5519
8950
6
1
5917
12
52
3
4632
6168
1
4
4029
25
162
5753
6441
2
5
2
8713
6
4762
24
8470
1746
9161
2
11
5
5
16
6
132
2
1437
6
5197
13
2
3
5
5036
8
2
8006
3
4670
0
7
3
2
1
4
4862
1332
5
3
3
5
4038
2348
2
0
13
8
7393
7
9
2
5
18
4
9653
0
2023
4790
3
31
22
6520
5646
3
4
8775
2172
7
18
5
11
2
8848
17
4
5
8947
0
4
12
5
52
4
4
11
42
3194
3
4250
3
2
8052
4665
7
9706
4
2
5
8451
3
2
13
2
4
5
80
9
2
3
8989
9773
4
7
4
15
3
2
5
4081
5
6
8
6081
3
3
4594
1
4
2729
112
4
1
11
6939
8143
5
5511
14
0
9618
5
4
1
6
5553
2
7249
5644
5371
8329
9
1
3179
