3908
18
13
8348
47
4
9
8
4
4
4
6097
7971
4
9349
4314
3
35
2
3
17
9268
4
5594
3
14
18
2
3
1
6
6101
7
6368
1945
4
2
2
4131
3996
7658
6682
2
4280
1
4
4
35
5
5
6
3098
7085
7334
3
3232
3
3
5575
1
2
4
4
3307
30
3
23
8547
5
1
4862
6632
8071
13
6754
2
3
3
4
4
32
4
5629
4
1
3
2
6
3
10
2
3
7312
3
4
4
5140
2
5
7558
387
7000
9136
5
8031
4
10
7527
3
4
30
4
0
1316
4
3818
2
4000
3
1
16
6490
5491
3
7187
2
4
9
3
7
4
3
5472
3
5
8502
3
6
6806
5
644
21
5
4
5
4
6432
20
2
5518
9389
8
8934
10
6091
2771
6159
3
2
4
2
2
36
3772
1641
8
3
5240
15
1
9
5
7222
3433
482
12
15
5558
4
5
2
6177
16
19
7421
6
57
2266
17
2666
5
2
8287
5
3550
8
51
6
4
2
0
37
7449
4
15
8824
2
78
4963
3
1
3564
3
0
8174
9
3
6687
6
6178
1
10
25
169
2985
2
13
1
2833
8335
4
3
4
6960
4
3219
3
15
8875
44
72
7457
1
8393
2911
7276
5
3
2
34
1
6996
13
3
681
5
3
5
291
2
7
1
4
5
7713
4
11
3
22
9
5
2
5
23
5388
6
9081
2
5
6378
2
265
8579
5
2
1
3922
6
4
6
14
7321
3
5
2
1
9148
2
24
3006
7
3
3
1
4431
4
9374
3
4
3
2
6
7752
3
8773
4228
4
2
4739
7179
5
7419
3
2
24
32
6937
2
6384
8206
9
3
5
3
14
4750
2
17
1
7466
9
1
2
5
14
328
3909
2
8716
8975
1
8954
290
2
19
1
30
5
8569
19
4
2
3
11
6
1127
3
9
8709
1
6996
37
11
3393
7719
3
7911
8934
16
846
0
4
5
5
16
4295
8252
3
668
3
6920
1
4704
2
3320
5
5
3
6
5
4271
9
3
5
3
11
5
14
5918
19
9221
11
6616
9
1829
9
9
9306
5
175
3
27
3
4
7086
11
9332
6540
6648
3
3294
5847
6292
35
8796
7454
4
5537
3
0
5346
3
6723
0
7191
3234
11
1
1
4
1
1376
8
2
8240
8257
8932
6
3
6653
3565
4
5
37
20
1562
3
1
6777
13
8791
16
4
55
6267
1
4
5
2658
8
5
8
3
21
0
3
10
41
15
9457
1
3
2
3
450
3
4
9
7926
17
6571
2
2
4
2928
4
4
6055
8580
1
1138
4
2
2
1
3
146
6
5
5
8034
2
8
6213
1
9329
10
6
2
5819
125
2
5
3
6868
5
5387
5310
3
7162
3
6
559
13
4
1
5
3
5
26
3
3
3
5
1
3
2
4
10
3
4
4
4
13
3
5405
3
8264
5
9038
6
3136
18
9
4098
8231
6851
11
4
16
1
17
6954
48
4
4
5281
3
5
2548
47
67
3
5891
9
4
4
2845
18
3
8
4355
1
8645
2
18
6
8991
3
13
3677
4476
1
3511
2
10
2
5
2
4
13
4
5
57
3
3
2768
19
3203
27
1862
2
2
3
3
7514
9
32
4
6
34
2
4398
12
2
5768
15
2
8
6972
1
4034
4
9
40
4774
5
4734
3
3
5
1
5345
13
20
8811
3
3
5028
4897
9
3
2
2722
5
9
3
6731
1
4
1
11
7461
5
7063
6649
1
0
5
9218
4
3
1
2
14
2
3814
26
3
36
4
8
5
10
3116
7588
3
18
5
4495
3
1082
0
2
13
3
7112
8009
4
6171
3
4685
3
6345
7712
2
4
2
6
16
8741
18
3732
8898
6
5085
5
4658
8930
13
5237
14
5283
15
5
6714
8
23
4
5
8980
11
9246
5
2
8
1
18
1596
1
1
5
5
2
4
3
3
4546
5103
1
1
8022
3
4
6119
3
5
3
2
5
1
6
5044
9406
4
1
59
3
5
4556
13
2
6380
1
6
18
40
4214
14
4658
9013
20
271
16
5154
4
9
6
2
3
743
3
6
5872
13
7236
2
9
877
4
6400
2
27
9
9
8050
2
8166
4
5
59
2055
6338
4
4
4
8611
3096
6
1
938
14
3
20
17
2762
6
1
12
3
79
3
5254
5
1007
4
6
8363
3
281
17
2
6
3
63
5
60
6105
19
5
38
5
4
3519
8366
1
4
4916
3
5
3
4775
1
9029
10
4957
8068
19
4
7
5088
7544
75
11
8070
5
1
3
7042
5
4879
7686
0
4
0
8
5
3
13
8356
4176
7452
8
9387
4
4
6
3553
5790
4360
3
9
2
18
2
1
6
8548
1236
4
8061
4
2003
3
3
20
267
4
4
5570
20
3732
2
2
7938
3
3705
2
4371
4178
8287
5
30
20
4
16
4
5
6
3759
5084
6320
5
7840
3
3
3155
1
1
3
1769
6
5625
7347
6482
6
11
1
8037
4653
2
8534
2113
3
8368
5
11
6918
2
25
9481
16
2
16
2
1932
6
9
8573
2
3
4
2
9300
2
15
3560
2
6189
7411
45
4
9
2
9166
1
1
454
2
7960
1305
17
6
4772
4712
11
6562
7225
5
201
1064
15
5
1
8341
2
25
4
7029
2
9414
2
11
1
4650
14
2714
4
14
3
8282
7823
3
8790
1
7703
24
20
3
21
9096
1
3213
3
2
6533
1
4
3
6340
3238
4
2857
42
6
893
252
0
3
3
6
20
9353
18
1
3
59
2
2
7022
1
2
1806
4
4
3298
2
4
9407
3
3
4
5
4
10
14
15
3
1
6
8047
4
10
6
5
4
3
4023
9418
5
6
4
7642
3947
2
3
5
9
1
3
3
6
2
71
4
11
4
7
3
119
6
2
2
2
5
1833
4
2547
4
5855
3898
1
4
25
5204
9471
16
4
11
48
5144
8119
47
3
4
5
7544
4163
5
2
8781
3
7471
4
4
3503
5
2
1
3
7
6647
11
3
22
8
8464
8722
2
6079
4153
3
4249
23
6
4924
13
8612
6
2
4
6537
6796
6
12
5324
65
6
8
19
9
7272
0
4
4
17
6
6716
3
5148
301
14
4
6510
3
9220
4
2
41
4
8879
3
0
5824
1295
1
3736
8170
4
8992
4554
1
2
36
3
2873
2
22
7841
1
4
7763
2
1441
6139
4
2
9011
4
2276
7
5
6
3
4
4
5079
2
16
6675
1
15
2
1
9472
4
2
4014
4
4
2
4196
7446
3
4
2
2
3564
6102
9371
2
3
2
2
3
5416
6
3
3
6143
2991
82
29
1
3
3130
1635
4
3
3574
3
3
4
8247
5
3459
20
1599
18
2
15
15
3827
1
6
7
4
1
9341
4
4
2
2
8253
0
2
6124
6
5
9
7
5950
4
8018
7729
6
5
3
0
0
3
4
3
4746
8234
6194
5330
5
3
7973
24
22
18
4
4
4
6632
0
5584
3
3
8916
6
8
4665
12
9332
2
51
5
5856
3
15
4033
0
5
5
11
6
3
8651
7155
13
14
14
1599
5883
3
2
6332
6690
13
6929
2841
21
24
3
3
2
2
1
6
0
4
19
5281
5
1
7530
5617
9191
3
1
5
8336
5
3
18
21
2
4
2
7746
18
7658
4
3289
3525
3
178
0
6
1667
10
6367
5322
3665
6
1
19
11
0
311
18
2
25
3
3
3274
14
2
26
8509
3
3
4
3
4492
14
2
6
3
5
4967
1
3
1
12
8316
2
1880
6452
5
143
3
7025
2
5
9521
135
3
3
4049
6041
1
3
3
2
161
81
9239
285
5
9404
3
4
4
2
8041
5
5
9398
5
4
8939
2
1
9383
17
7487
6
8853
29
2
4
8672
34
3
10
4
0
7311
0
0
5341
12
1
16
2
6966
8918
15
272
1
4
17
6
5
6
7779
9479
4
8920
5
20
5
3
6
133
13
4
6
38
14
7435
6
3
467
3
4
1
21
3
2
42
2201
2
3680
1
223
7891
4
4
7981
3
9
74
4
0
9552
3
5
3617
1
5980
14
4491
5
12
2
349
7854
4907
3
19
12
7
9424
7
3
9
18
5
5690
6
4512
18
5
8130
7817
13
4797
6
19
2
1
5
11
20
2
6
5472
1505
17
10
10
6
5
7119
2
4268
9
2
5
8771
3884
2
5
2003
1
3
8
4895
4
3
2
2
3
8566
8108
5302
9172
16
1052
4
8078
4
3
9595
4
4
12
2
5
2
16
43
9
5
15
1
21
5236
4
24
7165
4
36
3
4
6
4
5
17
2
0
9
6355
4
5
6516
2
4
3
5
9
26
2
8960
414
3
2
5
11
18
1
6
8622
5
5
4
5
5862
8
9389
12
5
9
2925
5129
5
14
12
1
1
2
3832
2
3
6017
5
6591
1
1
8063
1
3840
71
3
3
2
2
1
7
5861
6
14
3
6
3
2
1542
5
2
4
4
1611
9401
3
5
9583
1
3
5
0
6
5250
6
6883
3011
2
2925
5473
6733
4
20
4
6218
5
10
8913
4
4128
2
2
2
4
8374
1713
2
4
5
20
6459
7940
9158
3
1165
2
3
934
4275
3
831
3
5126
3
6
3
6305
3416
355
7921
6
10
14
4586
6
8260
0
6
1
3
4739
3839
25
3
20
3881
2
1201
23
3599
5
2
7500
2
4
1941
16
13
0
6
2
8646
8223
380
6561
3
6262
5015
13
6508
7
4
6486
5
9201
3
59
4
5281
4987
6
3855
3
9
5
2326
4
5
2
1
8557
3
9073
16
3626
8842
5274
41
12
7451
5
6988
3
4
10
2165
8
16
2
8055
4178
4
15
5
1215
12
5
9175
4
1
6
5
7011
5
4
5
10
22
3100
50
5
10
1
5501
2484
1
1
6806
10
7824
1
4857
3
3
8
1
3991
20
6263
13
4500
941
9398
896
0
5442
2
644
0
3092
7
2
15
4
1793
3473
66
13
2836
1
9449
4
7920
2
8937
20
13
2
8
4003
16
5989
9182
2548
1
3
8113
1
4
4
6
5287
5
2
3
4
3
6487
3088
4
10
0
8814
4
3
5040
3
16
4
3
2
6689
1
6
2
23
6473
1481
1
2
6
8423
5
19
0
3658
5
3005
3
4996
3
6542
2
15
6
4831
29
9
4
21
5
3
3569
12
2211
6621
8950
8100
3
2
3
3
1
11
10
9606
6
4
883
8076
2487
3
8870
1
18
4
4
3
6415
21
5
4
6023
6
8264
3
3
4915
3
5028
5
8789
4
9
4163
3
3
3
5717
47
6470
186
10
1
5093
5
3
3
9434
4
6
9
1
8267
1
9232
1
3
3006
12
4
6
4
664
5
5115
3
8521
21
4
3
14
4041
6277
4009
2
1
0
2
2
3
5
5728
2
3
3
3
9
3
14
13
7
9
5
3854
44
7202
4
3850
1
3
4
51
1
5571
3
3829
2
50
4
3
3620
142
6996
4
12
2
4933
7774
17
2
37
5
2
4
17
2
4
7916
3
6436
9079
5463
279
3
4353
4
4031
8852
3
10
6516
44
3
4
4
2
2
3
8
8421
2
19
9268
4
5
0
3
8132
1
7
1
5
9005
2
6
1374
1
2
9411
1
4
5
6255
1
5383
3
3
3
3
1
15
1682
9
2
2
1
8423
2
14
6334
15
5
5893
3370
13
8839
7
1220
210
4
3
846
5202
6
0
8804
4
4
3
8125
4
3
5
18
2
14
63
9318
7387
3
5253
5
7619
177
2
18
5973
3
3
3
2
8
5579
7741
8322
1128
4
1
4
6444
8
4026
47
4
4
5996
5
4859
2
5634
4
2
7964
5372
5
12
8230
5
5372
2
2
9
19
14
4
4996
4
2
83
6153
5307
4
5
6880
5
7
37
20
15
1497
10
3
6979
4643
4787
28
1082
4
6
3
7517
3
7430
5
6156
8980
2
13
1038
7
4
16
5
17
6888
6
9449
2
8
4
5
8
74
3
22
6863
2
4
6886
17
8712
7
3997
10
4
2160
8
6
3
4561
2
13
21
9604
44
4
3
5674
8881
43
3
67
5
3
9695
2
8736
5
6558
6
6
9
8
4
2
6557
4759
4037
3
8416
3
4
24
14
10
6
5
9
6
6046
4
5
32
3135
3
2
44
4
3
2
3
4
5629
4
3973
10
1
9313
3
20
7055
6519
8639
2
6
3
2
4249
9398
3817
17
3073
13
3
5
3
2
2
4
6906
1752
5998
5
7
8417
36
2
2
7545
2
0
2
4
9471
3
5
8
26
9156
9126
6
53
17
4
3
0
4
3
3
4
4743
6
4
3
15
3507
22
3684
8076
4
16
6080
5
8238
4
7358
3
2
3041
2
6172
1
4816
2932
7398
220
2218
7106
9253
3
2
7588
3
6
5
4
39
10
6
8567
15
5
16
6
4494
5400
14
21
8077
10
3259
4
1
5
8204
4
4628
5
4
3
3
13
4
5
6
5886
8
4
10
5
5
2
14
49
5
11
4
3366
4
3
3
4
4
1
2443
9
5
0
5
20
3
7050
8060
9080
54
960
5628
4
4
8
0
3
1
4
3955
12
1
2
15
5745
269
4631
5
3259
4
7454
6581
5963
75
18
1
2003
3825
1
2304
4
3012
4
4
2
0
2
0
3139
6
3
4
78
13
7124
29
3
4
4741
3
8825
3
3024
2
1365
2
6
5455
6
5
7166
3
3
3
4
3
0
5
9695
28
3
3
0
2804
16
1644
2
6
4713
2
4739
2
34
7454
3
3838
1
7
17
5
2980
0
6
8962
167
9210
3
8090
7
1
2
4749
1
3
4
17
11
4
20
10
5
6806
9208
7
2
4987
12
6
5316
3
16
6780
8398
6
58
3846
3220
3
1
3
3643
9
8691
6537
2
9479
15
2925
4
5361
10
5907
5185
2
0
15
5
2
271
5
3
3
5726
2
3580
15
3
3
3
9358
5
3
46
6087
5451
4
3
14
2979
5
4265
4
7
5759
9
5
4
1
3
7623
474
8544
4
4
4
3
9593
4
37
2
6
3177
17
1953
5377
2
45
2
4
5822
2
8760
3
17
6
8492
3
3
8080
103
3
1
8
58
12
4
8
5
8608
5918
3
4841
4480
3
5550
3
2
8275
2
2
1008
46
2754
5
3
1
4520
3138
6
5
18
4
3
8721
4
3
12
4
5
6149
4
4942
5
9345
6
6567
5
19
6106
6
4
4465
4
5
9
4668
10
3
0
8810
9121
39
16
3
18
3323
12
3
3
3259
3
5
3
4876
5
4
2
5306
9390
2
6642
40
4456
0
6001
2
4895
12
4
29
7278
6
12
1
8598
208
2
4
8161
7970
5
3
6630
73
0
73
3826
8792
1
5
7926
6660
285
15
4
4
6
1
6195
9087
0
5
20
4450
14
9449
7211
2527
3357
2
4
4
2
7499
6739
4
2503
3
21
8486
4
5
6508
3
7159
13
3
12
3
35
8077
2
6686
18
181
3
5
31
4281
4
4
5836
8182
5299
35
6
8093
4375
13
4
3
9757
7
1
8331
3
2
8201
4
3
2
4005
9701
1
4064
4
1
9384
3
15
1
4
9773
17
13
9353
9398
7515
5
1
9
3
6913
5081
7816
8709
659
8
4
8699
6511
0
5089
5
5
2
9679
1
4499
1
5112
6
4
3242
13
8584
4
140
4
12
4
15
3293
6
4681
4
4410
5
3295
14
3519
14
6334
47
11
9
2
4
16
3
2535
2
3
3
7070
8239
3590
10
4003
226
5957
9245
3010
3
5
7
2
5
4427
6
3
6
5571
9481
8027
1
4032
3
15
2
5
7314
2
1
7332
9604
4
3
3
6743
12
7
25
53
3908
4
3
7
8752
45
4
3
3
8342
6
4
8248
5452
73
3449
6788
6703
5808
6
2
7
4
5734
4
3
3
3
5
13
7737
9237
3
3
2
4
7101
4
3
3
15
2
5154
4
4
4356
1351
2511
4
1
9674
3541
61
8708
6
9181
3933
3
6024
17
10
2
394
9339
21
7819
16
2
9710
9197
188
2
3
1
3805
3
6
6410
4
6
5539
3
8233
7514
19
9
17
8221
10
2
1
5704
4
6
15
212
8
7
6
6445
7
5266
4
2
20
5796
5
6
4789
4942
2
2548
3669
10
6
1
6191
5
3
3
5
9
3134
6939
8782
7533
4
3
6267
5
4
8492
1
4
3
4
7397
5
3
13
6707
17
4
23
13
9673
11
4
14
61
96
4
7
6
2
7
3
3
4
9601
72
13
6
1775
12
2
5
7185
8189
369
4
7
13
2
15
3
3065
6
2
4292
16
2917
3
7718
4
3
3
5
1
1
3
2
4
2
6705
4
2828
8760
2
9380
6
3223
3809
9082
16
2
7
24
4217
6089
9800
0
8862
5
173
1
6
2837
3
6173
4
11
2753
5
8983
4
3
1
3104
4672
1
4
6
5
3
3
1680
3
3829
3
14
8303
0
7027
9363
23
12
3
6149
1
3
1795
7952
1704
9208
1978
3045
4
5815
5
6963
3
5
19
2
4
5
4322
4
6
5
12
2790
6
4
8557
1
7754
20
3
9138
3
3956
5
6
3
4
9460
9
9542
15
4475
2382
4
8406
7
9587
3877
1
2
8200
10
3
9304
10
1
8845
1390
1
3471
5
0
2
9225
2
3
9130
15
6
5
24
15
5
6465
2
3422
2
5
20
1
0
4
3
16
13
4
2
5006
1
4
4523
2
3953
16
4
9476
1806
3
0
5874
2
8057
2
0
1
9442
8519
15
8304
1
1
0
3
2
1
5178
10
4
2
6
9
2
5536
9765
5
9224
3634
9
5
3
4
9750
2
8335
3
4
4026
3
1
9
9
4
2
8960
29
9593
6
9480
14
1805
7246
8284
1
4
4
11
2
4454
3
20
5
13
5
8160
2
3888
57
1
49
19
21
113
8641
16
5
5
8615
1
35
3841
12
8110
2
5347
2
6231
0
7931
3059
5
3
1
6919
6
1
3
9512
3
16
4
4
20
0
2259
3
5
4
2923
5
2
1
3
6
2
1
7215
6274
0
9583
9458
0
6
7
4272
3759
767
4
3
4
1
185
3
34
6738
1020
3
1
5276
5
9481
9645
3475
15
4
6981
6
3
1
3858
0
3
3619
5
6375
2
5
9
1
6050
2549
0
2
3
7969
2
3
2
7703
0
8671
3
8224
5612
7
2978
15
3
3809
6
2263
4663
4092
132
5
5
8
6
6
5209
18
4
6
6
4
5
6509
17
4751
1904
5
2026
6020
8
3
35
3
1117
5146
4
0
7
17
2
12
4433
25
4
40
8950
0
41
1
10
3516
1
7857
3
5
3386
212
0
4
2785
2
9727
11
5
7884
5
3
5171
4
15
7088
4
3983
9213
3
7824
3
2854
3
4
6
3
1
14
5
15
3884
5
4
5
1153
93
2
2
8490
232
80
9448
3
22
4
4
9159
1389
6295
4
10
8795
4
3823
1
1
4
13
4
4
3
4
2
2
9
8127
6
4
10
5696
3
48
4
2210
1
9440
56
4
2
9332
2859
7706
16
17
5
7981
3
2
0
9
9415
16
4
1407
1
5
8761
9157
7
6
4
2397
5
1867
3
5
6
9363
2
6203
9
2
4
3
7383
3
3
9157
17
2
2
6
5
1
1
2249
19
3
3246
5
13
3
23
9258
0
2
5
1
2
8105
3
3
22
4
5932
2
2
9015
3
3
21
25
8524
3
2826
2
8368
3
9316
4
3494
51
0
3
5
5117
2
7858
4
3
3784
1
3
16
2
3
3
15
2
3
2
12
3
7
5
3
1
8672
1
7698
4825
3
1
2
0
4083
3
6531
8146
12
321
3
2
3
5118
4
15
2
2
3
16
5463
2
4306
4
12
1
5
2907
1
7797
2342
2
4331
4923
4
14
0
4716
9445
13
6796
193
2
14
4656
1
8781
2
6
7754
10
16
3
24
31
1
7478
4
4458
8980
2
5861
1
3145
25
4388
4
4101
2
1843
3389
5
9411
1
48
28
5226
5
6
6
2
4
6
13
11
5517
3
6
6
9419
7588
3
12
20
6
3
16
4623
3
11
0
1
19
7254
6
3227
4
2
3
52
4
8136
5
15
4
4610
10
23
8469
1
13
6158
7
44
3
7781
4
13
3
23
3
3
20
2
8830
7453
2
50
8596
14
4946
1
2
211
3
7029
5352
7
9332
1
7160
2
2132
3
2
7
1
15
4
5
5
1
4
3
3079
2682
10
1
7594
33
7749
3
3
3
3
3
9066
48
2
3
5
7812
4
4
4137
2
2496
3
9009
36
1
40
4077
3658
3
1
4741
13
1
18
7
8160
2
6722
3
8160
7
6
2226
4
10
3
387
4
4
2
4
4
7
9630
4
2026
2
4
7463
3
2
7360
3714
26
8
10
17
5442
2749
3
1
2
8560
5822
6
7813
6
195
4839
1
2
8920
5
7166
5
21
6
3990
4
9210
4
2
3611
70
5253
1
2346
4
5
8697
5
1
5
4
221
0
4
7
4
4758
4
7686
15
4
4
1
10
3
6841
4142
68
4048
3
2
12
0
657
35
1
9364
3
4
8
2
7
4
4
2563
5
2
919
1
9
9430
2
3
1
10
4826
4
9463
1
5817
7555
11
15
3
3
3
3
5
4
3
10
6
3
7742
4102
4
8366
1
8088
3
2
6
8427
1194
3922
12
4
3
3
3
4
10
48
4010
9
4
4
6
3
15
2
2
14
1
4
2180
2
10
3635
1
4597
3
2
5470
3550
3
12
0
4
3
987
10
4
2
7667
4780
2
5
3
2
3
119
76
3655
5
8691
2
0
1
15
1
4408
4
4614
2
5125
8
3
1262
2
7013
2
1
2
6808
10
7460
3
2
1
6
4192
1
4
0
4
3
24
3370
16
64
19
5
8204
4
19
7105
7832
67
3
2
2
8004
3
3
2
3
4
6
6635
8918
2
16
9039
4
5
1703
3
3557
14
3
5
1685
3256
4
64
2
23
5540
10
4
7015
6
1
2
4520
10
1
24
8662
4
1
8088
5
0
9
3579
118
7765
7520
2
6
4
5
4
5
7868
2
3
3
3
7974
8926
1
7745
1626
3
4
8706
5443
7
1
3648
0
1
8143
4
7176
1
3
8962
2
263
2
137
9067
3177
7378
6
7513
3
4
6238
3
9916
3
6
6429
15
3
4157
8584
6
8496
4
4092
3398
4114
3339
12
1
15
5
3
6
3
7215
4
4
12
2763
4
6144
4
52
4
2
6434
2
23
5
6
4017
4456
3
1
4
4
37
7282
1
7
1
9
6
44
8441
4
2
4
3
6
5
3
4
6001
92
3530
3
60
3
2
3
5636
42
2
3
13
2
9252
2799
5
5
3956
4
5959
4
14
8
6
9
14
4
12
21
11
4
4
2
153
5183
2
6712
5336
666
2
28
7416
6655
6570
3
27
5
2
2
2
6085
7
42
3539
9641
6
3
18
5443
4415
81
1
4
0
5019
3
5
990
3
15
4
4
0
10
6
3291
9323
33
2
7501
18
9468
3
20
13
7
4
2
3
1
3
6
3
3
1
150
5
5556
2
5178
4772
6149
2
9780
2
2
3
1140
283
8913
14
5
9208
5755
4
60
2759
1
3
1589
3067
2
8933
5
1
8157
14
38
9006
8
1
2956
3
4596
18
54
3
4023
219
9720
8504
3283
4
19
8023
4
2
16
2
5
4857
6
3531
3
4390
5
8182
4662
2
6
7954
2549
1
8873
2
0
8212
28
1989
4
9
6
3
9
4
21
3
2008
2
16
4
3
5400
1
6712
8055
2
5146
17
6
6
2016
4370
2
2
2
7358
5
5452
2
7755
3
4
2
3
4
1377
4
22
8251
5
6807
3
5
4859
39
9597
6
1
3605
4
3575
2
3
4
5745
4
4399
576
13
4
3
7653
5
4
5
5601
9053
3878
7024
67
3
4
1
7
5
6903
3
10
4
5655
2
1
2
3749
6997
1
1319
3
2
18
8066
9306
4
23
8288
11
1
2
21
16
9478
2
20
12
6077
1
3
14
4
3098
2
3
2
8823
1132
4
2
9337
3
6
8655
3
2
1
11
42
3328
10
5
2
6363
8566
6
2
5
14
4
44
16
8507
1
7009
4
1
4328
2
3
34
1
28
3
4
16
843
3421
9
4
5
7
3
13
8679
6
10
2
4
4992
17
4
24
2
16
3610
6688
3597
3
2
9817
5716
3484
14
10
9
3
9707
5634
5
9594
1
3
1008
5
5428
20
12
1
17
3777
3
2
7558
3
4
3
6
1
2
9
10
3
12
9
4712
2776
5
3632
3
3
4
2
2
4598
8093
0
4
5
9490
4
6
16
0
4779
6772
1
7626
18
18
9351
3
4
8414
3
8012
8041
7
5
3688
2
3638
6954
5
5
6
5031
1
17
9307
6
9345
15
44
4
3
6
5
5819
1
6
8904
4
5
5
16
2
3228
50
622
4560
15
1
9287
4477
3
2
2
4
3
8241
9110
3
8599
7682
18
11
4
8815
4
15
4
4347
16
4642
4
5464
3
2941
5072
2
9928
4
6
2
2
6959
8865
9593
3
3
1
9966
71
9916
3
14
4
6523
22
1
6677
6
2
48
4
8925
7975
14
5714
1818
8192
4
3
17
8
3
3816
4
4
8200
4
3
7616
6
5
6920
3
6353
4906
3
43
3
0
5591
15
3503
2
5
2
2
5446
3
0
4
14
4
3
11
14
1
3
2
4
6692
3
5774
1
1
3091
3
7
1043
9510
2
53
10
7745
2
6746
4
5928
3
5
2
2732
7772
3346
4775
2
6557
6
3
20
9747
3
7598
9765
4
5
9983
97
2842
10
9889
7429
3
1279
3
8395
5
4
2801
5
5
9
8758
1
3053
4
8234
15
2
21
24
8
1
2
2
4
4
6601
3656
1
1
5796
7398
3
7491
780
2
2
9649
10
12
2
2
1328
222
7880
3
7
8
5847
3365
2
1
3943
4085
4
5
1
1667
1
5532
3
6436
8
6
11
4999
3461
2
4
2718
5812
2
8340
22
1
9076
4
10
9481
70
13
3
4
8
3287
4
16
7373
3
5
4
9
2
1773
3
9364
1
6621
4
2
5
2910
5
8713
17
0
7037
6
130
4827
3
9
5
4
2
5266
6
2
9327
3445
3
5
2
2
8500
9028
5413
15
7
1
5
3
3567
5
6
13
58
4
5200
6163
3
2
3
9344
2
1276
3
2
926
4
7
21
4
9726
5
3
4
5660
1
1
4010
5
18
4
4
3
7672
3296
4
3659
6108
7979
6
4
0
9481
5671
2
3429
9193
3
5
4175
3
19
3
6
13
14
6640
9787
5
5504
4
12
3
17
5
16
6199
17
4
2
9
2
8544
5904
4
4
3
6
30
4
2905
5
0
1
25
2
8
3
2
4
7919
3177
5725
19
0
3
6
2
1
11
2928
2
1
6716
9634
2
5636
61
3
9566
5
8101
16
2
3
2
5425
3
15
7
6
8922
2
3
6033
4
5375
6821
5
3674
3
1
6
6789
3
6383
5
3
5
3309
9232
9
7515
8
23
8053
2
4
17
2
10
9182
4
10
36
8963
4
7862
4691
1
6989
2
5
8
3
6732
7
4
5
2
1
7339
15
5
2
4
2689
15
6
4
4
7939
2
26
18
4
4
5
4711
37
3
1778
3
487
7887
26
1800
4
9321
5
5546
12
9378
2
4
173
3
6975
3
17
2
7430
7
1
4
24
9234
3
45
1795
9122
2
9150
0
8
6385
4
5
4686
1615
2
5449
9150
0
3
3
3
2
7271
2
3
1067
30
2
6937
7
2
1974
21
5
5
10
4
6449
3
2
3
3735
2
11
7
10042
5424
9952
4982
4
8237
9
146
3480
5
6
4
9
5
6
31
4
6129
49
6
5
3
4855
4
6567
35
1357
8252
8072
2
1
3
24
0
1
3
4
7961
2958
991
20
5642
3
8
5
8421
4
35
23
6226
3
14
8629
3
3
3
6
12
2
3
3847
6
5
4
4
9593
8
1189
13
3893
5
9
1
14
4189
2
10
3
5
37
3
3
3
1
27
5308
9479
16
13
4913
1184
4
2872
2
8048
16
11
8032
8
4
3651
17
6026
6
2493
15
2
3
17
6
6899
10
1759
4
4
19
3660
1
8673
6759
6
3
7687
4323
9
6
10012
8
5
3
6722
5
4469
3
1
5
3
7636
1
2
3161
7
6
8
8876
7
2
86
1283
3
8260
17
3
7220
4
4185
1
2
2
4
1038
4
4759
10
6275
4816
22
15
2
4061
5
6898
4
2
0
5200
3
5
7797
4850
8436
0
6007
2018
3
65
8
4
6262
1
67
5094
6
4
4
189
21
5
72
6969
20
4
5
5040
6
9210
3
5
3
4
10
1
94
4
3
1
8294
2
6802
4325
51
4
4
6211
2
3343
3
10
1
4
6
6883
5
3
1
6062
22
2
2705
2
1
3
8714
91
3
6137
6
4
4
4
13
30
5
3
37
4590
4
2
8026
28
5
156
5
20
162
7937
4
9394
46
1
18
8
0
1
36
1
4
3711
5073
2
4938
3
4
4901
5
6
8427
5
15
7
10018
3
4
1
9
6
3
4
1
4464
3
14
3
11
2436
2915
3
6539
4
3
4
6
24
9019
3
5
4
3801
4
4875
1
4
2
6853
4
2
1
18
2804
3
6
13
9744
8583
5
8915
14
9460
8229
7254
5
402
1
4
16
5
1
0
1960
237
21
7473
8265
5112
17
5621
4
3
0
4
1
3
13
2754
4
6945
6340
4
9793
18
4
9241
4
8249
3
2
4
3
3
1
4514
1
6626
4
13
10
13
9088
4
6233
6
5
1
23
1
10
12
67
6234
5
5156
2863
4
12
8427
3
9
5
3
3863
5
3
3
5
4
5
1
3
1
1
9871
2
8766
5
3
52
2
3375
6065
2
2
8010
9460
3734
1
5
0
4
14
2734
5
8
5
4637
4236
3
2
3
3
4
8359
1
4
4981
2
2
7979
4
3
6586
8
3519
15
2
3
3625
2
6682
4
2
3
6767
6262
3
6751
4
6304
2
2
5
3
2
4926
3
1824
7
1
4
5
9895
5
8
1
3253
4
1
4
6718
12
8138
1208
5
4
8095
6467
4
2
6783
55
2
13
4383
2
9636
1
1
4
1867
2
9759
3
3
8137
5
8993
18
8287
4
0
3655
6
1
12
3
3
3
2
6
5581
5780
1
5
20
9729
21
8
5
4
7
16
4
5484
1
4
8
2048
3
19
3
2
3134
6
26
9047
1366
2
10
10
4
3
4988
3
4
9779
12
6
3597
2
3
1802
35
3
7578
3
4
2232
2
5
721
8739
29
9619
16
9
4
6
5
8356
2
9378
21
18
17
339
4
1
2
62
3
3
2
3
6730
5788
2
7556
2
3
8046
1
1
284
5
184
1
0
5
1
3997
2
7977
35
2088
109
4
5
2
8123
3
466
5
6386
3
9527
6379
5
7709
3
6
1
1
3
6934
9855
5432
4
6
2
4
3620
6771
4
2
4
5
3
3
4
8167
3
2
8
4308
0
168
5
1160
10
6202
5
6
11
4
200
4
44
8171
3
270
3
6083
3
5195
6
4
9
7632
3
9251
42
0
3363
5885
2
44
3
15
9331
9504
0
10070
1
3
2899
108
4184
22
4199
5
3
2005
5117
3
9757
3
18
2
13
14
1
5
1
8033
9
1
8026
2
28
2
8963
2
1
1
5
2
2
9107
12
16
4
22
7113
40
0
5290
7399
12
7189
5
47
5
26
6
1
1459
3
4
7392
8525
15
5689
3
3
4366
4
4221
18
4092
7
0
5836
5
3
9110
5
1897
7600
5666
7
1198
9690
1
2568
5
17
2
61
6450
3
1
4
7065
6596
6
7
4396
4338
27
1765
6
7073
6
5
5659
4
2011
7686
1
4
3
3364
2
4
46
2
4
9400
3
4353
3
831
12
3
3933
2643
17
2
4
5709
7991
25
4
7466
7381
3
1675
2
6
7
61
1
3
14
53
6184
29
14
3825
5
1
7731
4829
2
1
15
3
9
2
4
3
5
9734
4
4580
4
8982
17
3
3
3083
1
30
3
1
5
8940
3
6219
3
1
8830
3141
31
6
5
3
15
5
6
4
115
3
9568
1
1
74
3
2
1
1
4
5
6776
7796
4
12
3841
1
8852
2
7486
4186
4
9041
4
5
1
2
4
2
4418
5
35
25
6552
2
3
6570
53
4
8662
3
3
4523
5
1
2
2
3
8
4
7324
5
8
3
5
2
2
6853
5
9707
4
4521
4
4
3
10089
2
68
3075
6
6483
20
8
44
9379
48
7245
14
0
1143
55
14
7
26
3
2299
2
10
1
3
4040
8
8072
4
1
16
3627
1
9
399
2
23
4
9876
4
6
0
52
6
3647
25
11
7453
6278
3
5450
6
4
5878
4160
3824
1
3
4
1629
7952
5013
5665
7428
636
29
13
9395
1
6671
5
9
3234
9
5
5
5314
7502
27
3
10
4
3890
2
1
2927
5
9345
24
1
3
1
14
2
2
11
4
3
7765
4
4
3
53
4
5
3
2
3
44
2
4
6398
3
8
2
2
2841
6
15
5
1
3
6766
4605
0
13
4
16
5103
4742
61
4279
4
3082
4
8859
14
3
8551
6
1
3
3
1
5
9235
8873
2
3
2
9591
3
3
5
6
4
8
9393
211
5
3
13
1
5
2
12
4454
5
5
5863
20
7413
9
9250
4
2
3
4
2
48
8256
6
5
3
7
2
2392
6
7753
0
5761
13
1
6
7
32
4502
17
7245
4092
4
1
8
9
8130
3
9634
5
9434
8
10
0
4
11
870
3
4751
14
10047
5
6
3
2
1
4
2
4
1303
2
8636
6828
2
5
2
2
4
1242
0
1
36
3
7720
352
3
1
5630
14
5613
9
0
5879
6
8532
4
116
54
2
3065
5
3
9900
3
47
4
14
0
4767
8235
2517
6
7
1
9366
8391
13
35
24
5316
5
5568
2
3
5
5620
3
2
9
9443
54
5457
7
9
9258
139
3076
1
74
7357
14
9244
8042
22
9593
7
4
24
4
12
3
1257
5
4
4
2290
68
6
1
9565
3
3
3104
1
2
3
9692
3787
6
6424
4
2
3
7442
4
4
5470
3
2
5
23
7945
2
5
3
2
9926
0
5718
6394
8287
7
5
24
3
8
5
6
2
327
1
4
3
78
4
6702
1
3
13
43
4
6231
21
3
8048
6
4
3
6
2
7
3
7580
3
4640
4
8307
9253
6
4
6802
14
17
4
21
4068
8268
4
2
4
0
5
5
1
11
4
1590
13
5644
5720
5
261
2
4
4029
8
4
3
21
2
3
9204
1
9417
3
37
3387
2868
6397
8973
10
9
5515
2
3957
4
4
4
5
16
4
0
3
4615
5
8
614
13
4
3
5183
7589
6577
4
2
5
1
6
7912
5
1
1045
