1
8162
3
18
82
5
6
18
4
4
3
3
9164
1
2
3
3
4
6
3
8
3
2
6
2
2
41
5
3
70
4
1
6
5074
1
7688
4
2
1
5
23
3
3
4568
4
3
9
4
4617
3
2
3
4
9285
5
1977
18
5440
4
3
17
5384
13
9438
1
1
5
327
3
8781
10
1
3
3
8874
2
40
4
7909
2
63
3
8972
2
1
1
3
2
1
3
1
6
2
2
4
9
2
8161
4
71
2
3
12
3
2
1
44
4
1
55
1
1282
4
4
9
1
4
1
7312
3
2
3
4
13
2
298
14
16
5
81
3
17
2
8306
3
4202
4
1
5
20
4
5
4149
13
4
3
5
54
3
3
6
5
3
9
3
3
4
389
50
4
5
2
0
4
12
1
4
2
5
9410
6
10
5483
6546
1
11
4
3
4
3
3
31
3307
1
3129
4
3
1980
2
4
14
16
2
3
4
21
2
9135
1
24
4
5
4
4
10
1
9
3
2
3
1
6
8266
2
2
3
1
5
4
0
18
4
3
27
2530
1
8
4
2824
9
17
7966
4
9
7
8
14
1
9816
2
2
1
0
3
2
3
2
13
740
72
16
3
96
4049
3
22
8
3
3
9543
3
4
10
131
3
4
3889
2
5
15
9513
2
3
155
4
4
5
5
12
3
3
4
4
2
11
596
17
17
39
16
4923
3
518
1
2
31
6
2
4
2
2
6164
2
5
4
13
4
1
6
5
3
9844
2
24
15
52
5
3
7
2
5
5
3
1
3
10
4
1
9841
5
39
1
2407
2
29
3
5
3129
6
2
5
4
8930
1
157
5
4
3
4
3
1
4
2
1
5
22
7
10
12
162
4
3
3
5
4
10
6493
4
3
2
3
4615
1
12
15
16
17
2499
4653
11
1
1
2311
3
5
5
3
5
558
11
6
3
5
2
9
2
21
4
18
7180
2
6
13
40
4
9411
13
10
41
1
2
2
6
2
3
59
17
0
2
2
5341
3
50
3
8596
5
6577
3
2
18
3
11
2
9615
5
2
3
5
0
3
2
4
4
37
2
4
3
75
135
6
6
17
2
4
3
10
7
17
1226
16
4
3
4
4562
2
3
24
7945
20
9696
2
10
8015
3
1160
4
11
1
12
4
3
3115
1
18
1321
3
5
6736
3
16
4
3
3
0
5
4
4
4
1
4
24
4
1
3
4
12
2
44
3
1
3
3
150
1
5
54
7972
52
9
3173
6
5
1
3123
5
3
10
0
9230
1
484
4
4
1
3
4
3
44
5
5
3
4
3
13
1822
5108
16
6
2
12
2276
4
6
5
13
5
2150
8924
3
19
0
5
2
9777
22
9084
3
18
3
3
4
3
3
2
7
6
1
9
1
637
1
4404
4
4
14
6
29
4
1
5
4
2
4
7196
61
3
15
5
1
3
4
1
5
9442
3
50
6
5
8
4
4
26
117
12
1836
5
9
1
2
5814
3
9
1
16
128
1
0
3
4
1
4
2
6926
5
2
1
10
16
2
2
4
3
24
2
30
3
5
4221
12
2334
1
9
3
12
4
6029
1639
3
4
7
18
3
38
22
48
13
2
9466
4
3
6385
4
4
73
12
16
72
5
5
5655
4
21
5
5
0
15
717
25
1
19
139
1
20
3
22
13
3
6907
5
6
33
17
2
4
4487
4
257
4
4
12
1
2
3
18
2
0
5
4
2
3
5
4
19
3
16
46
3
12
9477
12
9760
5
1394
3
11
3
54
5
4350
2
3
3
6957
16
59
7487
2
3
1
3
2
1
3
2
3
2
262
9592
2
2
17
5
6
2
7
2977
10
2
12
7
115
16
12
2
40
55
3
483
7972
4
6
3
4
82
3
1346
9760
3
3
9
7
3
4
12
20
3
8
4957
6
3
13
11
5
209
2
7
2
5
4
4
1243
3
6707
3
0
6
2
2
2114
8
9802
4
3
3
4
5
2
55
8
54
3
2294
2
1
4
250
3
7
15
3
5
3
1
5
46
6
69
1
6
15
2
4570
1
2
9
13
6
5
4931
6
1
4
2
1631
1
0
6
5
30
12
75
4
2
4
3
3
4
2
3
1
3
80
2
8695
14
8554
42
4
6
3
5
19
870
1
21
2
2
6
5
4
3
3
4
6
5
3
6320
3
5256
8
5736
4
4
5
26
1
9543
3
821
16
55
2751
5354
1
0
8
5613
2
3
3
23
3
2
8
3
36
1
0
4
6
6
1
12
16
7672
2
3
3
24
3
3
6
12
9
3
7
5
16
8940
2
9255
6
17
1
9642
5
4
3
4
1
0
5258
7183
3
6
4
8800
2
4
1229
4
4
4
21
0
5
6
0
4
4
3
2
20
4
8901
2
7087
1
3
7758
22
4
6
2
9
3
19
8185
3
4385
11
5
8
4
1260
1
6
4
24
5
7115
5
6
13
3
17
52
2
3
2
4
27
4
19
2
9
1
15
1
7922
5
5
3
10
12
7909
9140
4
3
4
4857
3
16
4
6
4
9229
4
14
16
3
8469
3
2995
0
3
11
6
3
3
8893
19
9
8739
16
6
3
12
8158
1
7892
4
5
9391
5
2
61
3
9109
4
4
42
3
3
2
12
1
12
4
6681
4
6
3
3
19
4
4
41
1672
3
5
3
14
4
5905
1
4
2
6
3
2
15
32
9
5
2219
3
6
4
46
4
6
11
1
27
14
3
2
5
3
1
8221
5
5
4
26
3
0
14
1
3
4
2
3
4
3
1
6
9
41
62
5
6
2
5
4
4904
9
109
2
4927
4
8053
3
733
3
3
3
4
35
3
3
4
5
4
3
3
3
15
103
4
3
3
1
6
4
167
7
13
9744
4
3
3
7
3
9835
1
2
15
2
2
20
119
7056
4
28
3
4
7268
9
14
4
17
45
4
5
2
3474
6
2
4
9767
17
3
22
3
2
1
15
1
3
5
2
3
2
3
1
1
168
3
4
10
3
30
0
4
19
1
1
6
0
7
1
3
2
4
1
1288
3
14
2
4
1
9254
1
18
6
1
3
3
5
2
6
2
6
2
2
4
5570
3
1
3
9187
14
6
6014
3
19
1
6
6
13
2353
2
4
4
2
3
10
17
2
3
4
6
3
5922
15
3
4
8
1144
4
16
3506
4
7
2508
6
129
3
4
3
5
3
20
3
50
18
16
4
920
1
1350
1
1815
16
3
9
57
3
3
5
2
3
5
115
55
4
4
213
4
60
4
5
42
15
5
27
68
4
8182
18
1
3
4502
3
4804
302
6
9096
6
5
3
4
2
5
3
4
5
9
3
3
4
19
5
2262
2
9075
3
3
3
4
25
2
4
3
4
3
3
1
8957
4
16
5
1
1019
3
9
3
2
4
3
2
3
6
17
13
0
4
5
2
6
8450
2
4
4
19
4
3
3
3
3
3
4
210
2
3322
5
3
6
9
1
1964
14
14
3104
9
21
18
16
4
2
11
2
5
2
3
5
7434
12
1
1
4129
3
2219
5
9746
21
19
7
6994
5
1
4
210
4
3
4
2
3
2
3
6
13
4074
4
1056
3
23
9815
2
47
3
6733
0
2
6
3
2
92
5673
3
2
8166
3
3
2
13
4002
3
4
5
4674
3
5
2
2449
34
5
4
4
3
1
48
3
4
2
2
6460
2
5
4529
8
5
242
17
2
4215
4
18
6078
23
6641
1
9087
2
1
13
4
2
0
24
22
3
4
15
9541
124
4
14
1274
4
17
1
4
9312
2
54
2
17
2
2
9316
5
9309
18
1
4357
1
7800
2
460
4
14
4
2
3
2
11
7421
0
3
3
6
4
2
2
2
3
2091
4
7
180
1
21
3
1
8184
5
64
687
5
13
6
2
1
60
3
4
3
2
3
2
2
13
9461
6
1
4
8522
4
23
2
4
2
14
51
1
4
1
3
36
1
26
6
3
2
10
4
23
25
11
5
2
6
4084
6
12
10
27
3
1
17
61
5
15
1
4
3
2
3
24
6
5
1
3
2
1
0
3
10
27
5
5
8
3
3
4
5
9
5
6
8212
5
4
4671
6
2
13
7751
18
6
1
1
8533
3
7555
6
6
5
4
16
21
5918
3
46
7
2
1
9277
5
11
0
3
59
11
5
1
14
67
3
13
737
5
1
4
167
3
2219
1
25
6
3
4
1
3
2
6334
9
6
24
148
3
2
15
2
6
6
16
159
10
9221
4
17
11
41
5
8310
9
1
4
2
4
7
4
4282
2
1
3
4
4
100
1
23
14
1
30
4440
1
797
4
4
4
4
2
797
3
8198
14
4
2
4
13
8
6
5252
0
6643
1
3
2
5
3
5
4
2
7526
5
4
6
7638
44
9
3949
2
5
1
1
5
4
4
6
10
1
7149
6
1
5
5
3
11
3
8987
2
2
3628
9646
2
10
6
4961
24
9615
1
2
3
3
46
0
15
3
1
32
15
5
4
1
5
302
4
2
44
2
3
4
5514
29
11
3
64
5
2
15
2
4
36
11
1
3755
3
46
9428
2
4
3
4
3
29
6183
3
4
4
7
14
1
0
1
5
9449
3
32
6
1
1
4
1
1486
4
3
3
3
5
1
9
13
1
1
6
4434
48
2
4
3
7
8621
4
8053
1945
4
5
8489
3
4
5
5
4
2
3
8
4966
389
48
3
7020
3
2
41
7
2
2
27
2
3539
11
4104
2
5
5
6
4
5
1
3
5
2
2
4
3
0
3
22
6
3
8161
54
3
13
4
0
4
2414
4
20
4
57
3
5
5
4
13
7000
36
6
2
1
5
1
8
5
6878
8067
4
1
1
3
4
4032
4
5
6576
5819
2
3
1
18
12
4
22
2398
2
1
3
37
3
1
5
2
4
21
1238
5
4
152
52
3
38
5
2
0
4
7
17
5
9240
4
1
13
9430
3
489
5
6977
25
5
7918
2
15
5
4
3
0
4
14
12
21
3
3401
45
3
7
15
66
3
4
3
3
10
5
18
6
3
22
6569
3
0
7792
6
4
3
2
2
1
529
5
3
7608
5
3
11
6
5
1
22
4
64
5
4119
9197
10
2
1
1006
6
3
27
28
3
4
6
4
3
1
2
3
19
5
2
4
10
3
2
13
6
7
3
5
7709
5
6
4
5
2
2
11
3
1
8993
2
4
56
12
20
20
3
5
4
1
4
116
4
6905
6
13
21
5
11
142
2
1229
4
5
4
5026
3
1
4
11
13
4
11
5
179
2
7
10
1
6
13
3
3
10
3
3
12
24
4
1
3
2
141
3
13
1
4
3
1478
1
5803
2
9
3
0
2
38
3235
11
8
15
4
2
3
4
5
52
1
22
9515
3
13
6
16
17
76
5
3
4
5
5
4478
4
3
7
3
54
8
3
3
4
14
53
3
13
5
16
9
15
3
6
2
4
3
16
4
1
6
168
4
3
5
1
4
4
3
16
2
6
5
4
4
4
9670
20
8117
16
11
3
6
22
4
2
4
3
2
4
3
4
9
8
7073
2
6574
4
2
1
0
5139
1
3
3
4
1
12
1
13
5
8348
4
1
4378
21
4
6
12
0
2
3256
3
1
3
2
5
8
1
5
3557
5
0
4
2
3
3
56
3
4
17
9
179
4
2
2
21
3
4
1
2
2066
2
3
3
3
6117
5
2146
3
2
14
2
2
2
22
9
4
9496
3
5
133
3
9365
1
7
11
16
3
3
7446
3
3
14
6
4
7
1
5
43
4
7172
3
921
379
28
34
2
2
15
5
1
4064
3
3
1
5
6
2578
11
4
3
9524
6
9645
1
137
2
2
10
0
11
3
5343
3
4
3
6
1
6
52
5376
2
14
4
22
9306
4
2
7087
9
3
1
6
33
4
4
8
7
5
1
4
60
13
6
1
1101
3
3
5
3
1
6584
5
1
583
3865
12
2
3495
21
7
10
95
13
2
6
4
3
3
17
3
8187
24
2
3
11
2
4
3
2
5
7
4
2722
2
23
3232
3
16
6
4
2
0
9790
4
1
2
9790
2
4
2
9713
2
9771
3
1
4
4589
1074
3
1
6
1
5
2
934
10
14
21
4
9612
2
3
4
1886
3
9383
0
6
18
39
2
5
1
4
749
5
3
4457
12
9
3
3
3
2
5
5
5
3
6
3
1
3
1
24
1136
31
13
4
2
6
3
3
2
14
323
3
22
4
2
8458
2
4
4
1
21
3
1
2897
1
7
4
7
2
1
3
4464
15
6
19
1
6
5
6
6384
3
1
2
6
1
5
8
3
6
4
4
4
1
8
4
9
11
25
4
4
17
0
7891
43
1
3
3
8015
24
3
4
3
3
2
5
13
17
3
5
13
5
140
3
2398
3
5
13
8927
2
62
6
2
0
1
60
3
3
23
4
9
2892
4
1339
0
2
0
6583
3
19
5809
37
5
5
19
3
6552
0
10
8505
3
2
2
204
3
16
2
3
11
9170
3
5
3
60
6
12
4
2
5
37
3
0
5189
20
0
1
4
1
3
10
4
6
3
4
56
2
4
5
8810
23
3
4783
8437
28
14
2
8538
1
3
3
17
10
2
0
5177
65
4
13
5908
5895
19
20
4
1996
3
8
2
68
1
2
1
2
6
3
14
8771
7
4
28
3
1949
4
5
17
5
3
68
2
7
8615
1
5
3
1
2
1
5
1
4
2
14
3
5
5
1
7186
3
14
1
15
2
6
1
8556
2
2
4
3
4
6
5
21
8
9848
4
2
5
23
8
9615
16
19
2
3
1
1
3
1740
3
16
2
12
68
5
2
7826
10
8876
3126
3
4
9615
13
9792
3
1
2
13
5419
20
3110
22
5
4
6330
4
5
63
4
1
64
5
5331
12
3
3
52
16
12
1
5
18
5
2
2
23
3
4
4
0
5638
2
3
1
3
6
2900
88
6599
12
4
3
5
3581
20
4
6
4
6
2
8843
3
7513
1
21
1
3
12
61
4
1
1
4
258
2590
5579
1
53
2
3
3
4
2
3
2
4715
6
4
1
5
3
9327
11
2
2997
1
3
2
4
218
3
5
4
3
2003
3
4
3
2
4
2
1
18
3
4
6
6
33
4
1
2
3
3
3
4
1
3
3
7
15
138
9646
6
3
4732
4
1
0
3
3
4
5135
72
8
5422
6
4
13
9
2
754
1
6
2
7
6
14
21
12
4
3
4
5
2
15
8
41
3
40
3
6
5
8
9736
3
3
3
7775
12
5
3572
5
9444
6
59
13
6
3
16
3
5
12
3
8202
5
3
5
5
2
50
6
3
24
4
10
12
2
8563
1
9
2
5820
8
2
9848
4
1
4
3
5
3
4
3
4
4
2
2
191
3
5
254
2
2
6
3
6180
2
5
2
21
2323
2
4
7
6995
4
22
4
3
7
6
1
4
9
1
10
10
4216
5
11
3
2
14
2
71
9520
5
5
2
5
3
4
12
5154
9
4
3
4
467
1
66
7006
2
2193
3
242
1
77
1
4
4
1
1104
6
1
8
14
8247
42
2
3
6
6
10
4
4
5
9264
3
9
8
190
727
3
13
3
5
3
4
5
0
3
3
3
18
1
74
4
0
20
21
6
2
4
8
5827
16
5
3
6645
3
0
2
0
4
2
17
2
9400
6
3
6952
4
2
3
3
9667
4
3
6
2
5801
4
4
1
9801
4
3
3113
1
2
1
5
12
24
8427
3
46
20
3
5
0
213
2595
2
3
7157
3
5
4
4
5
3
1
52
8310
1
6
3
12
3
3
2
2
4
1345
5
2904
4
15
27
4396
6
5614
19
2
2
52
5
3
1
38
2
6
10
3
4
2
0
5
44
4
2
17
15
3
5
8894
2
2
10
8876
3
4
3
1
4
0
2
5
4304
41
2
3
0
48
2
3
14
5
161
3
20
3
3
5
14
4
1366
3
1
2
5
1
5
5
2
6042
6
6
6986
1
13
9558
39
8
24
9380
29
7
3
5147
2
781
38
3
4
2
4
14
1
7510
4
2
58
1
40
5
12
2
5
9310
4
4
3
4
4
64
4
9
1
6
3
8174
4
2216
4
12
2819
5
3
15
0
5
3
1
19
12
4
3678
2
4
6
3
4
3918
2641
7
4
5
4
7
449
6
3
6
2412
3
437
2
12
15
5
3
46
5
151
79
6
6
1
1
3
4
85
4
5
3
6
5
6055
14
2
3
5
2594
10
3
5
11
3
12
3
4
1
12
27
5
2
4
5
5507
3
3
4
0
7054
23
4
0
3
628
2
2
17
4188
16
3
6773
6
4
6
10
11
9179
5
3
5019
3
0
3
11
1
3
1
4
4
3
3
6
3
2
3
3
8256
5
2
8
0
2
3
9589
4985
2
1
1
22
79
2
12
10
84
4
1
3
8962
6
42
5
4
3
2001
4
4
3
2
2
216
4
6
4
17
5
26
4
3
4
9
2
1
7122
1
6
1
3
25
5
3
3
8498
7
1
5
6
3
4
1
5
4
8152
5
6
8
3
7
3
5
4
4
1
2
1
9854
2
6
323
86
9644
14
5
2
1
2
8139
3
8898
17
6
3076
15
20
21
218
16
5165
4
4
6
3
6463
15
11
13
5
54
26
14
24
1
3
20
6737
5
2
12
65
43
4
3
6990
11
46
1
31
4832
7
5
2097
5
2
5
4
6
4
4
1
0
2
51
6
0
17
3
5
9330
0
3
7
5
2
8764
46
2933
0
12
6
4
4
9
16
9026
6
3071
4
3
5
3
4
8343
351
9
45
4
4
2
4
4
5
10
6
5
1
5
1
5
6556
2
1
6
210
12
1
8681
3
4
2429
39
9
5256
4
0
4
35
19
9622
2
4
4
3
1
3
5
3
25
3
2
69
7497
4
3
3
2
5
2
4
8920
31
5
10
236
10
14
3
7
3
4
13
1435
4
10
2
9763
4
5329
3
1
12
5854
2
7965
3
7
4
5525
2
4
11
5
2
3
5
8938
4
5
3
1
4
2
9801
4
5
3
2
9664
5
3
3
0
4
6
5
4
3
5
1
1143
9700
3
576
4
16
4
8054
7
16
11
5
4
5
80
3
3
3
2
4
2
5
3
1
3
1
6
4
3092
1
3
3
5
2
2444
47
4
3
3
7
1486
9505
387
2
2
1
8368
4475
11
19
4
5115
1
2
113
8
9
1
4
2
11
3
4700
1
5035
4
0
2
4
2
13
1
8
6
4
3
3
4
4
10
4
2
10
3
5
4
2
4
71
3
4
8384
3
6
13
0
4
9507
3
5
11
3
4
8955
3
1
4
3
7848
2
4
1
1
6
20
3
6249
4
3
16
3
3
7
2
4
352
5
5
3
2
1
3
1
4
2
1
6
1
6
3
3
0
11
1
3207
4
1
3
3
7757
2
6
5
125
3
6
1
0
3029
2
4
9
19
9108
4
1
2
0
23
15
8
1
11
3
3
30
1
5
1
9
1
4
4
3
1
45
5
7832
1
15
4
9751
3
2
3
2
3
1
2015
3
5
5
4
2
26
3008
0
55
4034
3
10
6
3
6081
1
5
4
5
24
2
2
25
11
39
3720
5
18
8
1
3
2
1423
1
4
2
5
2
5
2
9478
5307
1
1519
4
2
5
5
4
4
31
11
6
3
3
4
9724
10
7
7880
3
10
5
4
3
1
4
3
0
4
3
6
7878
3
3
5
5
8
4
3
5
1
16
6372
5
3
3
6
8029
101
8670
1
2
59
4
1018
5229
4
2
0
1
2
7297
4
9816
1
26
5
11
13
6
3
6
2
4
458
4
2
1
3
11
2
6
2
993
5
183
4266
1
2
14
3
2
2
6
7378
43
5
1
2
3
1
5
4
12
9325
22
2
3
6946
14
26
2
22
3
3
1
1401
10
40
6354
4
9700
3
6
3
3
7
12
3
4
8782
4
3
0
4
2381
12
1
1532
21
17
873
4
445
12
24
11
8587
4
9446
4
9
9663
2
3958
3
2
146
3
2877
2
3362
4
6785
3
2
1
17
7121
2
6607
5
6322
4
9781
3
8093
17
1
2
3
6
9
6
4
2
3
2091
9
7
36
13
3
1
6
13
6695
15
4
3
41
3395
2
40
4
14
3
2
4
5
3
3
4
4
9064
3
4
5
0
2
692
3
2
1
5
4
2
2
3
3
3
4
207
50
3
2
4
5
24
4
7
8374
12
8679
23
3
4
3740
5
4
9227
3
5
7674
13
249
4
5
2
4
6
5
2
6
1
6
0
2
2
1
3
7168
14
4
2
13
15
4
2
6
30
9
16
3
3
2
3
9
5233
14
5
15
5
2
4
16
159
3
5
14
9758
3
9233
24
6
1
8
8
7
21
16
4
1
3
13
18
1716
3
5
4
36
36
2
0
3623
13
5
8
4
3
165
13
4
4
16
3
9127
3
5
3
3
9
2
4
7
19
8
8
38
4
5
2
0
4
7722
3
2
3
5
1
9732
6
14
20
5393
4
3
3
1
5
11
139
1
4
329
6
2
3
3
3
1
0
3
4
4
2051
6
3
2
7
44
2
5
2
5
10
4
20
6
5
2
3
6
5169
5
4
5
3
6
31
2
4
0
16
6
0
4
4
5
3
2
4
18
8926
14
49
2
2
2
9
2
719
14
5
4
5
4
222
5
3
3
1
6190
4
4
18
3
1
4
2
3
1858
3
12
8665
7161
2
3
6
14
20
5
5
18
12
10
6
9265
5
3
8992
3
0
3
4
8
6957
3
1
2
6
4
3043
34
3
2
2
5
1
1
2
8
9
1
5
0
5
4
3
1170
17
3
5620
3
12
3917
3
5
5
2
122
8544
3
4
16
20
4
0
1
5
3
2
0
3
4
2
4
4
2
2
1
1300
5
2
9
5
55
3
2
22
3
9
6
4
3
6
318
4579
5
3
5
8
8009
4
9
12
6
4
389
3
3
9248
1
4
6
6
2
16
5
58
3
3
3
3
4
4
3
2
5
50
3
9354
1
4
4424
3
4
20
65
3
4
11
3
22
3
3
3
6
22
2
3
8714
8
7
24
3
3
7
5
8
65
9
8
5
38
45
14
3
8593
1
4
49
12
13
39
3
7
1
4
3
2675
7
3
3
4
2
11
2
4
8
7
3
3
8
3888
16
14
11
5655
1
7
3
5
9
4
3
3
11
4
2
5
6
4
5
2
5
5
11
6
5
41
3
12
1
7461
5
2
3
1
6
4
1
39
6690
1
0
4
5
3
4
3
42
11
5
2
46
2
4
6
7910
4
2
3
13
1
9707
2
4
4
3
4
15
4167
2
0
1
16
2
25
2
3800
2
7
4
9
6741
168
4093
7920
2
2
13
9
3
12
4
24
4
5
13
9
11
8814
5825
1
10
5737
6
12
3
8481
1
4
7
2
52
52
18
6
4
6
14
4
20
5
18
4
16
3418
3
5123
12
6
6
5
3
4953
4
1080
24
18
15
3
2657
4
4
3
3
4
6096
17
7
9
8
1
20
1
41
4
21
1
2
7
2
6
0
1
1
3
1
15
2
3
4
12
8458
1
2
15
5424
4
3
4
0
10
11
9563
35
5498
5
4
2
3
4
3
1
4
3
7
3
2
3
6
6
9790
4
3
4
3
1
9090
2
2
3411
4
1
94
3
9170
2
9569
5
2
1
2
3
4
1
5
25
2446
15
5
3
3
49
3
4
7
7311
5
9
10
3
4696
2724
178
4
37
2
8
1
5
9335
14
0
14
3
1
4
37
13
3
2
5
4643
19
23
4
0
5
9289
4
15
3
3
4
21
4
3
25
21
4
5
1
3
0
4
6884
3
10
2
14
8
3
5472
3
48
4266
2
5
11
2
4
9457
2
3
8
2072
1
5
9650
1
4
4
5
3
5
9197
28
11
11
0
2
4
133
3
3
6
8887
6
3
4
0
4
5
1
1
0
2
1
23
2
15
5541
2
3
0
2
3
4
4
1
6
45
3
3
13
131
7
6
2
4239
3
14
4
6
3
42
4
2
8931
5
5
0
7
1
4
5
3
4
1
3
8951
2
7
1
318
3
3
1
1
3
9220
5
57
13
3
7
4
5
8196
54
4
1
1
4
9658
810
6
3872
5
37
2
25
9
8
1
8
0
5
3
1
5
5
9
2
4
3
285
3
9
0
50
5
4
25
7
1
3
2
105
4
1
3
45
3
1
2
6
7495
5
19
3
272
2
22
2
1
4
5
9342
4006
3
2
17
56
1
9663
11
3
6
2
678
114
2
1
5
9
11
7
2888
2
2
0
6
9597
2
5
4
8716
42
10
2
1
3
6579
4
6
2
12
2
3
5
3
4
17
3
5
5
3
1
5
4
4
6
3
0
5384
4
8082
4
3
3
6
4
2
1
14
16
14
4
3
1
9068
4
10
4
27
3
14
1
8841
4
4
3
4
15
8801
4
3
12
3
4
3
2
1
3
3
4
1
1
97
146
9105
2
0
1
2
6735
2
3
2
6
16
3
5
2
8
3
4
14
8
214
2
1
6
6
185
1
2
3
4
145
12
4
7
1
6241
3
9
3
383
1
19
4
12
2585
2
30
2
8231
29
3
2
6
3
3
3
5
7431
2
1440
14
14
9
2
5
1
5695
6
2
1
1
2213
14
6
17
9
4
6
25
6
9776
27
5
4
0
13
4
3
5
3
7
6
2
4
540
3
3
3
2
10
3
4
4
6
5
5
4
4
90
2
4
1
3
3
20
3
3
2
1300
1
3
2
18
5
28
29
4
1
7
1
13
11
2
11
50
33
3
2
9748
6817
3
4
1
4
4
4
3
3
26
4
3
2
5
5
137
19
1
2182
3
26
3
797
3586
2
10
8331
1
3
6
11
4
0
8485
65
6
10
5
1
8545
4
3
4
2
8
5
32
3
5
3124
2
2
3587
78
27
4
8989
4
0
19
1
57
168
4
4
3
2
13
735
6
23
20
62
2
2
11
3
7
3
3
4
3
6
4
1
5
14
2
3330
20
9
7
1
4
7
4
9610
16
5
3
6
17
5
21
41
4
1408
2
3
13
3
9
2
9480
17
4
8445
3
2
4
8754
1
14
5
3
2
2
8926
2
16
4
1
2
5
1
7
1
4
2458
2
42
3
4
11
5
3
14
264
1
4
9778
5
3
1
15
6
11
17
3
8719
2
2
7026
4
10
3
9
1
1
5385
4
10
1522
7713
12
30
3
3
11
6748
67
54
2
8
7575
4
2
1
15
2
4
2
258
13
1
3
3
6
5504
1
6
10
3
3
3
63
0
1
3
0
4
7843
4
2
0
2
63
1
20
18
9779
3
4
11
7
3
6
7328
57
3
3
3
3
8525
5
4
21
15
3
2
1584
2
23
4
3
4
1
3
8159
3
14
1
8488
3
11
3
2
0
3
2
3
26
2
17
7
4
7
7445
16
5
4
6557
20
15
49
0
7
7928
1
16
1322
3
0
1
17
4
3
3
1
3
3
6
3
4
4
4
3
6
9
49
3
14
3
12
2
17
2298
7
2
2
4096
2
3
3
4
1271
5
2
8711
4
8
19
1
1900
1
3
5
1
17
5
4
1
6536
8
7
6
3
4
2
5
7032
9389
3
4
15
132
3
2
15
12
5
21
2
11
359
1
5
9380
8
6872
5
40
37
8131
15
0
19
19
3
14
0
4
2
1
3
2
2
11
5
5044
5
0
4
10
38
5583
2
4
2570
9071
3
7826
1
4
0
17
1
40
5
1
4
6
6
2
2
5
19
4
15
1
2
1
15
13
6
16
4
5
58
7211
4
1
11
46
2
5
4
7201
2
2
6863
8274
1
3
5
15
8
9708
35
2
3
9212
1
2
3
5
1
1208
5
3
3
6657
6
12
4
40
3
9020
2
13
2859
7
3
6
4
4
7
17
11
3
2
6
2
4
3
449
1
10
3
38
4
43
4
2
4923
3739
2
10
842
33
1
1
5
3
5
21
3
4
9226
0
1
9
7023
14
3
4
5
3
6
1
1
10
4
1
4
2321
7
1784
9
6961
2
5
2
1
1
2
246
11
48
8837
11
1
8370
6
9
4
22
6
2
8646
1
13
2596
25
4
3
3
22
5112
4
4
6
0
2
3
3
2
4
3
51
8655
7
3
5
20
9
6
10
21
10
4
11
3
5
3
2
2
4
6
2
3
4
5
37
2407
16
8
9440
1
187
8921
1
9105
4
6494
7785
2
40
3
7361
44
9538
0
4
2
2
3
5
5
15
5
3158
24
22
9745
1
5603
3
1
1
3
2
589
1
2
2
3
182
7148
4
1
1
1
6
3
3
3
4
14
17
2
1
43
3
4578
3
4
6
2
1
16
5
2
5
4
42
9805
3
3
12
11
12
7
3
6926
7
1
5
0
3
6986
7
1
7263
8
164
9755
4
2
3
3
2284
5
16
3
2
9
5
8
4
6
0
3296
325
4
4
1
4
74
3
5
6452
3
1
6
3
8
3199
2
4
16
3
1
8997
0
4
5
2
3
3
2
9262
3
1
2
7
8508
3
2
3
5
11
5002
1
1
25
12
1
7
4
3
2
4
3
4
5
7
13
3
6301
24
5
2
4
4
4
10
5
3
2
3
1
6
5
8411
9
2
9265
4
3
19
1
4
2
3
6562
4
5
1540
3
36
20
2
0
3
2
1
23
18
4
3
6
3
2
3
13
8
2
3
4
1
5
5
3
1
48
3
32
7318
2
1
2
2
3
27
14
3
4
1
6
2
6861
46
6
2
1
5281
1
1
6512
5
6
2716
3
15
50
6
51
3
15
2987
3
5
2
1
13
2
4
4
57
15
3
37
8
9
3
25
5
2
5989
4
0
4780
2
3
2
3
1
8
39
3
2
3
3
2
9373
5796
3
525
11
2
2
3
5
9
6291
39
0
3
9769
7
3
7
330
1
62
5
0
6
20
5
4
2
159
4300
2
3
4
9
4
440
4
4
3
214
1
9682
4
2
13
3
14
5
9226
1
36
3
2
2
35
4632
6
12
3
3
21
8
8
3
5
3
1116
4
5
5625
3
8445
4
11
0
4
27
6993
16
17
3
5
8366
1
4
6
3
4
1
1
3
3
9191
13
5
13
6
10
0
8181
4
8454
2
2
1549
3
9111
4
14
6
16
1
12
3
643
4
1
9
12
3
10
2
4
3
11
3
1
4
3
4
2
4
2
2
3
2
4
4
1
11
2
5
4
3
1757
5
3
3
17
19
4
4
2
2
4
5
16
3
4
7282
11
9173
4
5
11
29
41
15
3
3
3
11
7
1
72
67
2959
0
4
1740
8567
13
8114
3286
37
7
5
2268
0
2
8613
7
4
4
1
1
8253
11
1
1
3
7836
3
1
5
2
10
4
4
2
3
1
776
4
3
2
1
35
15
1
10
3
1
2
6
1
12
8432
16
3
4
3
5
4
4
15
3
12
3
2
1
9397
3
14
3
2
1
1
6469
3
4
2454
4
13
5913
3
3
7739
11
6
1
9693
6
3
449
3
1
3
21
3
4851
3
2
9646
5
34
3
4
3663
3
4
5
4
1517
7
33
3
2
3
3
1
9422
3828
3
1
5
0
19
5
4
9
6
16
12
4
6871
7656
6449
5
5
1
1
4
14
3
4
4
2
3
16
2
1712
0
1
8641
4
85
7
5
3
119
4
8
3
5
4
3
2
5
5
1
566
39
1573
18
11
16
2
3
2
7
3
1
626
14
1
0
2
4
5
5
24
6
4
2081
3
162
1810
3
3
4
4
5
1316
4
5494
1
9
0
0
2
4
50
11
5368
17
1
2
90
4963
3
34
2
186
10
14
3
6
3
1
2214
1
5
2
17
3
1
1
3
3
3767
3
46
4
4
3
4
5571
5
3530
1
3
4
1248
5
7
17
2
1
344
9
3
12
3
996
1
2
104
15
5007
4
3
6
3
12
2
3
11
4
2
2
21
5
1
4
1
4
4
68
14
7
8610
3
4
5
3
4
3
4
6
5799
9290
7086
10
3
19
3
3
9006
2
127
7
7
1
6
12
43
6
2
3
8689
4
3
3
1
4
1
9348
1
4640
4
4
3
5
2
5
4
6010
88
2382
3
25
11
3510
4
5
3
1
5
4
3
9
10
5
5
4
10
10
1
3
1
8
5
6240
11
7524
13
14
1
31
14
37
3
2
9789
6
3
1971
7876
4
13
3
9591
5
4
2
1
5
1
2
7181
6
8470
5
3
94
4791
4
755
6
3
8
6
1
3
5
3
6
24
4
3
2
19
19
12
3
3
3
8537
1
3
0
5
3773
10
2165
3
0
4
2
3
1
13
4
1
4
9135
4
5
25
1161
8
2
2441
4
5377
22
7
7100
2
0
3
3
0
0
2
35
3
1
5
1179
3
4
4388
72
2
8014
4
6
2228
11
4
3
26
5
8942
19
6
1
4
3
706
4
116
3
8814
2
4
2
4
2
9375
1
4
52
5
39
4
5
19
2
5
2
0
1
187
7207
1
9601
4
3
7
8
9130
11
7
2
4
5
3
9
5
4
9636
3
1
3
31
2
4
8
42
6
44
1597
4
4
5
7415
1357
