5131
16
20
5
4
2
9
4
4
1889
15
902
8132
2
7980
6
1
8
3
3
5
4
3
2
0
0
47
1637
3001
13
11
3
6
4
3
1
4
1
3
3
19
11
1
3
12
3
6
17
4
4327
8
2
2
255
2
0
5
2
3
5181
1
2
4
3
3
2
8
3
195
4
21
4
688
5
25
3
2
5
3
5303
20
3
5
12
2
5071
3
2
11
6212
20
3
10
1
27
23
12
3
6
723
0
196
9
5
2
4
40
4
3
4811
6
7830
5
16
46
698
2
41
2
3
7078
4
300
3
2193
5691
1
5798
20
22
5
5
2
31
4
2
3
8
5
165
43
4906
5
9
0
3
1
1
5
3
1
32
7341
2
4
0
3682
6
1
34
14
4534
15
3
3
11
6346
5
1127
2
12
42
8307
181
8197
3
4
3784
1
14
2
3
6
6
2
2
80
6
1132
2
6559
5
6
286
1
1
28
4
2
2
6
3
4
3
1
32
22
4
16
5
2
6
4
8248
6
5
1517
4
8
4
11
5
8
15
5
6
7930
9
302
5
7284
16
3
6150
6
2
790
9
6
5
1
1
12
3
22
4
5919
596
2
4
1
80
6
3
4
3
3
5
2
1
3
1
4
2
2
0
6
4
2
5
17
3
8
13
1
3
9
11
3
5
5
11
4
4
0
4
14
4
5540
2
6
5
3
1
2
1
1
6
7046
11
2
4
4
4272
6
37
23
23
34
3
5
1
3
2
2
4
3
10
13
6673
4
3
61
9086
1
18
1
2
5
18
4
1
18
4
5
5
851
11
4
1
6
3
2
169
14
2
53
10
5
4
5
67
2
17
6729
2
5
73
3
2
2
19
5
1
6
6
13
3
4373
4
5
1
2
4
3
11
3
17
2346
7
19
3
4
4
9
0
3
9
4
6584
4
2
19
3
4
1
9
0
5
34
2
12
3
4
5
3
5
7
3166
17
10
5
8619
3
2
8482
3
14
4
1803
6
3
5
2
18
12
5
71
3
4
2
4
13
6
4
2
1
1
3
7275
10
0
1
10
3
2
3
1
13
10
2
2
6
30
4
13
12
14
10
1
8
3
4
1
3
5
5898
3
5
4
4
2
1
4
6
8090
3
16
17
328
15
3
66
261
62
7378
5
10
20
7887
5
3
8
3
4
2
8165
2
4
4
3
5
13
4
4
7327
17
0
2
59
1
26
10
3
4
4
8311
5
9
1
8
3
53
2
1321
3
4746
4
7
34
6483
3
4
5
0
1
5
1
5
2
9025
57
2
7
2
6
5
20
8640
18
6
6
6
22
41
3
149
5
12
4
1
1
16
6
8
6
8723
4
1
5
2
38
5
6
3
1633
2
5
4071
37
8894
5
1
193
3
5
9
3
4
8
2
2
4
21
5
5
3471
3
79
5
118
5
24
3
2
15
1
3
6
4
6
2
1
26
2
2
3
15
1448
13
4
3
15
5
3
8032
70
2
1833
1
23
4
34
8313
2
5
479
2
6
2
3
8094
2
3
3
43
45
2
3
18
4
12
5
8502
2
3
13
11
3
1
5
2899
5
3
4
5
8658
3
2
2
9
1
3
2
3
3
3
6
12
5
3
4
75
66
1
2
5
3
17
9
14
1
4
516
4
4
2
11
4
2
2
5
5
33
2
4
1
6
7
3
1450
9
1
2
2
1
4
3
2
4
8908
7
2
4
1
3
3
6
7
9
15
6
50
1
20
3
20
4
4
12
5878
2
3
11
4
1521
2
32
1
7400
3
15
15
4
0
1135
1234
5112
11
3384
4
2
3
3
5981
3
7076
11
5
22
3
3
3
2
2
11
6
3
13
65
9023
4
16
3
3
22
3
0
4
3
1
333
3
3
5
1
3
7
4701
2
7
3
2
8357
3
7023
1
3
3
84
1
6
3
10
2
8362
2
41
4
2
6
6
4
5723
3
10
4329
2
32
3
135
3
16
3
19
8151
11
3
3
4
6
7743
3
2
14
15
1
79
8465
8
3
5
5
17
9
2
1
8413
2
8
2
0
4686
24
6
2
4
4
5
13
3
3
16
4
3
22
8069
0
3
6
3
4
3094
3
3
3
2
3
45
3
1
6
1
1
50
5
8852
3
0
6292
3
5
6813
50
8
5
8
35
14
5
5
7
3
3
49
4
3
0
12
13
12
3
6073
3
43
4
802
13
4
5776
4
6
6
4
2
5
4
7
5
4
3
13
1
3
36
14
8939
6
5
2
5
5
4
4
5
4
15
5
2
6
1
2
3
5
1
42
3
1
11
9
87
3
5
3
10
8103
6
13
3
63
56
899
2
15
10
39
1
12
3
1
8
12
2
2
6
9
6
5
6
8498
9
12
8279
2
6
2
2
1
6
17
3
3
5
3
4
2249
3
8972
3
0
1
3
11
5
1290
4
4
13
4
1
2
4428
5
6969
3
230
5
8510
4
1
3
7823
5
6
464
3
12
3
2618
11
5
6
4
10
8517
11
12
1
3
11
12
3
34
13
3
32
2
8112
23
11
7895
15
4
9
2
1
7876
4
2
0
12
4
104
7
3
8265
20
3
3
4
6
2
39
4
2
4
0
3
5
3
5
499
3
8488
0
7
4
3
4
7810
8862
4
2
513
2
213
8
3
31
6787
22
3
4
4
4
43
2
5
133
3
3
6
16
1361
20
4
4
6580
120
3
6212
1
66
2
7670
20
22
1
2
2879
0
2
14
2
1
3
5
5
3
4
9
260
4
7868
205
1
5
4
3
3
3
10
4
2
4
3
3
1
87
10
4
0
8
4
4
20
1
0
17
3
3
4
219
606
6
3745
6
8876
778
0
41
5
13
2
124
6
5517
3
1
3
817
5
1
0
3
5
1
4
1
11
7615
3
3
22
10
51
6579
5
14
3
4
2508
4
2
7271
5
1
1
2
2
9
1
9
17
20
7
4
0
5
3
2
4240
3
7
2
5
19
121
3
2184
5
3
68
1297
1
61
4
7
3
4
4
19
5
2
4
3
3
3
3101
6
6
1
3
5
44
4
2
2
50
13
72
43
9098
6
4
3
6
5
8
6242
4
2
2
50
5
5
16
4
2
4
54
7472
235
4470
184
1
5166
3
13
6003
1
3
8
2
3
2
3
7
1
3
4
2
4
5031
4
3111
3
24
9
3
3
34
4044
5
15
3
18
8022
7
11
83
2
6
1
4
5
1
14
161
11
1
2
3221
2
16
50
5
4
5
4
4
4
11
11
1
18
13
2
3
21
10
1
22
3
5
7717
76
2
2
3
3
1469
139
16
39
4
2
4
464
5
3
3
3
9003
2
9
2
6
15
2
6
3
2
5
16
8641
1
1
6
3
5
44
2
3
14
35
3
2
15
5
3500
91
6
5
1
4258
38
2
17
4878
1
2
4
1
3
1
4
86
4
1
5
13
4
7
19
3
1
1
1
2
6938
2
1
11
35
3
4
1
8513
5
6
1
3
22
194
4797
13
4
2
3
11
3
18
63
17
4
17
6
17
4
3
1
14
16
0
35
0
3
2
3
10
4
5288
2
2
15
18
21
90
18
4837
4
12
3
7713
29
12
1
9
4
4
5
1
4
20
9
4
16
9
53
5655
5
3
2
3
11
3
1
7809
7
1
1352
6923
4
11
3
6
39
23
11
4
2
11
8841
3
3
3
2
11
3
1
3
3
1131
14
6673
0
10
4
4
1
6
2
8
6
7340
10
13
2
67
3
2
3668
141
4379
1
2
5
4
3
26
10
14
4
3
4
89
2
19
1
1
2
14
1
11
22
4643
3
2174
44
6055
2
5
1217
8
4
5
1
3
16
8302
4
1
2
48
1
44
8091
12
6
1
1
5
6
3
20
12
33
46
2
2
0
24
6
48
18
2
2
9
4
8
5
2
1
6
4
0
5
20
3
1
2134
4
2
12
4
1
7
6
6
8273
8
3
6
4
5996
41
2
3
8633
1
1
2
4
6
131
1
11
5
5
4
26
4
3
3
50
2
10
3
7453
18
3
17
2
3
1
2
7721
2
6
11
12
2306
10
28
1
4
2
8556
23
1023
2
7642
158
5
30
19
12
6007
19
8
3
4
3
2710
14
46
3
3592
2
678
1
573
5
20
8538
4
11
1
1
5660
1
6
5
8674
14
5
5064
8890
6
3
5
15
3
5
246
7419
4
3
4
1
5
4
1
4
7
9
1
1318
2
5
2685
1
4
22
1
3
14
3
3
68
3
1
10
22
17
2
9
16
3
48
70
4
53
4
6
13
4530
1
6139
1
5
6
1129
2
5
7
9
2
11
10
20
17
13
6961
2
2
1
4
6921
17
3263
15
4
2
3
312
1
2
5
8018
1
13
1
6
3
6
1585
0
5
5
6
3
6
4
5
4
3
23
13
10
4
5
7
13
1
5
2
1
15
15
341
3
2
32
14
1
4
2
8476
16
1
5
5
286
1
217
6101
6
5566
14
8
1
2285
2
3
4
7
3
4
4
6
4
6
20
16
22
2
3
2633
3
2
1
12
1
2
2
5
5
141
3
4884
4
19
2
8143
1
6
1
4128
3
3
4
5
8656
3
29
5
2
2
10
4
4
6
8248
4
17
5
14
4
2
1
3
14
5863
21
2
11
10
3
2816
6
2
0
1
3
5
8832
3
2
5315
0
3
7
2
11
8
4
3943
7
4
8746
6
3
1
2
4
3
3
13
3
5536
3
21
8
39
12
23
88
46
8262
1
13
56
6
5
3
1971
6
4
2
3
4
2
6
1966
2
2
4
167
17
6
1
0
575
2
2
11
0
21
11
4
3
6049
3
8507
3
7
10
3
7220
3
5
4632
6
3
3493
3
5
3
7
16
2
2
2
21
8276
3
6
5
2
3
8169
1
3
1
16
10
5
3
6002
6
75
7
1
3
9
3
28
7516
6
4
129
5
4
4
1
1
1
3886
1
4
2
22
5
5
3
3
4
5
1
6
5
6
2
4
4
0
0
5
2415
4
57
0
53
3
4
3
3
8849
3
3
6941
12
5
2
4
6
5
4986
5
3
3
160
14
5
3
3
17
4
5
4157
3
3
13
8057
3
1085
13
7249
10
7622
20
7
6118
8
3
9031
21
5301
65
14
2
2
17
4553
2
73
1
3
3039
4
4
4
4
8374
4
4
4271
48
1
19
7
7
16
13
6
4
5496
1
6
2
1
7
9022
3
3
1
2
8
3
5
4
4
4
9
2
4495
3
4
3
0
30
4
5344
12
3193
3
1
1
4
21
2
3
13
3
6
8
3
2
4863
3
4
11
21
162
13
6
3
2
12
196
13
19
14
3
4
5
3
3
3
3
0
8748
4890
5
2
2
2
6
1
1
2
3
3568
2
1
7049
5
1
4
192
7
4
29
4
1
3
10
3
3
30
4
5
11
14
7419
7
1474
5888
8
4
1
10
239
2
7
3
4
7
4
3
435
1
9
3
3
50
801
4
45
17
1
0
1
5
7
5
1
1706
19
8598
64
7
6
15
4
0
3719
1
4
51
5983
7
2
4
43
4
2
4
5
3
3
8
2
6
8867
34
6
5
7
4
3
4581
5
5
10
5
5
17
3
2
6
4
8
9070
4
6479
20
25
1
3
14
6325
5
8
6
8182
5
16
2
1
2
12
6
4
77
3
4
2
2
3
4
1
797
2
5
6665
3
3
6814
29
3
5
4
42
8
6
6
3
1
5
6314
5
4
3
5784
1
9078
6
5
13
976
6
3
2
73
4
32
1
3
4
1
1
1
9114
12
4
16
3975
3
1
4
9
4784
4
4
4
25
25
2
3
15
235
2
0
14
2
7691
3
56
42
3
2
815
6
3
10
16
4
4
4009
6
3
3
4
1
7
4
4
20
5627
4
3
244
4
28
33
7774
8
30
6
14
6527
2
5770
2
3
2
3
6
363
19
28
4
7
10
1
1
4
567
10
6926
10
2346
5
16
50
8
1
19
3
1
3
19
2
3
7
3
12
8033
4
1
5
8505
14
5
4
3
2
9113
9
7
430
8520
6
5
24
6
7
2
2
26
8311
3
0
4549
42
4
6345
2
3
2
4
12
4
2
4
1
2
15
1
3
1
3
1585
6
24
4
19
4
6
3
11
6
3
4
1
2
10
4266
4
5
7
3345
2
3
1
7950
6758
4
2
7
4
3
13
2
3
5
1
2
3
4
5
2
2
2
4
1
2
4
269
20
4
2
3
7
2
56
2
4
4
12
8926
7
5
5
2626
3
1
20
115
9
3
5
9
0
0
22
54
2
5
10
5
1
5
11
6
4
6625
0
3
2
7
5
4
3
2
3
4
0
4
5
288
4
9
5
12
34
6
7711
1
3
3
1
3
29
6
7664
3
4
8505
5
2
1
7780
5
3
1
3
3
5
3
3
1
1
2
946
72
5
4
0
141
3
1
5
2
4
0
2
22
4
2
7411
15
1
1
6
7526
4
13
9
5
7
2
1
5
11
1
3717
0
8
3
5
6
8
53
11
1
4
14
1
5
8181
3
44
0
2
5
70
31
3
7
3
3
7719
14
8
5
8809
4
8375
8431
4
93
6
3
13
48
15
38
6
1
2
22
2
6963
7
8
24
2674
11
5
14
4
4186
4
4
8
5807
5
6
1
3
11
5
3
5
3
16
8212
16
1
203
4
6
33
11
3
3
8063
4
3733
8
3
3
2
4
10
8
211
6
22
6
3
1
6766
6
3
1
7875
5
4
1
4
293
261
6
1
0
4
7
6
3
5
1
3
2
14
61
22
3
122
1
3
5
4
5
3
8
5
8681
4
3
3
3
1
3
53
2
3642
12
4
5
4
6
3
8020
4
16
858
0
2
1
3
24
3
2
3
41
4
5641
1
13
2
1
4
28
668
3
4
6
5138
9
1
1783
5981
9
9101
14
6
3
5
4213
5
14
2
3
7
3
5
6
2
6
5721
4
8944
5
6
31
22
87
3
4
61
3
0
8
14
3
7940
19
4
3
172
9
6
7
1
9
20
714
49
77
4
1
9091
1
1
1688
4
4
11
51
3
19
3
2
44
7
4438
33
15
3
15
3
6
1
2
3
136
37
1063
1
7
16
2
3
5
92
7
2
14
14
29
5810
19
4
3
15
3
1
0
8
13
1
6
108
2709
4
16
2
2
3
6
1
13
1
49
4
81
3
0
7
3
2
4
4
40
20
1807
16
24
1
14
3
6
3
3
12
12
2
61
6535
4
1253
6
7815
3
9
7
12
1
1634
5
5
4
4421
3
17
9
5
3
0
5
23
11
1
2192
1
2
8
8534
1
5
1
11
14
30
4
2
191
5
13
6
3927
4570
301
3
3893
5
7851
1
4
3
4
20
3
2
24
12
6664
3
3
11
20
3
3
3
4
2
5
8928
2
3
3
14
4
5
1
3593
9
6125
5
3
56
118
0
5410
2
5
5
1
2
8298
5
7989
24
28
10
5
8402
4
4
3
1
5
19
12
3
4
4
16
11
22
4836
15
8322
6
4
3
1
39
3
8789
3
3
2
2
3
43
5
4273
8850
3
6
13
2
3
9
2
5
9
2
3
1
4
5
1
0
8167
3
4
29
3809
3
15
3
6
2
8888
4
5167
4
67
4
3
1
8094
2
6266
7
86
3
1
4
11
5
5
3
5
1
18
21
5
14
6
20
6
2193
1
5
3
5
13
68
5514
5
3
29
3
9
2
260
1
8360
5
4
7
0
0
4
3
5
4
5830
1
4
3
5250
8693
5
4
3
0
11
68
8561
7
4
50
48
8
4
14
1
9
8
7
3
48
28
4
5
5280
3
6
12
3
4
3
4
15
1
8
2
5916
16
2
1
379
4
3
5
8651
13
3
3
10
17
25
3
2
5815
1
5
7643
0
4
3
2
5
11
9
14
23
4
3
2
1047
6
4
2615
14
4
4
0
6
11
5957
4
3
4
3
3
8122
1
13
2464
43
4
7
1
4789
4
2
5
17
4
51
2746
62
2
1
4461
6
3
2517
3
3
4
14
6
7
5610
4
49
5
1
13
5
7
6288
3
3
3
16
12
310
8
1
6441
5
8295
8
8858
4
20
12
4
4
18
3
722
4854
4
3
5
3
4
3
25
2
745
3
20
5
3
2
11
10
13
15
4
3
10
8
4
7
2
8
5621
23
4
4
5
4
2
13
4
2
7
14
2
5
58
5
35
3
3
4785
3
8
6
5
2
4
3
1
4
3
12
10
4
0
3
1
6
1118
0
3
2
2
152
1641
5
11
2
2
9
3
3
1
3
6907
4
1
18
39
3
2
2
10
2
12
5
2
8508
1
3
8408
3
4
6
3
13
458
4
13
2
3441
4
3
4
1
5
5
458
1
32
15
3742
6
34
229
8831
4
1461
4
2
3
2
3184
4
2
7
4
9
13
1
7
1
3
9
0
5
14
8854
5
5
12
4
2
3
20
3
8715
2
5
3
3
12
1
2
5068
2
4
5
2
14
11
4177
2
5
1
5801
5
7163
2
2
15
2
2
6944
1
3
4
5868
5
12
7
7
8107
5
3
42
3
3
9008
4
4
2
4
1
20
1
18
15
4
17
0
7
4
3
2
6
6
3
4
6473
3
2
2
8843
1
6
6
4
69
4
11
4
48
6
11
3
5
22
7
4
3380
5
3
3
13
3
3
2658
9
1
3
4
3
11
22
30
15
3
3
3
12
3
6
2423
51
5
4
43
2
2
55
0
0
6
0
83
4520
4
12
8921
1
2
6
6
61
1
147
1
4
12
32
0
6
13
1
1
17
2
1
90
5
2
2
1020
2
2
3629
2
3
2
5
2162
4
3703
15
1
5
198
4
3
8
2
7240
4
7
3
3
8
22
49
3
3
1
3
9
6
3
2
4
1
12
9
12
2
4
3412
7827
5
3
4395
3
3
5012
2
3
7881
4
11
2
1
2
2
3
1
5
4
5
2
3
5
7802
4
5
10
1
1
6548
2
14
34
18
5
5
114
6
1
3
14
14
17
14
1
5
9041
3
2
3
3
3
4792
6096
4
7
8
8
4
3
3703
2
2373
1
5
1
1
2
69
3591
2
4
5
5
3
5
2
4
19
3
3
6
6
4
31
3
8
1
3
2
42
10
13
2
802
3
18
1
12
3
9
15
10
0
2
0
1
2250
21
2210
1
13
2
8
77
1
8926
6
3
1130
4
1
2
6
3
4
6
1
6
3
4
5
780
14
4
3
2
0
3
5
0
2
1
1
6
8
3
4
90
4
1
5
1
4
335
3
4
2
2
91
1
4
2984
4380
5
11
4
0
3
3
1
46
4
8685
11
35
3
5
1
8608
5
3
4
8330
2
3
1
5
4
10
1
2
2
2
9045
7
15
5
24
4
4
5960
5
1
2
2
148
4
6
73
6518
4
2
3173
3
6900
1
26
4
3
333
240
8
1
7
9003
3
4
3
3
6
11
15
4
1815
3
3066
6175
5
7862
3
7
9063
6
3
6
5
3356
17
3
3
14
11
2
0
3
4
2
2
4
9
0
366
3
2
13
4
209
2
2
6918
3
3712
10
11
8
1
4
5
0
325
6
1529
4
5
9047
2717
4
4
2
3
5
4
13
7
1
2
3
8727
1
0
3
3
2
3
6
237
4
4
23
5
4
7233
3
17
19
3
8910
2
7
9
4
4857
8
3
4
5
37
6
6372
8
1
7281
14
0
3
0
20
4
7
6
2
8486
10
1
3
10
7
4
10
3
705
8
1
8585
6
2
11
7368
4
1
8460
12
0
3
8736
6
4
4
6
7764
46
34
1
4
4
13
3
4
17
5
3
4
531
2
15
6
3
7237
7
1
3
1
8
3
4
14
8
24
2
6
2305
3
3
8409
6
47
14
5
3
0
1
18
4
3
3
4
1127
6
2
6999
1
20
5
11
9034
4
1
2
4
8
2
3
2
4
18
5
7
4132
1
5
53
7
10
17
19
2
5
4
4
5
3
1418
4
7483
5
55
3171
0
5
117
16
2
3
1
0
6
1
5
3
4
3
9
27
3
1
10
2
1
0
3
3
3
4
3
5
10
7
182
5
4
3
6949
8
23
1
1289
12
4
132
19
4
6
5
0
2
21
8701
15
4
3
2
4
10
9
5512
3
4
1
117
11
4983
4375
27
7348
3
5
3
4
3
2
4
6056
0
4
5
4
8
3
1
1
18
5051
4
2
167
3
2
4
16
1
20
3
6
7
1
2
8959
2
1
2
15
1
3
2
10
28
5485
4
11
1
2
5344
3
4
4
2
3
9
9
0
243
5
2
3
15
6
2
4079
4
5
4
8
2
1
17
4
4
3
3
14
7516
3
3
3
2
4
1
5
1
6
10
3
2
9113
6
13
6
1541
17
5
4
7756
2
16
20
2
5
15
4
2
3
2
5
8888
1
1
5
1754
5
2
4
6
14
5
4
63
5
13
8
3
5
13
8
2
5036
3
36
6280
1
4
4910
1
8
65
2
3
12
12
17
2
6
4
1738
7
4
5
63
10
1
5
37
6
1
3
4
6
5
17
16
56
3
1
4
0
4
8742
3
2
5
494
5
0
2
6
8963
2
1
6024
2
5
3
2
7
3055
1
13
11
6
7
4
2
3
4
4
20
5
9070
3
2
5
2
2
7
20
2
9
3
16
4280
6
7
6616
7
10
1
3
10
4
3
2245
4
5
1
3
1
5
0
5
3954
5
0
4
8458
1
2
2
4
3
5
3124
3
5
41
4
9080
5
3
3
3
3
6022
3
5447
2
6
5
0
7857
8
3
23
17
2
13
2
3
0
2
5
0
3
671
2
2
2
1
2
3
23
4
3
5
9
10
4
7560
5
8353
6
6
5
3
6
5
4
2
3
1
8528
8
21
1
14
2349
5
19
5
5
4
2
28
5
4
3
0
5
3
6749
2
62
38
20
3
5687
386
1
10
4
2
9062
13
5
21
1
8258
5
4
5
1
3
2
3
2
2
2
20
3
6
4
2
5
7310
1
1
3
3
3
3
2
16
7697
7
3092
1
4
9098
14
3
5
2
3
6
1
8984
1
3
3
0
5
4717
5
2
2
5
0
7774
18
3
3
3
30
2
2160
10
3
9094
4
3
6
2
1
2
4
3
4
9
2
4
3373
4
2
2
10
3685
4
13
5
5
3
8026
9
1
3
2
5211
17
2
2
48
10
1
2
19
3
4
12
3
123
4
14
5
3
1
6714
2
2
5
15
5
2
4
1
4
4
8
4
3
4
4
6
3
8
1
2706
11
3
3241
5
8062
3
2
4
113
706
4
3
6
3
0
36
1
5
34
14
9
12
1
3
10
9
5
5
103
5
24
19
7937
1
3880
3
2
7
3
3
11
7
3
16
3334
13
2
2
2
11
13
6766
4
16
5
15
5
0
2
2
2
876
4
5
3
3
3
6
7
6
2
3
1
2
5
7
4531
3
2
8700
2
3
7397
1
2153
4
6
15
1
1
3
8433
1
3
2
4
3
7
37
2
165
7
2
3
14
3
3
3
3522
3
49
138
1
1
3
8
43
1
3
54
19
3
13
3
8
10
7286
14
4
4
1
15
3
4
0
3
6
4
7
2
4
4568
4
2
9
5
7
576
5
2521
2
3
3
6810
3
4
1
5
7
4
10
4
4
4
1
3
16
0
4
8286
4
2
34
22
4
4
2
15
4
5
3
5240
2
55
0
8548
1
3
151
8
1
7
18
2
3
2
4
6
3
14
8
1754
1
7
5618
3
7
4
5
4
3742
4
1
6010
3
1623
4
6
6
2
8205
3
171
3
18
2
5
4
2
2
1
2
5
3
8
2
5
1
1
6
5
1
2
17
14
23
7
4
5
3
1
200
4
15
8948
6
6
5
39
4
57
7
5
5
1
1
1
4267
3
0
25
4
14
0
15
2
1
3
2
3
14
4
13
5
7231
2
7440
6
1
4
14
8840
4
5
3
8518
2
21
3
3
5
8977
7
7300
17
2
24
2
2
3358
68
2
17
6
19
17
5
2047
4
5
4
2
3
14
4
11
2
5
4
6
21
3
2
2724
3
4
12
0
1
6699
2
6
3
46
4
7
8
19
8
4
4
2
3
5
210
3
1993
7
4
1
3
1074
5
15
3
4
19
2
10
4
10
10
8785
9101
61
6
5098
3
5
3
5
1
4
4
11
5
7
1
1
4
4
4
8847
4
6
4
1
6
5
1
9106
9
7
3
36
5
9037
0
17
6
4
4
5
50
14
3
4
0
8974
4
30
3
3
4551
5
4
0
3
1
26
5
4508
5
3
5
2
3
1
8584
5
5
7
6
0
8
4
3
20
5
1914
2
7354
254
2
4
4
1
1781
3
5
4
44
9077
10
7104
11
9002
4
9055
8
3
5704
10
7
12
1
49
4
3
6
6
22
16
12
2
5402
12
51
1155
2
7
11
8731
4
5
5
58
3
6
2
4
5
1
8
5
1
238
2
3
3
18
3555
2
3
1192
7
28
20
3
3
3
3
9
3
21
14
13
3336
1
6
5
17
74
7097
47
2
3
4
11
298
17
3
5
12
18
1383
2
8033
13
1
3
4
8
4
2
3303
8
6
6
30
3
5
203
8558
3
4
2
4
21
4
1
2799
3
2
9
7
3
5
21
1
9
8906
5
10
2
2
5
5051
5
5
4
14
4
2
3
3
0
2
4
439
1
1
2
2
8
5
1451
50
4
28
4
9
60
12
8217
4
8
2
0
206
3
6
2143
3
4
3
0
4
5
7191
311
7976
58
4
3
9002
6
1
0
2
6
6054
5
5
7
4
3
5
982
2
6757
6
5
3435
10
46
4
5
0
2
2
6
3
2
4
3
8815
3
2
2
1
5
7539
2
6
15
5
7
5
4
5
3
8337
3
5128
3
3
2
8857
2
47
10
0
18
4
5
11
12
3
4
4
11
3525
5
2
3
4
5
1035
0
3
2
10
4
1
1
4
8
6
1
5
41
3169
3
6
4
6
11
6
5
2
7522
6
4
12
3
2
12
19
22
17
3
5
5
5
3
1
2
2
1
9
14
1
3
13
192
3
3433
15
2
3
1
4
1
3
140
4
65
18
2
4
2
11
3
15
2
8495
1
3546
5
51
5
5
13
3100
3
83
5
14
2
6767
49
2
4
43
4
4
7705
36
4
50
5
5
4
3
4
2701
5
6
2
3
3
1
3
2
23
44
2
23
11
4
6826
1
3
7268
7
27
1
6
1
4
3
3
3
2
9
2
36
9
11
3
2
2
14
48
5
1
5224
4
23
14
0
1
14
4
8432
5
8714
1
4
6
14
13
3
8
2249
9
3
4
4962
7
3
239
0
3
1
4
5
4
4
5
4
7
7642
6
3
0
3
1
4
7552
0
60
5
2
43
4740
12
3
8
4
4
14
0
2099
8
17
4
3
8
1
3
13
4
8847
4
6
7
8334
2
4
4
2
5624
4
2
4585
5
5
1
5
1
563
5
18
6491
5
5
3
5
11
3
2
1
3
1910
5
5965
9
6623
4
3
5
18
4
41
8053
6
1
1
28
3
6
4
2
10
15
4
3
3
4
7026
1
6
8020
0
2318
3
3
6286
7
3
3
1
5
6
1
1
17
14
3243
12
1
4
3
3
4
2898
4
3
15
6527
3
6
3333
1
6770
4
3
44
5
5
3
7355
3
6
2
11
3
8728
1
4
1
7607
14
12
5
8
1
3
5
1
8
6
4
3
14
3631
21
7392
10
8256
8
4
247
3
1448
5
7
3
5
23
1
15
5
5
1
5
0
7
6
5
5
3
5
1
1
1
19
6
6
8383
13
5
2394
12
5850
6
8112
1
1
2
1
4
15
21
19
6
3
2
2
3
2
6
6
3
1
6910
1
1
3
4
2
5
26
2
2
6
3
7
3
34
3
4
6
463
5
4
15
4
16
6
5
10
1
18
2
3
1
4
6902
4
7880
23
5
15
3
10
2
3
48
30
10
5
5
50
2
43
27
3
1
3
539
6
1
1
15
66
1
15
9064
4
3
2
17
7093
9
6
3
4
6
10
7
2080
9
8481
14
5163
3
2
3
3
6358
3
5892
5
3
3
13
35
49
3
33
10
2
5295
2
3079
1
1210
32
2
3
4
1
24
4
0
4
51
11
5503
5
78
3
4
1
3
7
291
3
3
4
5
3
1
3
4
6992
2
3
1
17
11
4
3
3
5
2
6
3
6
1
3
4
6
0
2401
25
2
6
7615
21
2
3
4
5
21
3
8563
7
13
3
4
1
16
11
0
9
2
4
6
19
15
4
8966
5
2257
4
3
5548
2
2
23
8
14
3
1
10
2
17
5
3
5
5672
3
12
1
8763
14
4
2
5
10
7
51
21
1
1
18
44
0
6
6
3
14
5
2
2
3
3
34
2
5
2440
4
8
3
1190
1
8524
7
8
7810
2
34
582
4
1
3
2
12
3
4
0
13
7988
1
7706
1
7903
6
31
5
3
14
2
5
39
8303
1
4
12
2
1
1
3
3
2
3
8788
4
2
5
59
103
3599
4
15
4198
19
3
3
1
5
5
7881
4
3
29
6
13
7770
4
1
4
4
4
5
4
3
1
4
5
4
2
1
8619
22
6
1
33
10
3
3
5379
5
12
8
3
1102
4
4792
3
5
11
25
3570
23
1
9
3
4
14
5
13
5427
2
2
7
13
2
6
53
7
3233
8
5
6
6
3
2
3771
4
4
1
8
4
4
2
1
3
0
2
16
91
2
12
2
5824
6
10
24
4
6
6016
4
6440
7
5
6
191
11
7
2
13
5
3
2160
12
6
8
10
3
8
7891
19
4
3
5
4
2
6
5
1
1
3083
0
2
4
5
3
3
3
4
3
3
1
40
3
6661
4
5705
9046
6
2
8
1
4
19
2
1903
4
4
4987
1
8911
4
4
1
0
3093
6
5
2
3
1
4
13
4
1
5
11
4375
18
2
1
3
1
3
3
18
3
1
4
6
14
4
3
1
5
4
3
1
5
0
4807
4
2
2
0
6510
7
31
3
3
2
1275
18
2
3
236
3
4
0
3
184
9
16
4
2
1
4
1
4
5
2
4
4
3
6
5834
5
5980
0
1
2
0
6989
7
9056
2
34
5
3
15
3
1
2
3088
0
1205
1
6048
3
5
3
11
3320
5168
3
11
1
5856
1
2
5
15
4599
1
9
1
2223
5
19
3
3
4
2
5
6074
2
3
6
8
15
12
3
3
7914
3
3
7
1
4
1
5
1
4
1
6
0
2
2
9068
5
3
2
7223
5
1198
6
0
21
16
5
5393
3
7483
14
10
5
16
1
1
3
6
4
4
6560
6
3
6
3
4
2
15
6
18
85
1
5
0
0
2
1
4
6
13
4
4
5
6198
3
4
570
4
8897
2
2
5
3
7174
2
1
1
35
2
15
8
3
11
37
2
1615
7
3
4
2
6
2
4
4
4
2
5169
18
55
16
5003
1
2
14
4
4
2
1
5
3
182
3
2
4
3
1
3
18
2
6
3
3
2
3
80
7445
2
4
3
3
3
8575
4
3
6
20
15
13
2
3
8876
11
1
6460
3
10
2
3
5
1
4
5
14
5
0
2
6
5
18
4
1
4662
3
18
4
0
2
4
19
5
2
5
3
2
41
20
5
3
1
2
6
8
6
5
3
1
0
2
6
4
3
1
2
5
1
5
7231
2
1
4662
3
1
11
63
5042
4
2
5
2
5
7940
2
3
8911
3
4
2
5
1
5
3
2
3
6
6
4
5
2
2
1
14
2
17
8782
1
15
3
10
6
15
4
7
1
5
15
4
3
16
13
64
12
3
4
6
4
2
2
3
2
9093
3
1
4
2991
11
1
16
20
5
2
3
2
3
4
0
8261
217
4
3
10
3
4
5578
1
1
4
2
10
3
12
1
10
3
3
6686
6
25
3
12
2
4
21
1
4
3
12
32
14
3537
1
12
10
9
9065
1
2
2
7697
2
4
38
3971
8
1
2
4236
5
5
1
29
37
3
5
4
451
17
10
1
6
0
14
3
7
3
6
3
3
6
5
8
4
4
2
21
1
3
1
2
8448
3
45
2
1
4
3
3
1
4028
5540
2809
6
3
4792
5
44
7177
3
34
17
6
4
2
8
18
4
0
5
14
3
1
97
6845
5
8
4
2
11
5
2790
3
2
5
3
1278
1778
1
3
6236
6939
7
12
6
6703
4
751
5
2
9
5817
3
8
1
2
5
4
5
3764
1
3
1
45
20
2
3
2
1
3
5
11
2
4
5
15
4
3
340
175
7553
1
26
3
1
3
9
1
1
5
1
2
5
3
9
6
27
7344
9
4
7345
3
5370
3
5
7943
7
8706
3
5
37
0
3
3
5
7
4
1
30
7492
15
322
14
6
5
32
15
4
8
6703
5
2
26
7968
9
4138
180
6
4
3
3
2
3
2
19
0
3
4543
2
3
5
5068
14
1
1
1898
7
1
2
9092
1
3
35
2
5
8899
5
2881
9
4
4
4
176
5973
2
4
0
14
1
4
1
141
3
3
4
1
3
3
6
10
1
7
4
4
6
21
2
27
11
1
5
2
1333
3
2
55
3
0
6010
4
3
3
2
6
10
2
6
8
4
9
4
0
1
0
5
4
2627
1
5
133
3
5858
2
114
1
5
7654
4
4
5
5
3
16
4
94
3
6
9
5473
3
4
1
8251
4
2
6543
5027
1
5
3
3
8
6616
3
1
17
41
3
7
6
3
5
1821
0
1
7
2
3
6
5
8890
7
2
2
5
59
0
8584
7
9
3
4444
6
9
5
15
5848
6
3
5
4
2
3
3
10
5
393
5
10
2
1
10
4
6
3
3
5
7546
8
3
26
3
18
9
53
7
2
7
88
16
6956
3
5
3
3
2
3238
7
11
2
3
9
13
8
1
0
3
11
6
0
4
5
0
5
6
4
45
2207
0
2
8
3
14
3
6
15
3
42
5
9
4
3
4
10
8774
9
6
5
4
1
3
3
12
9
334
3
47
5
3
5
2
1
3
2
0
18
6
3
19
5
0
3
1
2
2789
7
2
13
3
1589
0
0
9
5
5
1
878
5
9020
77
14
0
3
3
3
15
3
2
3139
5
6963
4
15
7251
5
16
21
0
4
2
5
2
2129
3
0
19
4
5
1
1
47
4
6
7738
2
3
3252
2
3
3
8
4
3
4
5
6
3
12
6
1
4374
2
3
5
3649
1
6
10
5443
12
4
884
5
1
22
1
4
2
2
59
1
7268
1
8747
6
3
4
7
4
9
38
0
4
3
10
2
29
2
163
3
1
4
7
12
4566
3
4
6
3
3
8207
8
1
4
2875
2
1
5
2
7944
5
4
21
3
2
4
5
6905
3
1
12
1
1
3
4418
3
3
331
21
3
202
4
5
1
6
6
6516
5
210
6
3
5107
4
2
4
4
4
4
8545
3
7
2675
13
6719
5
15
15
1
41
1821
