1437862
1437862
1430107
1437862
1437862
1437862
1437862
1435136
1437095
1422820
1437862
1437862
1437862
1437862
1437862
1437862
1437862
1421986
1437862
1436513
1422762
1432774
1434910
1437862
1429947
1437862
1433491
1435675
1437862
1431887
1437862
1437862
1431634
1437862
1437862
1437862
1437862
1432367
1437862
1433945
1437862
1430461
1437661
1435402
1435800
1437624
1434456
1437862
1437862
1437862
1434270
1437862
1437317
1437862
1437862
1431671
1437862
1437862
1437636
1433648
1437862
1434404
1436320
1437256
1437862
1430353
1437862
1437862
1437862
1437862
1437539
1432023
1430317
1423439
1422617
1437823
1435130
1437862
1437862
1437862
1437862
1434640
1437862
1422422
1432232
1437862
1423049
1437862
1437862
1437324
1437862
1434297
1430997
1421772
1430951
1437862
1436675
1437862
1437862
1435265
1422052
1437862
1437862
1431832
1437862
1422979
1437862
1437862
1431740
1437862
1437862
1436259
1437862
1437862
1433271
1434077
1437862
1433713
1437862
1437862
1437862
1437862
1437231
1437862
1422365
1435904
1437862
1436999
1437862
1437862
1435618
1437862
1436931
1437862
1435837
1437862
1435516
1433775
1437862
1422531
1431008
1437862
1437862
1437220
1436147
1437862
1435640
1437862
1437862
1437862
1423033
1437862
1437862
1437862
1436033
1437862
1437862
1435930
1437862
1437862
1436151
1423039
1437862
1437862
1436787
1437862
1430036
1437862
1437862
1437862
1437862
1437862
1437339
1423401
1437862
1437862
1437862
1437862
1435359
1437862
1437862
1431708
1437862
1437862
1437862
1437111
1437862
1437862
1437862
1436676
1437862
1437862
1434438
1437862
1437862
1435086
1437446
1435674
1437862
1435894
1437862
1437862
1437728
1433889
1423444
1432542
1437862
1436729
1437862
1433619
1423067
1437862
1437467
1437862
1437770
1437862
1421954
1437862
1433330
1437862
1422959
1437862
1431163
1437195
1437862
1437862
1435896
1434875
1434404
1437862
1435192
1435902
1437862
1437862
1433639
1437862
1431471
1423431
1432771
1437862
1432181
1437862
1432201
1423247
1437862
1435667
1431326
1431568
1430071
1437177
1431326
1432626
1429901
1437862
1434539
1437862
1436097
1437862
1437862
1437862
1437862
1434415
1433917
1437862
1423331
1434224
1437862
1437862
1432811
1433691
1432239
1430958
1437862
1437862
1437862
1431122
1434419
1437862
1430868
1422234
1437862
1429691
1421757
1437862
1435255
1437862
1437862
1437862
1422609
1437862
1422838
1429760
1433539
1437862
1437862
1437862
1434193
1432655
1437862
1431197
1437164
1432409
1437862
1432718
1437862
1422117
1436879
1430117
1433334
1437862
1436010
1437862
1435709
1423333
1437862
1432331
1437862
1437862
1437862
1437862
1434829
1437265
1436571
1437862
1436217
1432409
1433387
1437862
1432122
1431004
1437862
1437862
1437862
1431456
1425414
1437862
1436217
1437862
1430111
1421830
1437862
1437862
1436977
1436436
1437862
1432986
1437862
1437862
1432228
1437862
1437862
1423080
1437862
1437862
1435785
1437862
1422857
1437862
1437862
1422206
1431382
1434888
1432989
1437862
1437862
1435559
1422606
1437862
1430820
1437862
1436431
1435347
1437862
1437862
1437862
1437862
1437862
1437862
1429885
1435004
1433497
1437862
1437862
1432263
1437862
1430226
1437862
1437862
1437862
1437862
1437862
1430932
1435984
1437862
1421748
1421862
1436133
1437862
1429868
1437862
1436243
1422289
1437862
1436054
1437862
1430625
1432472
1431732
1437186
1435427
1430031
1434041
1437858
1437862
1432400
1437862
1432972
1437862
1433567
1431587
1437862
1434165
1432247
1437435
1437862
1437862
1422510
1437862
1436874
1437862
1437862
1422068
1437862
1434364
1437862
1433251
1436889
1437862
1437862
1433815
1437862
1436154
1437862
1437862
1437216
1437862
1430738
1437862
1432316
1434180
1431378
1430662
1437549
1437862
1422364
1437862
1437182
1437862
1437862
1437862
1430599
1435952
1437862
1437862
1421849
1437862
1437862
1429953
1437862
1423475
1437862
1437862
1436114
1437862
1437862
1437862
1437862
1435145
1436411
1437862
1421881
1434722
1430661
1437862
1437862
1436557
1437862
1431012
1437862
1437654
1437862
1437862
1437862
1437862
1437862
1437862
1422492
1437862
1437862
1437862
