500 2000
759 864 6118
36 474 14707
1040 1170 7755
666 819 2707
1815 1937 5268
741 792 15083
621 932 81
656 1170 2726
191 1325 767
1017 1177 15042
72 833 7231
314 355 6508
1884 1927 6782
403 970 3796
1252 1449 3194
1238 1753 3325
1897 1984 5430
390 1983 15876
289 812 3635
978 1737 1349
293 1448 15100
340 1251 5088
185 1774 2952
1520 1587 16043
683 1330 7915
1473 1616 16034
721 1231 4371
100 1167 2187
1261 1841 7287
846 1256 5975
119 1001 1151
320 528 7721
463 1326 6228
565 933 1757
1292 1557 1486
257 430 2803
478 976 7343
99 1152 5495
545 910 1632
119 1645 3917
7 896 6910
310 1871 7401
881 1468 201
253 1947 2460
75 1547 2062
817 1512 238
216 1485 3406
403 733 6825
312 1034 1652
1484 1614 14763
840 1683 3592
1477 1585 15041
1101 1589 545
1386 1620 14884
1798 1944 2085
313 1992 6191
320 393 1845
54 1088 3417
1046 1657 226
417 1905 4214
95 288 5891
324 1531 3458
533 1983 1542
165 1405 606
193 561 3895
1043 1965 7509
75 631 3095
57 621 3263
365 506 2745
1141 1283 324
1109 1611 323
813 1844 5839
866 1594 7545
836 1637 14423
68 1143 15245
775 1155 39
749 1933 2732
435 523 15195
140 771 5045
1584 1597 5653
1395 1768 6787
416 1959 3222
3 766 7639
787 1960 15440
1005 1150 5630
11 989 7470
339 1660 14813
1414 1472 5903
24 425 3687
1092 1815 538
5 1009 7650
546 1556 3565
1020 1371 6865
822 1879 16090
624 1331 6911
1238 1741 16147
258 1493 1187
358 409 14966
1469 1771 6711
1044 1939 2597
619 1631 15810
1184 1704 2473
1622 1678 4432
942 1805 6030
1126 1223 6884
189 1205 14883
9 830 1280
19 1024 6446
115 1594 6122
978 1103 4841
1359 1712 904
1066 1324 1603
1425 1918 15631
1668 1839 4420
140 1481 4591
637 1382 3785
1806 1850 4196
1118 1646 4149
88 1035 8170
339 423 3710
93 690 2363
768 989 2277
412 1817 631
1731 1748 15782
339 1913 15497
847 1548 1958
419 1007 14652
107 1264 863
1568 1767 7848
370 649 1973
194 1465 2244
1358 1483 6347
658 1867 931
95 867 7386
14 1909 2025
687 901 4743
1009 1864 2346
555 1200 4087
546 774 5826
127 1415 15331
343 1675 6854
515 770 2890
1266 1505 2190
608 1505 642
752 1501 1715
502 781 5632
1021 1125 2222
2 911 5142
1311 1990 15823
115 1004 374
847 1702 14829
1672 1724 5633
1403 1568 5943
3 573 14756
145 1263 1829
161 606 7059
429 634 2880
920 1420 1932
1750 1858 6192
456 716 3669
997 1251 1711
990 1302 14823
132 384 6610
534 899 5347
756 1507 1075
1330 1526 15392
310 1938 7826
414 519 14387
1272 1466 15367
1251 1985 703
341 487 3025
106 429 6302
712 1160 523
1091 1432 14461
201 799 16124
88 782 7694
1508 1581 3512
239 807 5004
583 1355 2503
696 750 4493
1267 1587 15240
1071 1470 6154
762 1741 0
619 959 15111
441 664 6544
792 1890 751
90 1096 6529
1373 1769 6369
59 887 131
563 1419 1186
318 819 2886
1616 1988 3866
412 1791 3424
1244 1893 5604
713 945 7340
1058 1703 2776
776 1456 416
1089 1348 2188
1313 1605 1218
763 1271 1968
276 1064 525
1234 1375 15887
46 1162 134
949 1691 3973
950 1153 14418
328 1358 5320
720 966 6683
1056 1391 1133
1360 1772 4657
962 1142 4243
749 1782 14795
376 1019 15893
624 1760 395
653 1009 3257
368 1444 92
608 871 2869
946 1738 15908
907 1113 297
240 1569 4532
1209 1935 4382
1003 1728 14903
1944 1958 6356
535 1128 6699
867 1628 667
49 289 342
1316 1841 4024
703 1174 1966
116 1837 2987
895 1121 3458
578 1027 4949
308 1963 2670
1027 1746 1960
884 915 95
1301 1955 8049
35 1323 4223
191 494 1277
501 1301 6391
19 1510 14431
476 1349 5091
1287 1592 8041
1006 1171 5681
120 759 1898
1107 1638 5661
1046 1240 14615
126 629 15512
382 1240 2195
793 1393 6536
501 1416 6294
602 1695 7791
117 1653 685
74 1825 6536
990 1324 5236
663 1412 7961
1531 1823 7041
587 1920 3323
211 935 4094
569 1639 1765
761 878 3685
681 864 6727
596 788 6753
1290 1560 1586
316 1727 3447
63 1297 3945
1439 1747 2526
284 1906 14531
768 1297 3638
248 315 261
1678 1928 5214
1007 1712 5051
453 1121 4171
13 1482 5623
460 1642 6904
226 551 3741
1559 1648 7728
1706 1844 659
1111 1350 6740
330 1808 3443
1158 1614 4845
247 1503 6994
417 1289 15628
1579 1593 3363
413 1390 8171
675 1998 16105
592 914 15910
293 1381 2607
1200 1730 6352
68 898 3066
366 581 5542
1067 1375 15253
58 310 15
1101 1301 15024
386 1628 8102
443 1489 4323
695 1046 3839
1413 1434 479
1425 1601 2908
85 1191 3669
531 1390 5207
161 1030 1839
431 1339 6665
672 1770 698
386 1231 5453
550 839 2349
1114 1463 5144
99 509 4981
343 1916 15745
267 1283 983
63 1586 7745
407 1305 4528
1800 1858 5502
434 1175 1852
1544 1929 523
767 1333 2153
800 1300 14529
1360 1716 6070
459 1485 5531
1521 1541 2202
1759 1923 2605
384 806 5585
1781 1962 16105
1015 1886 3033
982 1837 597
350 1271 1291
1673 1944 1072
1061 1191 1645
81 1639 5453
640 1570 4475
153 543 14983
216 1365 5740
120 1826 6858
1799 1887 5657
1464 1936 3501
1468 1481 6005
136 1365 6406
105 1126 15497
402 899 4971
54 1172 1645
1560 1993 6454
243 1532 7751
324 1223 16032
1908 1947 16095
1596 1748 7698
55 1187 885
961 1481 1426
1712 1817 3572
483 1833 4876
1541 1782 14617
310 445 7866
252 1927 5634
1184 1538 608
1194 1487 6070
755 1831 14782
555 700 5416
224 559 7921
583 1475 2077
1682 1999 2302
946 1503 15005
290 454 2755
877 884 5928
813 1662 15656
35 1234 6480
90 1346 2974
776 1990 4873
833 860 5546
167 887 14529
322 1702 2303
904 1687 15256
582 916 1101
145 1609 7042
178 677 2766
34 1778 1431
349 1456 2515
218 834 3889
303 1111 1700
1662 1671 15436
1401 1495 15565
283 806 5335
1441 1547 2760
462 1683 7977
264 1434 2858
746 1786 4365
547 571 4496
40 560 2343
510 1304 5599
114 549 4299
459 1621 7636
459 547 1349
1317 1769 7418
749 809 1573
146 660 15619
393 646 1992
215 1470 6930
728 1880 1878
1367 1941 6462
687 1579 16114
49 1636 16000
547 1877 1729
1335 1691 4100
907 1940 7994
18 588 15091
55 1964 1619
942 1686 15573
95 1066 3644
386 1797 1808
1450 1539 6090
958 1223 7237
972 1815 5390
96 1669 6130
136 1240 676
991 1167 2435
735 1325 7831
169 1825 3821
571 1925 4
1506 1750 2943
123 1552 5462
131 957 5552
437 1142 4890
168 394 8174
1070 1877 4295
307 1400 6275
384 783 927
298 1268 3697
467 1198 5615
113 1258 427
1428 1652 7338
1281 1319 6075
501 1784 15352
815 834 4824
869 1958 988
469 814 3744
3 563 16015
583 1437 15794
1468 1588 4155
840 1758 3498
151 225 14372
912 1144 4611
435 1819 973
420 851 16086
121 135 14565
473 1431 4047
594 629 15190
681 1623 1708
1136 1212 6419
1476 1560 1843
636 1226 646
92 953 3038
1076 1202 7124
1429 1908 2237
460 1732 5546
1048 1707 3682
412 1954 6484
972 1469 7200
883 1381 313
930 993 14543
666 1964 15498
1507 1539 8089
910 1789 680
537 981 4467
1794 1984 15749
1248 1693 2744
628 1586 7263
531 1738 1910
1553 1585 6507
1265 1429 2958
786 1513 16013
1147 1257 8009
525 572 984
916 1599 7909
568 916 8090
612 1787 14387
1228 1647 7300
283 487 2487
131 1836 1748
431 889 758
823 1080 15094
1171 1491 1631
34 74 15782
278 1733 2717
646 1118 1451
1594 1985 15395
1031 1260 15981
161 1718 3140
161 1191 7201
1316 1650 2932
1172 1939 1529
1027 1948 1305
331 474 14340
829 1800 6850
1656 1741 86
498 1653 208
1344 1581 3929
409 461 3161
456 859 2628
489 519 7867
698 1079 449
83 207 5732
943 1664 15370
264 458 4340
1142 1832 7423
178 693 4559
