1000 1000
41 67 34 1 69 24 78 58 62 64 5 45 81 27 61 91 95 42 27 36 91 4 2 53 92 82 21 16 18 95 47 26 71 38 69 12 67 99 35 94 3 11 22 33 73 64 41 11 53 68 47 44 62 57 37 59 23 41 29 78 16 35 90 42 88 6 40 42 64 48 46 5 90 29 70 50 6 1 93 48 29 23 84 54 56 40 66 76 31 8 44 39 26 23 37 38 18 82 29 41 33 15 39 58 4 30 77 6 73 86 21 45 24 72 70 29 77 73 97 12 86 90 61 36 55 67 55 74 31 52 50 50 41 24 66 30 7 91 7 37 57 87 53 83 45 9 9 58 21 88 22 46 6 30 13 68 1 91 62 55 10 59 24 37 48 83 95 41 2 50 91 36 74 20 96 21 48 99 68 84 81 34 53 99 18 38 1 88 27 67 28 93 48 83 7 21 10 17 13 14 9 16 35 51 1 49 19 56 98 3 24 8 44 9 89 2 95 85 93 43 23 87 14 3 48 1 58 18 80 96 98 81 89 98 9 57 72 22 38 92 38 79 90 57 58 91 15 88 56 11 2 34 72 55 28 46 62 86 75 33 69 42 44 16 81 98 22 51 21 99 57 76 92 89 75 12 1 10 3 69 61 88 1 89 55 23 2 85 82 85 88 26 17 57 32 32 69 54 21 89 76 29 68 92 25 55 34 49 41 12 45 60 18 53 39 23 79 96 87 29 49 37 66 49 93 95 97 16 86 5 88 82 55 34 14 1 16 71 86 63 13 55 85 53 12 8 32 45 13 56 21 58 46 82 81 44 96 22 29 61 35 50 73 66 44 59 92 39 53 24 54 10 45 49 86 13 74 22 68 18 87 5 58 91 2 25 77 14 14 24 34 74 72 59 33 70 87 97 18 77 73 70 63 68 92 85 2 80 13 27 2 99 27 25 43 24 23 72 61 81 3 32 5 93 25 31 92 42 22 86 64 1 87 60 13 74 70 70 35 33 11 60 96 67 85 50 40 94 95 24 19 25 76 94 58 2 71 66 78 93 51 84 18 64 19 52 1 87 60 26 10 57 70 15 76 27 43 58 64 9 82 86 65 87 77 74 25 27 29 28 23 20 2 62 23 96 37 61 95 25 64 60 2 16 30 26 11 71 11 47 53 20 90 24 88 63 40 51 62 29 1 13 58 78 65 7 77 1 58 39 3 60 57 24 77 8 13 87 1 50 60 28 93 84 5 40 11 4 35 56 72 50 23 85 56 16 26 57 26 57 37 71 69 61 96 22 17 12 17 96 85 41 23 29 29 65 59 32 96 55 53 62 84 34 54 72 57 69 32 63 7 83 11 35 67 48 75 38 23 42 54 11 41 75 59 25 21 70 26 34 5 83 50 98 79 1 93 34 37 34 56 93 76 5 62 48 81 1 13 41 55 55 42 62 11 77 24 78 52 43 96 73 40 13 75 72 18 10 17 32 12 95 69 31 40 88 85 90 97 89 90 45 53 14 51 40 44 58 35 59 92 5 64 81 3 29 75 8 92 97 49 56 61 27 67 41 29 40 13 74 1 77 15 83 13 92 24 1 92 59 70 28 27 84 75 86 98 70 87 47 4 3 21 63 6 63 10 71 89 40 64 42 19 13 91 4 18 32 50 5 75 39 3 22 98 47 84 48 71 64 13 75 45 12 46 78 69 62 19 85 89 44 65 40 45 8 18 70 1 23 32 72 52 87 70 63 1 3 23 27 1 69 15 65 28 43 47 88 43 37 9 63 49 81 88 42 8 60 21 58 54 88 46 90 49 43 30 20 48 67 36 83 35 26 85 38 53 29 24 48 23 59 57 66 44 55 18 26 11 25 55 1 49 96 84 15 64 42 75 13 42 96 48 72 26 6 73 29 4 5 26 12 75 93 65 36 36 41 14 94 56 52 36 38 82 55 15 31 30 41 25 11 37 86 90 50 62 34 93 53 16 52 8 62 33 54 3 34 3 56 48 24 17 13 9 28 1 80 18 58 50 55 61 64 3 76 43 9 2 61 89 48 82 53 74 20 2 23 31 69 78 59 8 19 71 3 45 81 4 92 85 13 98 89 22 38 37 10 61 34 8 61 59 93 15 69 37 69 58 1 71 64 17 15 55 15 30 39 12 88 82 54 85 10 84 74 80 15 51 41 15 79 10 98 73 88 77 32 56 89 13 8 41 90 23 63 28 84 78 1 71 85 74 71 33 67 53 95 68 25 76 29 50 98 9 93 86 80 16 49
58 58
97 90
32 85
64 18
40 18
44 76
56 73
13 29
4 53
42 88
12 24
82 62
55 64
78 52
93 60
53 21
87 41
23 49
86 81
7 55
70 48
56 26
88 57
86 6
37 8
87 56
20 21
50 70
33 51
19 75
93 62
99 9
38 93
4 62
89 95
25 10
18 62
62 2
9 72
99 38
10 78
41 29
29 42
17 54
3 67
46 95
17 60
23 65
52 12
16 97
61 9
75 52
18 98
24 38
97 96
1 71
37 58
24 88
29 46
50 45
18 9
6 30
27 96
52 14
50 63
13 27
1 58
9 85
20 19
57 10
59 65
56 26
88 89
21 34
38 78
48 16
71 3
59 24
6 48
83 88
30 26
71 69
71 5
51 13
26 17
88 40
6 49
69 7
3 64
87 23
11 96
96 25
15 83
64 85
81 22
38 72
95 19
1 34
88 95
64 70
47 76
92 29
63 59
74 56
29 26
21 92
53 5
28 37
78 23
53 74
96 70
33 44
82 46
51 76
41 1
61 4
32 58
25 21
67 82
53 45
86 81
64 33
22 8
52 32
13 24
31 3
23 13
1 25
29 51
15 53
95 70
39 15
60 57
26 23
94 4
89 14
82 74
34 12
13 74
27 47
23 45
53 15
23 38
93 25
8 89
13 77
8 35
64 29
10 81
75 32
92 52
1 50
84 16
13 40
11 38
38 22
67 53
60 56
31 45
12 88
48 58
53 56
52 51
63 90
11 70
41 42
48 96
99 34
1 27
44 5
7 96
22 53
84 48
50 16
22 45
53 29
37 27
92 58
95 75
9 25
81 2
45 5
70 31
13 12
89 16
34 50
58 24
86 89
79 23
78 45
42 18
29 3
28 74
59 50
57 77
72 35
88 53
61 2
60 26
1 47
23 42
29 61
74 86
46 24
58 49
26 72
10 87
8 98
81 61
57 32
91 12
67 33
57 17
78 52
76 62
55 9
82 76
1 92
9 96
61 5
13 27
61 7
87 1
2 83
72 45
37 26
26 61
42 39
60 38
88 72
24 56
96 1
8 10
29 83
56 61
64 1
54 84
96 55
61 28
55 24
22 90
87 62
32 98
58 16
54 70
10 70
19 83
36 72
23 50
37 27
10 59
76 75
84 66
37 87
51 1
74 42
7 49
13 71
14 54
38 51
78 92
79 17
11 78
1 30
93 38
69 45
92 68
55 29
32 89
58 5
23 93
92 75
40 61
88 22
23 26
74 57
34 88
2 59
93 90
98 19
95 53
45 40
32 51
41 45
33 88
26 8
9 83
39 55
88 31
96 62
72 50
27 58
24 74
99 33
81 82
6 6
24 42
96 93
3 57
83 39
50 91
63 28
89 88
34 50
89 1
58 87
43 39
58 17
23 73
81 88
86 9
37 1
58 94
98 18
1 23
67 5
44 25
2 18
79 25
55 88
13 16
11 1
84 2
17 77
65 1
69 88
4 2
39 55
87 30
74 28
41 16
70 55
98 77
13 18
30 89
62 49
37 92
19 83
79 14
55 66
10 29
71 91
15 75
72 82
34 85
59 21
13 52
74 39
85 24
43 5
88 50
5 38
45 71
25 49
83 1
97 57
19 96
12 19
36 95
87 1
91 13
39 21
86 33
89 78
34 91
81 67
2 2
61 82
97 34
14 42
25 14
3 4
76 66
24 40
87 53
82 51
14 85
1 71
35 42
70 1
6 76
21 83
28 71
60 59
8 2
23 2
25 41
93 87
35 14
44 85
10 34
23 54
95 72
62 85
60 65
94 40
40 4
56 38
7 87
73 63
8 77
85 53
35 29
29 93
99 63
56 34
95 48
23 3
60 93
37 14
33 31
37 38
59 33
64 6
49 28
2 4
5 24
57 1
41 48
20 11
13 69
28 10
29 73
20 35
11 29
13 6
29 62
13 11
76 65
82 48
1 90
73 70
74 44
87 32
86 2
23 87
1 64
81 7
2 52
33 45
4 98
90 56
27 53
71 6
12 88
1 23
50 76
92 96
1 14
30 88
45 56
69 40
38 95
95 22
55 54
3 44
89 58
42 96
69 90
27 10
24 11
67 27
97 1
49 60
97 76
32 4
76 15
87 10
99 63
74 78
37 78
44 30
27 10
38 31
69 37
98 54
10 88
67 30
29 12
59 66
5 66
16 40
38 93
4 65
45 61
18 81
83 13
23 59
11 18
17 15
69 66
29 66
42 22
32 50
5 96
75 2
57 46
91 59
59 71
69 17
26 40
49 70
91 86
45 88
63 13
59 5
1 93
91 85
88 22
3 67
50 36
95 50
38 93
89 28
86 98
30 1
3 55
48 31
48 76
85 45
57 55
98 71
23 21
18 50
58 12
75 87
67 37
69 89
58 73
67 97
48 18
12 32
48 39
26 43
16 48
90 87
7 53
54 23
18 70
40 54
43 11
58 5
88 23
90 83
67 60
23 92
64 57
42 56
53 24
48 9
92 37
60 16
54 43
63 93
98 64
19 4
75 62
77 78
55 53
15 26
57 56
27 70
2 87
40 32
55 78
25 73
18 1
24 69
55 2
34 58
69 67
86 33
14 19
21 17
35 35
32 59
91 87
31 34
67 93
42 4
2 34
41 53
58 51
53 44
85 24
78 32
71 85
60 10
25 63
26 60
96 73
83 26
14 3
19 29
92 88
91 24
43 40
96 76
84 93
72 86
34 64
23 58
89 98
19 76
83 76
86 73
75 11
46 97
9 68
27 76
34 17
5 76
30 62
50 45
7 59
27 68
22 22
64 41
26 8
87 19
73 4
35 25
29 30
18 84
39 48
13 39
23 70
88 75
58 65
68 97
6 66
23 65
10 39
62 20
53 18
95 58
46 97
57 33
58 31
61 26
56 2
38 59
2 95
53 58
93 3
68 23
1 13
48 84
77 31
13 53
82 44
3 1
2 89
12 29
18 81
71 61
92 51
85 6
24 59
34 23
1 50
18 55
63 6
55 74
90 80
32 22
56 23
5 99
5 72
93 13
26 62
99 64
55 75
98 49
51 84
88 53
49 80
46 93
50 71
96 84
17 13
45 89
91 77
95 63
11 26
3 61
89 2
29 32
21 62
60 76
85 49
30 1
7 70
3 84
97 49
60 75
93 76
18 32
29 69
86 79
12 62
75 59
69 1
92 1
43 16
81 10
32 65
1 60
46 6
18 70
69 23
59 35
89 46
83 93
91 58
1 8
13 35
1 95
25 56
56 10
88 61
59 54
23 24
70 42
36 67
39 13
11 13
25 32
18 59
75 62
10 41
3 67
46 58
53 26
8 59
44 44
42 12
59 42
76 21
11 62
63 30
48 58
94 3
11 44
63 21
8 16
40 27
26 85
75 70
73 53
95 86
88 54
40 34
2 29
8 5
31 2
10 37
25 22
8 48
28 22
18 58
64 13
38 98
69 64
43 1
55 1
10 65
66 34
29 16
14 67
48 45
23 7
96 5
29 69
9 1
15 89
29 21
99 16
20 24
71 15
50 11
30 58
81 29
5 30
13 72
33 14
72 92
29 37
90 65
82 38
9 93
26 51
10 67
66 70
93 58
50 84
64 1
7 42
92 14
8 65
91 85
70 79
37 34
95 38
67 95
91 71
98 55
55 33
1 29
13 35
8 12
31 11
55 81
5 3
90 34
12 63
1 13
15 23
70 76
23 79
13 95
18 48
48 93
75 24
28 35
91 37
41 56
69 3
89 40
73 92
83 30
27 63
3 80
8 88
75 54
26 55
93 40
98 28
93 16
66 27
93 25
38 74
28 59
73 10
62 64
92 39
35 54
25 87
88 33
63 26
24 42
64 44
60 92
70 91
42 56
68 60
48 40
34 37
4 30
23 47
72 87
72 24
29 85
25 53
75 69
59 56
53 96
88 72
42 83
15 24
85 72
81 99
41 34
71 54
55 71
58 54
54 15
28 51
60 54
27 27
55 16
23 70
63 75
84 49
22 95
12 58
57 72
26 16
5 6
61 25
10 72
85 29
70 80
23 26
11 91
44 27
70 35
35 57
36 40
39 88
78 96
28 1
80 18
42 10
64 44
58 89
10 85
86 39
33 77
40 41
22 96
64 96
14 76
13 1
72 32
92 55
71 51
47 29
39 49
57 58
26 95
19 75
58 64
69 39
90 55
71 33
74 39
81 73
14 56
36 46
73 13
62 83
51 43
41 44
33 50
43 18
15 34
58 50
25 92
13 45
71 61
30 30
18 41
91 64
36 19
70 32
29 85
87 83
17 83
48 36
84 29
84 88
95 24
26 73
84 73
96 71
48 60
37 34
18 94
69 90
85 16
96 18
13 39
25 63
98 91
56 12
45 62
40 36
58 91
70 38
5 11
29 11
60 90
85 57
36 53
13 3
29 49
54 22
16 57
59 28
55 46
14 5
89 92
33 10
34 12
9 10
76 87
38 78
42 35
53 94
82 92
10 32
37 34
9 96
57 22
57 79
32 13
92 38
41 57
5 42
