27217 
27217 
454393 
27217 
446169 
303817 
454393 
674881 
454393 
454393 
839081 
839081 
9 
180795 
674881 
898505 
17 
21 
15 
102962 
658769 
9 
82993 
453977 
180795 
898505 
785221 
172817 
60062 
311109 
20 
180795 
362220 
9 
384009 
665393 
547441 
71930 
153609 
839081 
384009 
30 
82993 
674881 
16 
82993 
180795 
46 
898505 
629321 
362220 
32 
362220 
795991 
29 
10 
783227 
789441 
795991 
13 
571257 
898505 
977329 
28 
674881 
12 
25 
60062 
898505 
723073 
338017 
445564 
987057 
784638 
102962 
58121 
9 
784638 
462941 
353209 
6 
3711 
153609 
202703 
292257 
783227 
770643 
546105 
996284 
784638 
34 
40 
31 
202703 
21 
549706 
789441 
9 
273567 
904015 
629321 
279961 
904015 
201105 
864785 
68 
895309 
3 
718709 
629321 
273567 
620273 
789441 
359529 
766017 
19 
901263 
209841 
864785 
304199 
122305 
16 
549706 
292257 
292257 
706640 
353209 
629321 
213767 
233057 
965816 
805345 
550935 
286417 
665393 
757809 
202703 
1 
62 
251521 
189955 
18033 
147809 
85 
431881 
504275 
549706 
994073 
45 
314837 
319253 
125 
550935 
607089 
52 
445905 
825008 
91 
18489 
570113 
79 
391297 
335461 
138 
44993 
28 
286417 
39425 
453977 
749889 
779137 
286417 
784638 
913373 
904015 
689809 
259649 
133 
972105 
129 
384009 
422901 
524669 
375721 
73 
233057 
608769 
147809 
620273 
789017 
292257 
159 
561193 
79 
570113 
18993 
168703 
224991 
36 
805345 
384009 
723073 
321025 
453977 
72 
335461 
176175 
965816 
131 
462941 
91 
744968 
9109 
184977 
335461 
158745 
913373 
39 
966777 
304199 
272929 
375721 
189 
477193 
577003 
132 
224817 
384630 
941681 
392735 
102041 
362220 
343661 
72773 
422901 
20289 
450745 
392005 
738639 
112 
300133 
73 
14 
147809 
73825 
14 
491937 
300133 
690153 
5 
29 
209841 
895309 
75 
273567 
53 
259649 
163369 
137 
974037 
987057 
495121 
155 
517117 
864447 
462941 
343661 
192 
153609 
22529 
59 
229 
849637 
993979 
482433 
773605 
743745 
637902 
319253 
143132 
893185 
147305 
163369 
635406 
961315 
82 
1 
503017 
50 
234 
399376 
766017 
42 
744968 
343661 
145 
864447 
285377 
197 
500461 
686573 
665393 
271 
706640 
913373 
658769 
570113 
73281 
20289 
787713 
178555 
147809 
571649 
809577 
853793 
81473 
490141 
635406 
380286 
82993 
439883 
272929 
124 
9109 
527745 
274 
722263 
206 
375713 
268 
457742 
849637 
925697 
147809 
281 
812094 
431881 
269 
284 
524669 
63 
839081 
72 
83 
573296 
834705 
327421 
185277 
30 
537217 
915809 
699466 
665321 
172179 
224817 
72 
207 
766017 
577003 
339857 
425857 
469175 
834705 
96044 
370540 
321025 
75 
431881 
336045 
292257 
977199 
130 
635406 
65 
355425 
724673 
202915 
18993 
397651 
1 
839081 
341599 
735785 
277477 
923407 
86405 
845145 
26999 
783105 
254 
868582 
118 
643484 
749889 
168001 
665393 
21 
853793 
34 
520081 
67969 
813309 
226 
96044 
275 
931473 
355425 
574785 
817921 
737685 
806217 
195 
370540 
33 
1 
327421 
72773 
849637 
263 
300133 
556793 
443841 
26999 
108993 
224991 
834705 
265011 
11 
455489 
359 
836581 
836417 
495121 
610113 
539039 
615681 
718106 
250251 
168001 
933969 
118 
954225 
370540 
307 
881457 
158745 
211 
60111 
443841 
775520 
706640 
200689 
431131 
183405 
1 
596857 
123 
623934 
285377 
737602 
35 
507803 
180682 
300133 
46825 
689809 
209841 
635406 