70 149
34 34 3 12 29 27 11 33 15 12 0 21 2 7 32 2 27 4 33 7 28 17 3 16 10 25 27 34 5 12 31 15 6 16 32 16 29 10 17 5 18 14 21 21 30 19 16 3 18 3 21 22 14 32 29 25 33 8 26 13 29 28 16 33 3 29 30 18 12 29
1 37 59
1 10 45
1 39 48
1 5 31
1 26 65
1 10 24
1 33 48
1 6 57
1 11 23
1 26 32
1 39 52
1 4 57
1 13 66
1 25 36
1 26 50
1 14 21
1 32 56
1 27 30
1 23 64
1 20 33
1 7 42
1 16 21
1 40 69
1 19 20
1 23 56
1 4 64
1 17 23
1 9 28
1 45 55
1 60 69
1 37 38
1 13 25
1 6 65
1 14 20
1 6 65
1 24 53
1 14 59
1 18 42
1 8 10
1 2 57
1 20 35
1 14 70
1 24 29
1 26 45
1 38 63
1 37 43
1 1 60
1 54 64
1 11 34
1 22 59
1 18 23
1 46 69
1 46 47
1 46 55
1 35 63
1 14 56
1 10 39
1 28 59
1 10 23
1 22 24
1 19 30
1 40 58
1 6 26
1 35 55
1 10 67
1 1 48
1 14 56
1 55 59
1 9 52
1 19 23
1 9 51
1 57 68
1 23 69
1 25 65
1 48 49
1 9 53
1 23 65
1 45 47
1 48 66
1 47 48
1 12 43
1 16 33
1 27 53
1 13 48
1 12 64
1 1 58
1 22 61
1 26 60
1 2 19
1 46 57
1 25 38
1 39 48
1 1 52
1 29 45
1 23 26
1 4 69
1 11 67
1 27 56
1 2 8
1 25 52
1 20 32
1 21 65
1 47 67
1 42 55
1 31 66
1 3 19
1 1 10
1 25 27
1 5 25
1 8 26
1 38 44
1 3 42
1 21 23
1 26 44
1 45 49
1 9 15
1 40 68
1 19 44
1 23 28
1 53 60
1 22 49
1 20 32
1 29 34
1 1 19
1 26 47
1 22 43
1 11 66
1 41 54
1 10 22
1 62 66
1 1 58
1 54 68
1 9 32
1 53 65
1 9 21
1 26 53
1 41 59
1 16 37
1 4 13
1 53 59
1 34 40
1 14 42
1 13 50
1 17 65
1 41 45
1 24 49
1 11 14
1 4 64
1 1 69
