96 129
14 43 0 29 44 34 6 0 12 28 44 37 38 20 31 30 4 0 9 43 11 41 20 16 39 17 16 4 44 7 30 14 5 23 30 9 39 40 34 13 34 16 2 31 39 30 45 2 30 32 18 30 23 40 28 19 35 7 22 7 46 38 36 4 44 39 47 23 16 38 38 10 15 0 9 19 24 15 1 26 24 22 33 15 40 9 15 11 33 37 15 4 41 37 0 10
1 64 88
1 46 55
1 25 95
1 12 51
1 7 75
1 6 93
1 31 56
1 6 85
1 37 84
1 3 79
1 34 88
1 20 21
1 46 71
1 2 45
1 7 48
1 46 84
1 54 83
1 16 20
1 38 75
1 6 44
1 38 91
1 1 60
1 10 37
1 84 87
1 31 60
1 81 91
1 33 71
1 11 37
1 71 92
1 6 31
1 86 92
1 64 84
1 59 63
1 42 62
1 33 54
1 22 67
1 72 96
1 56 83
1 36 43
1 22 35
1 23 80
1 40 69
1 29 45
1 38 55
1 44 83
1 15 25
1 3 78
1 42 88
1 7 40
1 81 90
1 20 57
1 83 91
1 34 62
1 56 93
1 61 81
1 44 52
1 2 72
1 47 78
1 18 66
1 13 59
1 10 59
1 33 51
1 72 82
1 7 45
1 39 88
1 12 33
1 39 49
1 23 61
1 61 63
1 85 94
1 79 85
1 46 80
1 63 80
1 57 85
1 42 52
1 12 77
1 23 78
1 36 38
1 19 83
1 4 41
1 62 83
1 22 51
1 68 78
1 52 81
1 73 73
1 81 85
1 35 87
1 23 60
1 27 43
1 24 92
1 39 39
1 39 39
1 7 78
1 14 63
1 1 45
1 18 75
1 12 58
1 24 72
1 49 64
1 46 82
1 14 17
1 56 64
1 63 83
1 4 8
1 9 82
1 17 33
1 30 43
1 2 89
1 4 68
1 84 92
1 16 87
1 35 39
1 82 88
1 3 13
1 17 87
1 16 49
1 21 24
1 7 10
1 7 44
1 14 75
1 71 92
1 25 65
1 19 49
1 3 23
1 4 77
1 75 81
1 5 68
1 66 67
1 1 95
