520340639
526047873
1500714666
2394222622
2607185879
810749633
403528875
2303408966
2663916570
18446744070491937247
1076369261
2052671139
3471058847
2637822572
2175419167
585244380
18446744073394131721
18446744072370608156
18446744073274209059
2666562584
384521013
3596319096
323769003
3972273638
18446744072702770045
3693470701
2024990471
446148284
3322363385
435503927
1588618696
1574629573
2209009271
3014060823
2074381811
2373801136
380563801
1296103208
2627376625
18446744073249793301
1409409650
18446744071945465667
2657178880
1237044016
18446744071195534937
1467681385
2299899241
18446744071821178278
3420435472
2476074331
