800844294637
629893029221
629893029221
724625792088
629893029221
750041570834
634414218403
755486790462
734118153807
629893029221
629893029221
717385331100
629893029221
755131269946
629893029221
629893029221
629893029221
640219104072
729532033569
629893029221
729872193460
629893029221
703707229221
648690815535
629893029221
737129322212
734118153807
633350819930
629893029221
629893029221
686954446246
750990843753
629893029221
629893029221
629893029221
629893029221
693551439578
645274650599
734394898788
742679398731
629893029221
629893029221
629893029221
728291756102
646654844223
629893029221
629893029221
619992773596
629893029221
629893029221
727285067084
721187158157
729947104406
724425113404
640219104072
734619887161
629893029221
629893029221
650726101178
629893029221
786148401540
629893029221
629893029221
629893029221
629893029221
640332833668
629893029221
793613867551
629893029221
629893029221
736610653474
629893029221
629893029221
629893029221
673803030023
629893029221
629893029221
726365151106
629893029221
728494444719
629893029221
660728591974
664853946564
736147210079
629893029221
721187158157
629893029221
636194051957
629893029221
629893029221
739321113763
629893029221
743082619683
673016358483
629893029221
671152838279
629893029221
800844294637
629893029221
629893029221
694825957508
629893029221
629893029221
751230366152
697031013768
629893029221
629893029221
629893029221
745734434908
629893029221
700953085140
633350819930
629893029221
629893029221
629893029221
629893029221
695962337747
629893029221
618901664513
629893029221
629893029221
648082766904
629893029221
629893029221
629893029221
725602884370
713779895348
629893029221
620192788627
742666149712
629893029221
629893029221
629893029221
629893029221
629893029221
629893029221
728734997547
751457958958
629893029221
629893029221
629893029221
629893029221
629893029221
752484587452
721187158157
629893029221
629893029221
629893029221
629893029221
629893029221
629893029221
629893029221
629893029221
629893029221
724139760667
629893029221
629893029221
629893029221
629893029221
693924771008
693551439578
629893029221
741549247011
629893029221
629893029221
730854130012
748416599811
733200727885
629893029221
629893029221
629893029221
629893029221
702134622205
629893029221
629893029221
725888100932
754101664828
721663676335
629893029221
631473307709
629893029221
728837391844
629893029221
629893029221
629893029221
712682283472
687364716183
629893029221
713779895348
629893029221
629893029221
792728097346
806350686867
723663030475
630983036664
736646652080
629893029221
639217894321
629893029221
629893029221
629893029221
629893029221
629893029221
737805937021
719389762477
629893029221
629893029221
695110046625
697031013768
629893029221
797937410828
629893029221
629893029221
751488899818
675128715736
629893029221
672639899031
629893029221
746920004273
629893029221
629893029221
631473307709
629893029221
631473307709
674735494625
629893029221
673747948960
649833906190
629893029221
629893029221
629893029221
629893029221
629893029221
629893029221
629893029221
756880668191
629893029221
629893029221
629893029221
756897066635
659175021013
629893029221
629893029221
629893029221
650511382298
629893029221
724122854420
668474713511
629893029221
745590934556
629893029221
591860600400
629893029221
731519288292
629893029221
694825957508
629893029221
733410492183
801884621847
755084836667
629893029221
629893029221
629893029221
629893029221
629893029221
745734434908
709393382752
629893029221
629893029221
629893029221
748416599811
629893029221
813410950015
629893029221
629893029221
797937410828
685771045621
629893029221
751230366152
629893029221
629893029221
669666671437
646654844223
731782764140
629893029221
674451896119
737838604619
629893029221
644717675111
629893029221
631490129810
629893029221
618901664513
629893029221
629893029221
629893029221
629893029221
629893029221
629893029221
629893029221
629893029221
751230366152
792956053487
629893029221
632222194083
629893029221
629893029221
629893029221
629893029221
650511382298
797737499851
629893029221
753081339568
629893029221
629893029221
629893029221
629893029221
629893029221
722258828363
731105167123
733673784420
629893029221
629893029221
724346115205
786148401540
728737544457
629893029221
629893029221
629893029221
629893029221
629893029221
722998333669
813410950015
704052575394
629893029221
697303584613
629893029221
629893029221
743018292715
721031785386
721871600398
781350355255
748784797333
699306144289
804496879025
741549247011
629893029221
629893029221
732481236434
629893029221
629893029221
629893029221
794284279877
629893029221
659175021013
728155500518
738747931507
629893029221
731519288292
822967195464
741839032545
629893029221
697303584613
629893029221
801884621847
629893029221
697559461458
726965567197
629893029221
791407879060
737839593883
708517360163
629893029221
639217894321
629893029221
724139760667
640219104072
737755575330
629893029221
629893029221
743082619683
726957460406
726965567197
629893029221
729947104406
629893029221
629893029221
629893029221
629893029221
725888100932
732952391486
629893029221
570896632519
629893029221
629893029221
629893029221
805939046417
629893029221
629893029221
636194051957
629893029221
805939046417
629893029221
636194051957
634414218403
650753154953
629893029221
741257341932
803036247042
629893029221
629893029221
629893029221
737805937021
629893029221
629893029221
590589610260
624774729912
754532106769
629893029221
730854130012
751424669669
629893029221
645917845637
636194051957
629893029221
629893029221
629893029221
629893029221
750041570834
629893029221
726957460406
737838604619
629893029221
699090374585
629893029221
737256885895
731105167123
629893029221
629893029221
629893029221
734394898788
629893029221
629893029221
765792996980
629893029221
731293716894
629893029221
629893029221
629893029221
711081433199
629893029221
629893029221
629893029221
629893029221
649330581413
629893029221
629893029221
629893029221
629893029221
800844294637
629893029221
629893029221
629893029221
629893029221
742123760507
629893029221
629893029221
733406888953
736147210079
731660024613
629893029221
629893029221
629893029221
754510362140
729319010084
791892180602
629893029221
754753094900
629893029221
753665158840
629893029221
684834076209
629893029221
629893029221
629893029221
700879636055
678675896572
639027546492
629893029221
629893029221
723323777117
629893029221
629893029221
629893029221
629893029221
716311672627
742666149712
715594796190
634414218403
629893029221
801884621847
629893029221
638878065315
681867159677
721699664005
712682283472
629893029221
717385331100
664530464616
629893029221
629893029221
629893029221
