34831848699
7566420117
15261068592
14929433770
1431595280
61510416129
13177375108
6575233634
41450000831
16492326855
42019150867
18446744070025283731
1325290588
18446744063405906801
11715645119
60761253876
18446744070025283731
18446744073650763552
59917661698
64214502893
18446744068866622745
2346014574
18446744065258032500
56477971408
60035929290
16002595686
56587610019
3169652383
18446744060876468980
9084893771
4616555252
18446744073650763552
41003631954
18446744062808589467
18446744070695180722
3549267714
9529450193
18446744065491308706
18446744071541543978
15214591948
54732485024
3884958388
11339135647
18446744066654468431
6701148584
45686387255
18446744055944290735
32113828221
18446744066887147796
18446744063788848911
41403711394
51547181198
18446744073650763552
23962066
64194947417
56173888710
42031702359
18446744070976725235
42105952269
64989566861
41437848014
51938362146
42574261184
18446744072601121219
18446744058870654794
11130798915
31477704014
27562351039
28462652289
18446744060332731311
57719731891
18446744068739434940
67541696569
17186799653
18446744020962399204
41403711394
18446744055243841283
18446744068849979633
34127005675
18446744062306088040
18446744070025283731
18872698603
704504275
18446744063585078026
9231719021
41403711394
4539736912
15436511641
16762651053
18446744065258032500
18446744073650763552
18446744060690711380
41403711394
18446744070936300514
3308533124
18446744071273832410
29123805709
4527608693
58618308400
18446744046052094876
16188654543
8986055001
23962066
64329668998
18446744073488995037
24964118215
57377511104
18446744068511521081
3589730560
5639203802
6498824949
18446744062887621051
10056072299
12061974325
8455577681
21753213534
23962066
18446744064542669709
18446744052333258235
18446744016647587857
23962066
36303519479
18446744073656351651
68706361042
16540074356
18446744045262800558
18446744063903156437
18446744067175872019
