95031932858
33144700513
422448608434
18446744053213346339
18446744068624299763
55968672417
61878682273
189854319089
482885362274
346259727492
255528082121
482885362274
513979245407
18446744054950726140
11589298374
59576867334
181529459481
14784070204
18446744068624299763
94010138683
511137322909
332630007606
90401875596
18446744044042802316
477312150538
18446743908394487521
482885362274
14942684652
52360609724
18446744041613822630
328730537810
98879799288
14435450526
18446743969298890602
434149844418
18446744073172730252
511133877369
18446743974646179126
332630007606
366733055228
18446743940950933223
328730537810
18446743945740062139
39203254945
43531835944
18446744068624299763
18446743870756265506
69353363233
5613467393
18446743942413827908
103126410063
5613467393
28599013488
68054696796
11142050719
505221221290
332630007606
328730537810
26601431361
18446743987269059812
55968672417
100956517893
18446744026686120094
48875052485
531361213428
18446744045087667921
543709786243
102855966975
18446744040772722812
132143052465
22363998851
134906426371
332630007606
501283545000
14887905682
18446744068624299763
24493549926
18446743884673084902
328730537810
18446743992904619995
18446744068958124879
176105743840
148207079023
372166228497
12415034579
18446743968565146966
18446743915184804402
217020969328
511133877369
18446744034517112401
511701048600
27545387762
27446046930
18446744053213346339
21301409962
533617363423
43208859783
190566657783
11589298374
328730537810
18446744005548039385
365307928217
129595164133
143584898934
18446744067679877244
18446743980304482389
332630007606
193542359816
20137207562
54501179430
129257719164
160510262803
18446744030270451832
482885362274
18446744046239244017
18446744030436256516
20523196741
268776445675
49175853506
15014815880
18446744037383691703
18446744019689675117
51399408567
18446744016028868709
5613467393
18446743970894824610
16236127639
18446743944288475291
332630007606
9318165067
15014815880
92534064958
18446744045087667921
237191622957
133447774172
245528362357
18446744043270889337
18446744067679877244
18446743981072094776
122674416898
211996974740
524850450294
94001455791
18446744044042802316
18446743828064089640
37503372161
18446744073286566386
40851108351
18446744063962159248
50730007120
38638974821
18446744049880660178
18446744035332121809
87081277105
18446744048098596417
539593129888
332630007606
18446744068652669807
18446744073286566386
434172182706
122287803983
18446744031440291455
73042732807
18446744037383691703
18446744069535522742
18446744019622006318
29760525268
18446744048949407409
11589298374
18446744068624299763
18446743574321829959
332630007606
18446743987969368748
5613467393
332630007606
76927676256
5613467393
18446744014638138380
18446744023895856246
18446743703516221551
44871196007
18446743941213663861
18446744049437554961
213460422199
11873438423
11597268084
18446744000385882714
135617961258
57448012069
18446744072367103243
431342421
6640474788
6700723858
482885362274
18446744051009582242
18446743780765460404
18630425317
7893471337
37503372161
113863655928
18446744026545716712
18446744031440291455
18446743999045361910
482885362274
332630007606
18446743976754648447
18446743979656397938
413552529304
18446743991402904891
18446743859369950106
5613467393
27451158944
154158754298
18446744051391392931
328730537810
18446744046819807974
261551389938
18446744011157353744
19558026271
18446744068146076927
328730537810
129624447272
28742438578
18446743958896181417
18446744052576018097
11589298374
18446744034691790766
204966052501
183818701977
11142050719
12717085289
18446744037383691703
184244476693
541569566938
342201869963
18446744006816621101
473476447854
18446744064686925180
18446744072367103243
17429201470
473476447854
18446743815827158878
389134694224
121037434516
15069970752
111049056947
28647587539
229992807265
219517927033
235387010850
5613467393
18446744060248709775
175976149067
18446743988044005112
103411291230
18446743928972627317
117329022335
18446744053213346339
18446744064686925180
148382735500
328730537810
18446744034517112401
5613467393
18446743945740062139
38048194394
111824066274
18446744073286566386
25435535756
87608532262
234137811562
18446744066545116590
242576830481
2389169238
173400021716
546844258794
18446744032848812544
328730537810
482885362274
106720226377
140053606995
18446744028904181433
332630007606
133447774172
23985715195
57979202960
11589298374
332275002803
18446743990636078833
18446743891672009392
16331125570
18446743977834068492
18446744045087667921
18025535258
81392122293
11589298374
18446744025144035304
18446743865949683097
18446744053213346339
328730537810
18446743985624034909
15014815880
186490980985
530700501454
242456576324
189506201017
18446744067679877244
169626369533
8256286194
104764022566
510670228214
68596942695
27095039647
132135907451
412816771993
18012742999
18446744042689348000
426963164485
157445293741
18446744073079686171
18446744072367103243
2896051028
249383907192
18446744011942730924
4363760352
18446744073172730252
18446744058256378948
62293371278
18446744045710778126
18446744022673884793
18446744035133876216
129010755480
18446744065715374650
181529459481
18446743660900251999
18446744070120492632
18446744060248709775
117827245678
15014815880
18446743905740874460
185049788195
65374516264
103672010517
24706855416
123403642283
128981129576
174745833421
116905364423
32572814122
45490480748
453014782491
421744466505
104464972275
5613467393
70987356144
215073342755
332630007606
15304169346
8959627832
18446744058331766248
249609991885
5613467393
32083444017
18446744029859834734
169860941107
104961446169
18446743986181024460
18446744059196467596
18446744008468588259
111627664826
18446743990732055453
418718588717
5613467393
18446744054950726140
144858569789
141379789656
18446744068958124879
12782751104
15069970752
22094533599
18446743811094316315
18446744030270451832
81794813340
100434244338
37243004547
18446744060248709775
26717948725
1761703473
332630007606
182359053309
328730537810
246181181100
332630007606
18446744034380039172
18446744060248709775
19842124318
18446744034517112401
91089341910
18446743969253410391
18446744060248709775
18446744025441811075
20944393612
18446744060248709775
18446744045624764229
53773479116
100110411961
543787728320
199250334158
40981222940
166887770018
422374254300
32053780958
18446744003027708870
30644080914
45690812613
524240056284
328730537810
298518796410
93396501642
41524264262
2184150470
7162220006
281736021210
18446743938311987216
5393220090
39841187566
18446744034517112401
11589298374
401438715321
257521596561
18446744067679877244
55894501994
146642997353
20341669853
645148975
20337871257
199175599729
18446744072367103243
18446744063330136201
482885362274
357525856509
18446744001612157925
36787625686
7162220006
18446744014638138380
18446744049880660178
403262389215
10467925363
5613467393
81545874048
167425924718
108808431236
18446744071570833505
136346849154
46052151178
18446744073286566386
332630007606
482885362274
18446744073172730252
255961989978
65072133047
95573778723
326713690696
18682018090
200941087052
18446744028493750090
328730537810
206720405566
55894501994
456603197532
18446743880237303581
543769985383
544590484188
56059319436
18446744070120492632
11589298374
6408085378
74391716288
332630007606
100503420193
18446744070993813268
14824817776
38847435922
259211929448
332630007606
12226418193
18446743949575923612
54930208541
136403725144
127176173476
332630007606
185218123465
18446743946371903127
491886168801
255547883358
18446743958454826294
8852409350
18446743986299220157
54436224444
482885362274
5613467393
18446744072367103243
48519872990
70602234109
50561509829
328730537810
222906113936
69362395823
18446744058233322646
28742438578
391350431764
18446743813167189807
18446744072367103243
27451158944
18446744073172730252
25756015314
268384863397
184145420178
224895070240
18446744049437554961
18446744029302720163
18446743950134823505
50358797271
2311125019
18446744070632839297
97838832818
131464498934
18446744049880660178
18446744041431999928
530930627554
18446744068958124879
18446744065715374650
18446744004194132754
18446744030585344333
371875500157
332630007606
273327335747
332630007606
84180204169
166887770018
11966424496
332630007606
511668612258
6700723858
332630007606
243676864280
18446744043255273247
24706855416
24191975364
163276866572
328730537810
18446744049177390146
328730537810
327037973266
245761501516
126985295044
18446744034517112401
5613467393
111089665199
28295142685
18446744068624299763
43208859783
120349889864
473632929869
215568441398
113807514791
27196119960
55916711332
489284876074
74569077766
8852409350
493210134515
18446744012534316267
332630007606
131140261082
18446744049437554961
15454265844
82324586915
18446744013461668014
18446744010993227146
70260653917
18446744048109530146
78310022382
17374240042
73735116240
72178324402
18446744048474037655
431850055365
6475739728
482885362274
28293689976
436013134175
189789064652
18446744047338814727
244205091840
5613467393
55894501994
67415733735
5613467393
529245902732
18446744066545116590
482885362274
18446743911851597620
328730537810
33105164923
15872342615
7162220006
50451271190
24413850826
93971097994
243264712546
18446744045289150375
145701044874
18446744007244890267
18446743940299250981
18446744067679877244
255926990329
39810932788
36575279950
18446744010956234726
18446744006959479306
309696437135
30479122234
18446744068450245907
18446743964446243666
328730537810
93441048588
11142050719
18446744001498030757
437856423873
332630007606
91831303907
45479793688
1724182646
332630007606
157330880521
141285304353
24706855416
74964481135
18446744026414729531
11589298374
14887905682
225518835113
18446744026768965495
18446744048098596417
18446743882335848525
18446744069074609688
18446743943948200923
18446744057533717792
179939357872
482885362274
58831323847
103704835152
9318165067
18446743960948515119
18446744058019027681
18446744067457989048
11589298374
18446744020308403019
18446744060248709775
105459996975
18446744067679877244
18446744034269111749
18446744054212884791
346325019890
5613467393
18446744045055925086
125894966775
18446744048705884660
882660843
18446744070120492632
128817260063
147643536977
11589298374
11589298374
482885362274
18446744068958124879
18446744033264617325
18446744066559899317
90829177090
18446744056424188834
5613467393
222041683617
61601616301
37503372161
101255707116
11761835906
48923603924
38412287770
435408071791
47933879766
188511497030
18446743942512161677
18446744068958124879
18446744045748116191
548952004868
18446743986792252877
18446744068958124879
273780534451
18446744060248709775
57190197152
48328898606
482885362274
37327041206
198367204623
18446744034517112401
18446743598168764323
332630007606
18446744054950726140
34269945939
18446744073172730252
50593268397
18446743993261235483
7026292119
67321614884
11589298374
95435972615
328730537810
37503372161
109266949105
18446744060248709775
332630007606
185693605664
15485392456
18446743960416474109
332630007606
18446743881263919914
18446744056891924955
211436617898
90029573838
539070494892
437547219944
18446744052158327819
328730537810
15304169346
2541213082
18446743945740062139
328730537810
18446744051075207938
17429201470
397794241152
11589298374
18446744049880660178
328730537810
29019025266
37503372161
56073091525
18446743870098647245
482885362274
18446744064728002842
18446744053213346339
18446744035382707769
125424121515
123403642283
484492518153
208735074481
18446744001772469159
68391356162
238270731403
202856917738
5613467393
85040404522
462905218767
18446744009868426450
225891344403
18446743957373348765
7162220006
482885362274
18446744060248709775
18446744001734353098
272675198679
143438285388
18446744068958124879
332630007606
13333418627
18446744060655350593
18446744045075079278
5613467393
100352041738
10184799662
18446744053213346339
18446744073286566386
11589298374
119340621028
113623681170
14942684652
18446743974109228125
18446744063374525965
18446744067679877244
18446743965941979623
23533420123
18446744067679877244
138606048278
18446743791302439872
58567181281
24353832480
18446744066096436852
525382129824
1513616720
18446744048915447916
18446743984795291646
537955245212
26446419631
368783798996
18446744057533717792
18446744053213346339
328730537810
328730537810
18446743793404548886
105855423868
26601431361
79070303001
27545387762
20523196741
93441048588
17429201470
234324151947
18446744049437554961
161183170609
332630007606
112923303911
15995591501
431516327436
124593423201
49189097853
18446743903070429576
14784070204
28126315966
26395331828
18012742999
482885362274
43961483858
328730537810
18446744026414729531
328730537810
81630923216
546844258794
332630007606
18446743968792803336
18446744068624299763
18446743942512161677
18446744035133876216
114500613168
11589298374
18446743970011080336
20523196741
65558981798
18446744044354854674
18446743858394527280
18446744068958124879
515132347610
35578897946
17429201470
18446743938363052354
18446744062002104856
431850055365
141718952676
18446744052897839290
28126315966
11589298374
332630007606
155882367626
18446743988480405029
18446744060248709775
18446744067029239461
18446744020799193980
18446743810414181955
525644158121
18446744014638138380
127763479446
111504338235
162412701102
18446744062002104856
18446743987808005062
482885362274
19482273715
12782751104
487874419641
349252659525
51679155505
19558026271
18446743810597550646
7123561236
49576836699
18446744030270451832
368201532198
214919214649
18446744060248709775
18446744073286566386
18446744030585344333
5613467393
34269945939
521690581755
18446743958150474108
88415489429
210918392259
58682525966
18446744035382707769
18446744026686120094
1277321906
5613467393
18446744025699209971
303688771947
18446744073172730252
57625407495
14908287431
286166941059
18446743934290442117
18446744049880660178
12785809774
18446744057472034122
12782751104
265664616448
18446743916238237204
6640474788
18446744054557189442
126345085477
18446744073286566386
18446743809127921302
98190254127
157631079459
18446743956762258627
19590097530
18446743851079380306
18446744022865989003
18446744049880660178
332630007606
18446744064686925180
18446744040109693690
18446744060534183376
20523196741
18446744011165026482
18446744054234759619
18446744035133876216
18446744047401142200
285545120289
370148898068
516866705883
132114972340
18446744044242594063
433208595630
18446743999574347110
18446744064686925180
328730537810
112573377719
158767654846
65375534039
211131537354
18446744036960574929
18446744045392733664
18446743980892548721
258122365583
332630007606
363253644015
249120897944
18446743983994561917
33098584087
18446744068958124879
50894488625
18446744020308403019
18446744072894766654
96027111008
404960219408
49347465088
36149160442
36149160442
27763811735
332630007606
249836350375
504732374405
328730537810
5613467393
173510318365
205820799562
18446744043270889337
18446743977576100501
240515985683
481921801552
18446744042607436989
18446743993213736531
332630007606
93441048588
332630007606
37034226088
485087762882
332630007606
18446743805521130803
18446743736484890623
150986910340
229849243426
332630007606
18446744023706354737
18446743971557334273
139123200881
328730537810
97881540334
27184298119
18446743827113505409
18446744073172730252
38774329322
52953217629
247819212004
11589298374
18446744061088422048
8601074192
18446743963580019470
65374516264
5393220090
11589298374
67274675906
28295142685
332630007606
1496562858
330286267015
11589298374
18446744060248709775
41309637213
8852409350
11589298374
201092946059
511133877369
43038076672
232966024416
18446744041431999928
332630007606
