948369025644
35673445445
957243515383
55713837227
1027010937910
983187412571
954236918641
126832818937
857791053260
1080023256720
1056459534437
21011456232
983187412571
510992726316
19061631987
33012406910
414559836928
499536023572
1069320641300
757916943864
817990119231
933391370164
172136263480
244547901804
958640729802
481158110386
920637311583
524329938985
983187412571
16811850088
834308731995
941190323426
76485062893
1098804905043
1070648795293
182178574937
18446743033658005144
377552489277
283382760112
160815875772
828130439432
1070088326696
151699348700
99202272743
854050883848
414247215741
292038995916
610365543831
192270113182
135484510469
261390838196
70203902270
1079175073792
506146679816
126184730915
46874003871
484444964457
569566175048
235063806765
371472461523
956040397180
918717408410
332120455230
58082487416
97241237307
137163955722
761393202829
767673933944
252108289377
979857382877
983187412571
362743848084
73651575535
618781722653
943592949512
550343501471
981253606710
1097040131429
420757326981
273391582614
980768480063
661953371112
1079614084793
263136532809
188819383744
1037018315270
394842901406
1069065410197
581762086374
34223058119
42974257108
329040416143
231960531816
1039808801783
842680818721
584921569308
238064996691
983187412571
1073299299252
983187412571
914780548582
983187412571
760659973664
876342293970
30369106838
983187412571
71161652273
1029266319622
1089035572866
444417115408
8230989266
957700760791
803526698748
1010663666249
983187412571
983187412571
80452323143
861411550931
885764267288
226249716273
983187412571
315816200333
1069347237775
983187412571
926508174121
983187412571
900777043144
74752546680
990540618008
1088120995005
591285481924
983187412571
369666185069
30781704413
983187412571
1076849930058
1087737689800
1080750976171
38822344658
528373224618
962703992076
983187412571
330627871112
200313579672
831379414063
104556300190
1049945958198
178769856023
1076789442468
1082363043715
542975707468
995070632313
417710844573
1073940798800
189989312102
631764068288
695417856866
725786806803
1097192847823
718741408230
18446743054465490037
870491744351
936454701845
841445528096
964419349230
1037366571589
1095982623103
801450331903
97125496155
736731923581
1077357211919
691423160338
643255705180
983187412571
465502166589
1016892107395
732147267976
925708289173
76827161715
248410417240
983187412571
1073139427944
338025319684
1049945958198
733042051288
833265065135
69598701245
709725630313
494254584696
275342751911
180150112529
957823492922
572079455831
835836784304
810493418440
926691765009
75987500853
930296247415
988282632377
255974003069
930165549617
468381193064
139757376387
852490472679
830403084627
98741399556
827825929567
47457489708
965619402333
331336927448
833395615427
278711574351
983187412571
876471766765
460201599573
204379618835
26416999081
705252669716
259758360161
643671654619
572767053163
893833762595
983187412571
1084005605410
1062744238102
948931992676
1078297322268
1002095204954
371506699189
1005296343919
960641440947
569761481133
207013919553
983187412571
1024998581558
983187412571
316486712269
521253674566
557963371525
918837874063
900985808163
830299850098
144288656854
265837337476
185543214689
418681596975
162916384616
249912663753
67389329581
411390660616
992612253244
960164250215
592734113854
972484115415
227697072354
1082725549158
477878456029
221592084674
885570326411
983187412571
257473928996
983187412571
265813692480
881264574963
486892407449
983187412571
739491968487
283578973645
532632359623
875582675321
393578462993
419487557211
743393630325
270892071799
11468216273
547828587305
441045690050
991871261556
283358476418
983187412571
921095776782
1061350209079
120837690569
163563429131
1069065410197
1076411115319
532181343165
420278683222
879107895426
314881074994
959172042087
402585585168
308948133707
983187412571
239024052285
92377696170
299101281863
113266794140
985110969685
983187412571
983187412571
67381365926
983187412571
295146870102
291630410212
84636820487
1034625908725
983187412571
684867051396
1065321993200
983187412571
383508105183
43154577107
1018179413964
213655012901
983187412571
330725638075
854465424530
1069565370511
523192646
1074681621387
1066920620936
1051533564480
703550684207
197746182045
983187412571
48431606552
273946068750
658855289477
31692803439
688552447313
1087395551713
1045277476582
916486725115
988998118664
883027378727
1025172530358
121544896318
110003082430
983187412571
199069759584
323187787679
895032870645
983187412571
823325580463
168398464734
1041709805186
987591689626
703935072474
489697951264
539591626530
470642660816
98478413069
983187412571
645727843156
983187412571
944776114664
754562602203
944435905011
43548970661
177245304072
983187412571
695687207387
1099047998172
864094649965
34957684940
345365785827
912875470421
899192325117
82562695207
886047158511
90152223077
464182383934
516038542913
867260392279
983187412571
1085071259659
75280776907
521013612123
953225768154
1087319717716
683974851290
965014257156
27818405645
169441220496
983187412571
471843688271
299090406124
229288464070
756317423976
850490102082
46136838314
1074114190703
48464430663
716269129922
1023546871816
980780436128
499480980547
32412040854
830528214803
163999925945
904366202934
161590893960
403045874468
131432518847
983187412571
1638165103
829962253153
660752416061
1086881740673
875471583053
55707090199
951483188249
983187412571
837764580686
924239889817
522010122226
44727696227
983187412571
113223196166
866363692693
53180884646
983187412571
2662916762
880715119679
219667775719
907360220898
1087319717716
382104073801
959664751180
596462944419
916101357916
119825360344
488616238544
129605682057
148774443190
122441288412
866849616093
1099331431816
983187412571
728246731188
990968510627
9281165478
624705556235
925824109157
371085506431
189234526393
983187412571
978468600666
608949557973
1020145004656
92333849715
852838738040
341476324762
137675249269
1045243981920
1070310314201
1065740355061
359468794711
621764164534
983187412571
343584657378
61785070824
398805014072
853502370248
920902143303
509935732680
844831566653
1079461816462
148616462257
237561029758
226293191570
1059399620962
1095920046872
455195836251
569792536622
282658031754
1050371269183
453919918712
781089632684
128266295526
983187412571
714814689077
68477078443
586433367934
194081060502
943427524429
733208006992
979782170922
1007826607009
983187412571
348788566473
705898402889
672500083031
185786812837
67768601020
871727714476
2022095791
1076395942111
1011749636817
522965176848
905039012014
20731361825
106369779210
27536793189
79571806146
1049673121086
286636171170
836725945637
242086791607
379188878003
30067029094
1087319717716
409765680919
891618045760
465263298431
1053689267315
53673729255
701095396374
283559808232
860542687809
356161560420
1074876689646
677234276960
234232723617
555881268270
983187412571
271336578057
988060075098
881085378118
1089464984356
757859043390
983187412571
831789511683
983187412571
1014449209478
406828457698
49372580096
993054409475
48286143311
28647666120
1069065410197
983187412571
839295590992
983187412571
1071230772176
792037180849
951361673138
659654316374
1083150268018
238474743344
435098430594
937952992856
843903563174
108395457962
1069065410197
221697153342
604165068193
544019008340
1067129659525
45437015130
463147689810
26064058440
983187412571
751548802602
952408001799
854660221840
27586299076
198742077222
224067424244
108807046796
455152596402
1062640721849
309542417693
208643897174
879558355317
1068313132776
123645975611
534926188054
1001748730015
983187412571
51452871877
273577061942
933458897354
433112778639
98010866740
412578433314
357531320189
914322852971
892462973281
238811025236
281331018400
839134070182
970506927349
656303597476
442445917481
133543436253
27925902323
18446743475006828098
983829615341
983187412571
885394969184
795107926654
50551844608
221716171507
19883663001
200313579672
986779136979
104890589575
272366715269
1069065410197
983829615341
983187412571
86732708877
902657610245
1017790507513
26667359735
336314215867
1072758074228
927796386464
2229576119
297685713147
983187412571
227357148242
905664772214
983187412571
7971985609
274772480822
425383674282
749230178857
774171790699
886354567089
457705543905
1029942819937
623162017565
179036495093
889468832724
130236552485
1073222346719
105352674066
983187412571
50893596558
463596646584
871158494372
796027274401
1075415774285
1087229361473
989939937062
70330838796
168146407543
781239985686
753635763515
92610947077
876592984953
368046890422
5435632561
48900550818
174553082458
55041006550
38260988207
1007985809106
236886328666
1094621382231
56840003982
199148740641
726608781110
884227074979
260022631413
983187412571
323113793944
908767462756
983187412571
1032503979469
1007052018844
766792551853
1080085727829
122941342504
475015888609
920447517113
99405941660
944063313316
104578087094
433832285383
920246616398
830872001154
989907564081
35731698299
28647666120
997535891090
402585585168
1069049797531
447424837627
360121038532
230531632485
983187412571
105159545150
983187412571
983187412571
44364172921
1028503995554
883027378727
1020708076816
986856799714
192591885925
818214705851
910593153183
901067500710
24061609053
286334457174
1000581779279
166837262680
27735897619
233997731493
907023420998
68165583723
392037381486
983187412571
528416018764
73823624594
611228335763
983187412571
514024234443
74682638285
218036540832
100309820480
1098120092413
792077691799
295992655001
93466365641
199567601047
1066524455582
948744509184
992745607357
545441860073
957081959216
695058755286
983187412571
996071086146
102888403829
1025751427090
66315143521
932003565841
983187412571
983187412571
324871699275
121544896318
315422135991
884208925862
1065321993200
1051546366528
983187412571
699080835047
835957802648
1069929168088
983829615341
878591235111
115619823742
1007547468663
786102857887
67952808093
927934751051
103282906994
365911805910
214582822159
435133858605
4709849428
136977423002
11468751606
27474523707
130077511652
764103743948
1018650393661
845063253979
889061409427
998828130644
15436775028
120401582964
264430114872
976209750797
361127776046
822523768689
1065266429744
92377696170
66098740051
131784925607
869276294009
33955246540
28815493344
127604871198
399902511601
60797751659
869004462936
564431776860
841547508376
7855177064
966876005706
485113918985
916278788096
758008267207
983187412571
202635163770
841653816860
849396332185
930165549617
1011811411118
1014924150497
838481721107
1087319717716
1074401924087
487423683304
143640587741
174000100780
27576155556
402720142277
505187075513
218469808038
843158272778
171569072484
263308231158
133116129832
39717497947
493467120799
344493218482
79325355492
30067029094
178419154120
846090305963
983187412571
244335585472
44729565052
875186734273
964868501270
1048544760114
853603310555
371403184011
119203195554
352805160338
743121867726
250713873223
341013755954
1044875461815
387291875479
214814936705
949669881502
569165048703
1057946077421
983187412571
19820021460
977981428076
983187412571
946119145731
865419291185
37246589199
983187412571
1025924290083
77919054028
268482549530
919498099960
814312396764
765349847187
983829615341
18446743477035792042
393609080101
983187412571
1044937122688
827659129224
983187412571
729075788376
1007505868837
1069065410197
472382616491
863003081550
233647490158
978003657400
962673696706
84190990335
547408876862
19226261811
1020145004656
84202777210
299893752412
941420106445
877653536874
1010448364724
1030236223035
274684705657
271239533800
1097540169393
1050574934210
851947062511
381664072547
983187412571
246646932103
427335191289
983187412571
617442303669
983829615341
983187412571
474948652746
428734156223
1078297322268
1074854717287
210307062137
983187412571
313682888451
978725990214
101950386487
460223599935
155229503776
428495207053
446405674049
641603371017
281507318629
579505429402
804213344330
121159886080
494091415194
45289519899
456073046470
1065440561975
83553120482
12635573494
984104937670
144605692609
16621180712
358314732512
869768837648
1003101829329
85682529738
221189352180
38469524274
126216120540
168628772875
627130081626
869285512623
105415946965
985041577293
265396303994
843878266095
215476865514
801409412846
39029901162
1055807172634
228274467666
983187412571
936137850662
263409336035
1018963191972
477282737464
1075600779135
983187412571
983187412571
659618884137
457940285020
152591181251
846743491581
327883032601
983829615341
973726377987
271512586128
845246776469
972222600179
1069065410197
97739408426
635996700555
983187412571
203188471605
4204948149
1010337781639
331009884168
1087319717716
501438689946
573856330390
1005896937899
867895193169
935727280698
203113825250
985495940400
1024007727654
1249160490
338224552621
893378884342
555566111471
81586702997
894905782421
983187412571
983187412571
963485480400
941377303097
141366011595
871816336444
33676203900
194075147116
421316071597
666596926536
175514046960
983187412571
1097040131429
1039869935913
1021763355106
16878856718
983187412571
18084885630
964529351193
265813692480
70089890301
611088605939
881471627929
848321761279
31994936449
42109011255
866418474627
1016892107395
979312253101
71500213555
58164414053
49045341065
620162874418
265244367598
575941629013
983187412571
1046775675647
1004351693960
686787573901
