18446744047405334344
61396566269
18446744013780963544
20347110702
18446744058080636521
37357288809
37976960332
18446744044713409330
31734200143
18446744030100818989
37976960332
18446744029210706105
18446744063152788608
28171051700
18446744039030103605
18446744053960002623
18446744039030103605
42412550501
18446744071792971590
58165696559
18446744047405334344
18446744026292741680
18446744030287769704
18446744042139446778
18446744030100818989
4729403379
11531741567
21608855369
24149188191
18446743976363278156
18446744062718615012
8915330902
18446744037497670856
13766921067
18446744013780963544
14327463249
18446744029210706105
18446744066585632049
83016721689
18446744047251011779
18446744026292741680
37357288809
18446744052467293142
18446744039639401898
27338471488
18446744015105648758
18446744051876344627
20347110702
18446744040771578035
16012650040
13766921067
18446744047665097271
18446744051876344627
18446743954634875331
18446744065853133741
18446744061797538442
64105358239
18446744053077356013
13766921067
18446744040771578035
19822719345
37357288809
74800768425
18446744038030306359
27338471488
18446744040771578035
67329695607
8915330902
18446744025328832310
18446744068419733327
41260184467
24149188191
107763851277
18446744058080636521
61173731198
56188726203
18446744047665097271
63446699829
61173731198
9177808928
18446744070350989448
18446744050664443112
11531741567
63446699829
18446744012287674973
18446744005214190591
74800768425
18446744037497670856
28645982010
18446744042437022129
18446744058080636521
18446744036741392420
18446744070350989448
18446744047405334344
18446743976363278156
32532618121
18446744049432943111
18446744071792971590
26031269700
37976960332
18446744053077356013
89141081264
260324550107
18446743998048368292
96857873330
25555942173
18446743927626200708
192127630853
187896560146
18446744007059817456
137550525364
18446744068419733327
18446743798911572366
18446744006394275431
176070748312
18446744024545849970
18446744072727307609
206705482364
18446743963691627663
124374162535
18446743932225823123
18446744065818352409
18446744030149364488
21383107262
234896333277
18446743936667253516
26031269700
265465224606
18446743951963216984
18446744052854197802
217082863872
103375126726
28232507933
18446744043798325679
18446744055284052175
18446743906848065277
18446744064319885148
18446743923518936397
18446743915689964348
63446699829
267621918268
24149737055
18446743920788481227
260547835999
18446743891596812179
18446744055284052175
18446743799851713236
18446744040431769911
18446743920788481227
18446743934253233982
273687224500
18446743870238773873
254663202976
18446743835440939901
18446743950613750563
18446743992205938321
187350944085
26270751304
18446743877743232189
52367149325
18446743997392170294
18446744030934610441
217008590273
18446743978276860824
40127058093
66698805765
107188169508
18446744014436653147
176633240880
18446744071792971590
18446743870488582701
18446743971085936935
18446743858330500543
158984652819
174389618774
18446744069215601290
18446744007832035314
18446744069417605942
18446743915017819548
187350944085
127621857486
18446744022204331707
93437908245
129394982184
206389264097
258545715429
56188726203
18446743985241821529
18446743998535967772
18446743974442566754
103558670064
153571380838
18446744056175689090
18446743985241821529
217910904661
18446744014436653147
18446743799851713236
18446744006714399326
18446744042308716739
18446744008725310337
18446744030100818989
199406074206
52736623482
92536334948
18446743969659152604
190579008550
18446743886306891396
454763253842
18446743849325418529
18446743696012694033
18446743641788431766
384488019327
196769591989
23132609970
18446743848490179049
229315518391
18446743863998520916
249402765867
18446743915446767685
357395142947
18446744033573151474
506247068671
20959053498
18446743841165153997
18446743564990181754
18446743871357517252
396992475983
175060034833
18446743904093034136
18446744065631437810
18446743736815552329
18446743186601774771
18446743881653440056
18446744028661953116
18446743960006716973
18446743760784716541
233977470032
241391610854
18446744005038943502
18446743634763362398
18446743600978584026
18446743697588565545
52736623482
100834138681
18446743599019358857
384868570210
224202981470
18446743786784317969
286983210431
18446743629186270360
119017111158
18446743762924400175
213006686820
148259528490
18446743763459061464
18446743862851617176
13912512001
126856566631
18446743985241821529
138149930674
18446743550419195228
18446743579950985396
8744421981
38709022124
18446743554278861066
18446744019995178652
528560335886
18446743796464949885
381105355457
74136463740
251286124258
18446743662407310532
175060034833
179813121752
18446743890428298025
92551376251
89386863793
542643366819
18446743966587960620
268130034574
18446744023770363824
18446744065694667013
231579137251
70841977419
18446743660500577564
18446743970596553709
187740268112
18446743568815017139
18446744012821549056
18446744070309717514
18446743666105522332
18446743832219038072
18446743680729350194
110604849450
18446743785900556160
18446743925895936385
18446743901664651917
18446743861221152731
18446743948021710240
378058606759
156888584344
18446743888337011254
18446743999357477937
18446743942120807525
18446743677335384105
18446743694239364628
18446743874170256760
18446743960204344492
18446743852062120869
145225763118
375550229171
455758778322
104803893349
245531375887
79865218884
18446743917660190067
343229053481
18446743862524499285
18446744040627191518
18446743817700774457
187260627933
18446743609718469032
18446743856798320460
18446743962496072984
18446744053942936932
340361529484
300425521459
18446743959741063358
78469991347
18446744036915500823
18446743603563750900
18446743629119713647
407131114243
18446744048395962610
18446743609592873501
448064424430
521118957158
257543787386
235015139134
18446743841383454213
50951383238
157160468219
18446744042525173694
18446744073130728003
18446743856724748611
48757420930
18446743563097764297
263809255839
129007147166
18446743605077544367
18446744006714399326
48488535420
131278671713
18446743636133794726
18446743833127904767
486364452573
306043833721
149091861410
341909765733
18446743872720557137
18446743873220792872
18446744056921062574
293034635323
18446743529177895391
18446743548785505962
18446743948221419205
503551080354
428209277729
18446743903260211891
18446744004552060727
495258161645
18446744039311517509
353528017024
48945609936
18446743526171885329
18446743835647484583
389374179749
18446743903960517896
18446743894842280129
350770077194
18446743630480068937
419003860427
386138067162
240923413688
270322649199
18446743769374355684
252357315844
18446743953420357387
18446743946119590899
18446743724767046191
18446743848316927162
456200116578
9755701994
18446743920647543107
18446743866012662064
18446743615004213256
18446744024737465768
18446743779597319509
445121078458
545725766630
18446743796603006106
402447724654
18446743909181090774
18446744070481282382
520378327155
18446743828329854228
195479386678
18446743862934826540
321202313532
551312584962
313362312971
18446744042362655239
15197244967
345358919562
954829700582
829980338892
18446743944410418433
158394259268
18446743561479469697
524055184572
949667320444
419396607027
731110350420
726513599494
175687271286
325145421414
40207709375
54793199679
66467211287
44477900580
18446743126836786794
738565574832
93043033390
273198956740
18446743941360010938
30878775729
183777286047
585751796012
875270451763
2501637120
50926568178
365805145527
520378327155
134077989673
18446743072076397841
500207864803
827868470743
18446743927431545517
477996676274
18446743691859433451
383795120244
1094241288326
1022899470993
71000255748
34054370310
963178845999
148798116796
621061250765
910034948936
5967788961
145095040569
18446743727483557321
360683753934
729214548621
18446744043976839420
868216366093
613365656696
512565717929
18446743992205938321
10356410267
33381058441
525787662168
372044331242
888118489355
566883475854
479183839300
225071184486
1094114273228
363160572000
659191577427
25240050140
1085384387506
39970358936
848012991229
18446743753692789287
444926439176
669447196292
445106301894
1099241786690
384691199032
565416906173
192343235974
8841277096
878995307697
1078055907238
531949313626
18446743679004293400
1030966084628
787886292879
915069865923
589543026704
105750340454
18446743072586693131
18446743667161159998
174632216681
692075588991
615794800397
307062734834
1084287276340
119855575369
238047761473
963773753467
244265866929
229463505115
845338007347
18446743523372688070
647966800920
681754099827
277712194075
316270780467
994501636220
1036710850271
43070160227
1050138133799
568860113071
18446743769100481260
18446743626688971374
716621358109
194452689946
18446743622426005489
1031616982342
361149157374
215344983400
1018799272014
275190497860
610525494944
968108178364
18446744058070720364
704586515536
460730739858
74401650142
153518150159
325680798125
866771321591
30089224012
464940018211
1093770241489
511197767476
347029409285
1078184111867
301513614763
18446743544313998706
360391021475
782039662825
737620127095
504333522740
340631322511
1056333177644
737163142911
593775266477
769331323431
18446743422680146234
491795088627
1080549044437
1058541046917
18446743039590121540
18446744049001978530
603095799564
18446743134953268074
838867313812
70997948549
51560688071
558551681052
62213721600
1093459360368
18446743905684051415
719767212320
621290791608
234979880963
48310145894
18446743895319125333
280007211891
1016869679643
82228857424
437481757530
403373280538
929384809806
752039886265
415487445600
414111321476
300021243708
681224242048
215393393116
393590419158
18446743151368646894
894199059441
222701075940
1065032552776
53610964055
18446743800480282775
18446744046014043015
360198887883
134644078176
517336111372
3006930992
18446743686968256752
446653961057
498570966162
547609145141
249538396334
18446743550419195228
598399249221
710054433385
18446743608452092771
308293731532
36195918620
18446743801751750278
185882384651
18446743919493634469
125145081850
256348622343
18446744052889940682
143059092766
314564029657
18446743939435614820
83853790070
589707356466
422130854151
18446743792098836209
18446744015016043312
345627282870
895910834919
786237803511
685328707612
18446743977073499272
72198747303
523444377466
372746787941
18446743757551791875
531467420101
18446744038669241041
28307859912
141091166664
245004727952
981722977853
737297283803
18446743979309069219
443155855306
86127953612
716078293737
1097698310430
900498562485
572500671940
1020989403397
997308742546
450135439423
514641689116
3017650198
846293503205
4913446079
201401688347
18446743854741276141
576831572029
18446743270760023887
655265859979
646310269954
911634562038
460356814405
459051645080
760437814305
286493518466
18446743386930090324
549286846608
18446743980186717858
1057306074794
269466513596
750519752662
399552822451
661122551663
24768101023
18446743538855277358
594226431720
432371955775
460251575504
214454308619
57154168641
405376863533
18446744057714065658
21740112232
1032735090248
78913057028
18446743613240304795
398775989950
157242846935
18446743967309103477
18446743669317448296
1094083189002
18446744029397638954
18446743507353615881
18446743828755478785
18446743469567575547
18446743803133657390
18446743848531136055
18446743927029743374
1053184544005
442115001434
130678350677
1046550819157
470841686692
15639204309
18446743722597772689
610778201148
128456785317
62179757032
842712537032
475422746573
121111466263
774435203423
926724761474
843963446588
491540500937
292172241172
257346332311
1028832708203
304589717154
180007961243
206185539250
624533984617
756525040889
18446743857961835578
18446743109446720182
18446743867280169318
18446743793126625347
142438211412
18446743870238773873
18446743011450534594
34104385393
188540416825
130099867903
476384940426
243512540269
302938365844
728322788084
1024234051391
927386879747
267623158686
18446743801826975710
506748701635
183832370817
226214359385
772442780996
18446743816338373508
18446744039630557131
31257023288
419073189597
97093576150
891626789001
991706828880
111802680454
470312621806
18446743770006066741
18446743358971360081
153853416193
626656709209
56278022275
528294541441
1076347152769
1080030572495
627760834254
126041966583
318547839604
806178825140
402030777392
589007162628
545480871959
18446743919980531859
894868459573
1042358024751
816391159798
891753040222
18446743851050517196
228406769697
180635204036
18446743966261428128
284109219994
18446743642210608493
18446743788833122394
615804953052
573914662002
1025660332396
810338540369
33675920520
18446743916403024021
1055480308318
341418334248
18446743544597712142
18446743777269626833
84935568087
420179509191
1096145440601
260547835999
18446743853457810724
1066538073211
616143147673
18446743225334186713
286169485881
301815419597
416311089730
18446743474280883463
18446743994756091179
18446743660058137445
615084395173
866144357317
1043291669083
455140622624
200678492723
59717742474
544908992011
568062852043
514842553272
829044113082
185334768813
18446744013093263760
778154265730
522393365955
575805552170
18446743538904561943
346026323292
18446744053013131522
934112996580
757923087760
163934901488
117699316471
18446743709899574971
18446743848791029575
511409579070
760941806526
117250834516
502766231553
10221132514
28179646468
973691564355
452791506950
475977612743
898839475790
18446743739781912693
498828541966
246856299291
18446743719383568568
741493993736
18446743868820158576
326598215207
18446743185004348987
914914153976
244732065600
192910870686
558807913037
30446474301
954189528483
18446743849492892476
677305450375
292172241172
710223811921
185154956626
1070910367105
317848834069
474103244776
391222100758
18446744018647879228
60951717332
849483396538
18446743358040558997
536316970933
260324550107
18446743398026616346
18446744033390271112
214594558477
1082686480757
153331497044
107598837137
734759421342
543502066304
466078513876
719864516735
931770976924
498326331254
1042681975747
567892619113
739028674802
613269353137
517057886388
610300502693
987215826759
350836097845
337234234460
61173621295
749331624456
18446743878968087442
308457127255
450273001947
63679862307
248006333523
18446743571198990158
192910870686
180097604457
415936589615
13241920759
382252875116
18446743522121124788
216408211487
65606848121
1079356977040
18446744042440560758
916838242367
18446743957689301387
18446743947867754556
236626362062
158617477634
23491645979
133040482848
833811913625
431973925778
496665173750
535438235344
18446743773794407005
693668992806
498607402129
1001698913272
597137196354
26070517751
18720147279
31850656164
1083967554176
734686051643
1068608676575
326786871170
1057473536228
438612978546
65003302701
484433036874
576173001412
32544196466
719759375559
871064856253
164313398442
775534172340
126224443772
18446743824973382197
7954120791
18446743770105127515
346324145441
18446744061661340603
311115649164
138149930674
587006182752
417549004458
657222248259
370880575555
491097827792
913879759992
530571410586
992909276341
450609409481
697439337778
18446743843091263729
18446743785516393239
318007461874
455421773080
41223703600
230264889034
929339177367
397133698268
1025731394910
188901864597
842720730053
774747330778
751689146748
730880055271
375921719761
236294830511
370880575555
1030178991152
763910825873
580727321578
1020375196838
18446744022672049422
18446743897939095692
94875692462
953350124636
277730941123
105052946697
18446743600793119305
774861782821
765557218695
810920334930
1096104912970
891881886294
481909672713
18446743231956606687
291553939859
91267371872
471862345051
888602574533
218063896629
657189928285
639654161554
257346457710
1089338040370
444667202282
379873662757
959783216142
18446743982633094722
223451453825
586321701688
774684930942
657602694114
498170952856
218289801236
337210442586
18446743083238359787
934958824348
18446743401274768926
670866884340
54170994323
