18446744010547543460
42880108665
2901795883
26994114364
33410891183
18446744056832838837
18446744010208266985
1980439127
2118918375
35739376562
43180565205
18446744070249208528
18446744065178456568
18446744071370826179
60005256426
18446744041365515141
18446744052682522974
8065054904
18446744056512970127
14247400953
55285617
18434211507
18446744054003143631
18446744010117509451
18446744019913507107
4569898765
18446744058448219889
18446744055263771059
18446744036928848386
18446744011140232721
18446744033393060814
18446744046213474819
38906554528
45137596818
18446744041365515141
18446744049399343069
6353138038
18446744054388172564
18446744015112984264
18446744056719942992
23155791026
18446744055673370441
18446744060812170457
3457112518
18446744048268955376
61575799848
57381829109
18446744036812753192
18446744049694502295
18446744006874304315
18446744065178456568
18446744065839661170
55285617
18446744062274481855
18446744008928117902
18446744011270771038
18446744072050900189
18446744067992441534
2118918375
18446744036928848386
18446744059695911151
18446744014213769443
18446744044325150708
20674555852
55532214907
35908974130
18446744063639018837
18446744039300549467
60375316493
18446744031762575797
18446744053084781016
2442460064
61105110118
18446744049694502295
18446744039300549467
18446744052682522974
18446744053117556639
18446744041427883679
19026794170
18446744019788698007
18446744011140232721
18446744019475109573
61715339578
18446744057496448042
18446744046213474819
11155090030
21857580356
35739376562
18446744073494126274
61105110118
2901795883
18446744062860516975
18446744072391033585
18446744047744246727
18446744066053984821
48402863964
30119932959
18446744054388172564
18446744025430464382
33081501974
18446744058661836727
33081501974
4607981313
43180565205
18446744072391033585
42880108665
21700376772
18446744025430464382
18446744053693815779
18446744020422362954
14800488729
16626481720
18446744051398487588
40166592712
18446744031692101435
31161332658
21632110324
67850899307
18446744073699523376
38906554528
18446744070417634100
18446744069627630545
18446744044325150708
9385348939
18446744035850701637
18446744048791374328
18446744020422362954
18446744066972368495
13137250453
18446744066957593349
18446744024513941823
18446744047744246727
18446744053693815779
3499292217
18446744070249208528
18446744054388172564
55532214907
21270777074
18446744045081605998
26994114364
18446744019788698007
18446744056832838837
10427548920
21374551277
12323868704
18446744056512970127
57580220854
18446744019475109573
18446744072187005876
18446744070249208528
32284682073
18446744065178456568
18446744055871046957
18446744038263291350
18446744025430464382
63054391563
18446744056719942992
13313866467
18446744035850701637
2118918375
48343331934
30936840273
18446744025430464382
18446744039866891552
45536200097
18446744016305175078
18446744039792735307
18446744055263771059
18446744041700285535
44992511137
18446744054003143631
18446744068874016824
67850899307
18446744012380984396
18446744067801421916
18446744022579314996
21021922033
18446744041700285535
33773800315
18446744014213769443
27476173032
18446744032735451152
21270777074
18446744045115712634
18446744011270771038
6353138038
39037282698
18446744050064613118
18446744051982472513
18446744064007137769
19026794170
18446744041427883679
65783354552
31161332658
31854284123
18446744038263291350
4569898765
18446744062860516975
2438697091
18446744055263771059
18446744060812170457
10794070466
18446744041365515141
18446744021815218807
2442460064
29767476673
18446744035850701637
35460280997
18446744072050900189
10427548920
18446744022579314996
3295107267
18446744067992441534
18446744031692101435
18446744072050900189
18446744044325150708
18446744047797906306
18446744067801421916
18446744045622905315
1980439127
18446744068874016824
17428711694
18446744051663676255
18446744012380984396
18446744015112984264
18446744038981076634
18446744049399343069
18446744047863052009
12323868704
16998125734
18446744032735451152
18446744049133348800
38843204570
18446744063639018837
18446744048619638355
63054391563
18446744072187005876
18446744070249208528
18446744029147787208
18446744072187005876
39875451254
12323868704
18446744067197497205
3499292217
13941698450
40166592712
18446744065920281884
18446744045115712634
18446744052068368878
18446744050438869392
39037282698
18446744068590561698
18446744049399343069
33081501974
31854284123
18446744045081605998
18446744042745238679
18446744047744246727
18446744063639018837
18446744064705755115
33410891183
18446744068874016824
32730680969
18446744037250672527
41977099541
1091832891
18446744047629141139
457805548
18446744072338888382
60774256020
18446744022335121282
18446744058555376964
21517590837
31518049586
62570520803
18446744065178456568
18446744049302083940
58959934036
57381829109
18446744050417432890
18446744065839661170
18446744044325150708
59948047218
18446744048791374328
18446744049366981282
23993358671
36312139215
18446744053071733940
18446744040365456622
18446744027354467106
43180565205
18446744052682522974
30119932959
18446744057474397144
18446744032735451152
18446744023432032943
18446744041365515141
18446744012380984396
49877637591
27476173032
18446744022579314996
31814548764
1980439127
48774818892
28886672276
18446744058448219889
36266545471
26484338423
8714429706
18446744057027431254
31161332658
17428711694
18446744042593044325
18446744009713612008
18446744072391033585
18446744017146203204
30108010049
42287697057
18446744072187005876
23993358671
18446744061835377676
8714429706
18446744054388172564
23818940577
18446744027354467106
18446744071845686476
18446744022579314996
58145595099
55285617
65328833600
4607981313
18446744051982229482
18446744051169776533
66809466186
18446744008399799124
30493012410
18446744005375548669
23342150273
18446744073501571048
18446744009775979009
5277079364
18446744045622905315
18446744037086473630
18446744057099029082
63054391563
18446744029381238458
16599055888
42287697057
18446744065920281884
18446744064969610438
18446744016305175078
18446744060788742267
18446744069627630545
18446744012459963703
30108010049
25231050864
18446744064969610438
18446744066877091881
18446744072050900189
18446744039300549467
14642369025
18446744064007137769
18446744049302083940
62659959467
14247400953
31518049586
38906554528
40310056736
38700656150
18446744064969610438
27888293004
5080249573
18446744069223798983
18446744044717147815
8737799758
18446744071267054519
32730680969
18446744069027345175
18446744038263291350
18446744043709544308
18446744057385110983
18446744059265463932
18446744015080593250
42287697057
58959934036
18446744062764586416
18446744035850701637
3295107267
18446744068590561698
43180565205
62227112902
18446744072187005876
18446744027828119479
18446744066053984821
18446744059695911151
18446744005509516150
18446744042245879864
16998125734
62659959467
18446744021815218807
387719855
18446744056340588738
58046021395
25231050864
18446744049366981282
18446744027354467106
18446744048268955376
18446744010248463739
26994114364
18446744028613046828
29767476673
7093389
45536200097
2195517053
18446744044792622550
18446744072911319027
38906554528
18446744064358776071
27476173032
18446744065587897168
30684308555
12477313885
18446744018000940307
30684308555
457805548
18446744010547543460
30684308555
8737799758
18446744045081605998
5826434926
13137250453
60482602750
18446744038263291350
18446744056340588738
35908974130
26718234268
14247400953
18446744032735451152
18446744019475109573
18446744037086473630
55646504686
18446744018127363619
4200932629
18446744055358013243
18446744019727047553
18446744065178456568
61715339578
61105110118
35739376562
18446744063639018837
18446744016305175078
18446744005509516150
18446744067721777614
54227626035
31854284123
18446744071534243263
18446744026208049617
18446744051663676255
18446744073501571048
55036270893
18446744052003836093
62570520803
52816575083
18446744020422362954
18446744056719942992
17519710380
18446744044792622550
18446744036928848386
18446744008928117902
23155791026
18446744054003143631
18446744005509516150
41522093891
18446744019913507107
63054391563
60536639919
18446744029503335749
45536200097
18446744045081605998
41977099541
53824271099
18559065243
30119932959
18446744049133348800
18446744056058492362
18446744047629141139
18446744022708060012
7894518612
18446744070249208528
4200932629
18446744028137144554
2344026164
36216297352
18446744036812753192
10794070466
19026794170
18446744054867769840
18446744055263771059
18446744072338888382
18446744026403867659
37349295231
18446744068826311850
18446744066114758704
18446744018127363619
18446744059769732108
18446744011140232721
61446484440
18446744035850701637
18446744042745238679
27888293004
18446744012459963703
30561155865
