248
209
297
259
218
141
272
124
255
297
183
256
122
224
279
245
297
285
232
267
203
129
249
163
287
182
285
273
198
142
133
269
220
257
241
234
231
231
154
268
262
136
213
238
227
188
293
293
209
250
221
270
296
195
268
292
295
297
281
169
177
148
182
287
182
296
258
297
235
149
288
258
287
290
293
281
227
260
215
240
297
216
275
297
252
210
223
180
227
287
266
290
273
264
256
244
229
273
176
124
296
187
174
270
170
172
227
170
207
288
213
294
133
164
128
297
209
234
246
191
259
267
225
183
259
155
241
225
218
254
260
223
202
257
296
208
158
182
223
290
213
292
135
268
291
293
297
295
295
297
265
233
210
257
227
191
282
297
296
126
237
297
261
276
178
201
297
296
271
243
146
262
158
263
240
237
281
294
245
249
184
231
153
223
288
175
294
248
169
289
169
259
264
152
211
219
255
293
177
293
269
232
291
246
257
217
234
222
192
241
286
129
297
236
270
217
295
180
271
205
297
223
158
296
289
172
256
254
269
137
240
218
259
148
215
297
208
177
158
280
284
200
273
242
272
175
287
168
297
127
288
287
189
297
296
179
197
200
231
246
204
289
263
162
288
147
178
246
174
257
222
292
161
270
238
272
275
297
292
209
297
253
291
142
214
244
188
233
251
240
243
297
227
