0
298 594 294 293
33 4
215 183
28 4
71 60
242 228
116 45
181 167
174 129
232 5
206 16
78 59
174 101
223 174
292 17
296 195
287 265
228 81
107 59
18 16
44 41
220 155
209 49
263 129
164 4
241 135
269 213
92 58
75 73
228 167
13 3
10 1
99 16
174 42
228 125
235 170
90 4
186 118
155 60
228 113
258 129
228 103
283 258
144 137
228 92
287 174
287 191
281 183
291 228
204 178
235 129
129 18
287 129
263 16
137 89
244 166
84 24
204 4
99 23
52 16
89 77
259 26
188 68
182 47
137 124
245 216
108 106
79 11
54 7
121 30
275 174
119 86
103 4
30 19
228 98
145 4
20 16
243 235
278 92
16 4
277 208
279 88
252 129
5 1
235 125
133 129
74 57
214 38
174 75
105 85
262 250
178 4
287 35
136 124
205 16
242 172
35 21
295 204
257 59
42 12
120 89
207 49
23 4
236 174
85 16
218 182
235 182
260 61
106 104
265 86
215 16
145 96
59 37
175 65
239 228
174 65
296 161
284 228
185 100
125 18
101 73
174 80
96 4
284 69
228 14
77 14
259 228
114 4
251 235
290 228
244 69
129 45
22 4
228 129
229 34
152 16
228 182
235 78
134 91
210 56
25 23
235 183
234 100
72 59
228 127
157 37
86 57
179 63
235 116
148 146
243 228
203 70
58 49
298 8
264 129
271 228
183 9
274 129
225 4
131 130
111 38
265 228
180 142
252 59
276 58
261 228
174 141
228 75
158 156
293 151
267 21
165 129
120 4
209 43
24 15
228 4
217 35
53 35
117 21
146 129
144 4
235 59
80 29
287 16
253 220
225 16
228 104
64 13
227 154
283 235
109 88
192 141
141 115
255 191
213 45
80 56
258 111
19 14
204 51
147 59
294 121
119 16
113 111
180 28
94 4
60 3
263 235
153 74
230 57
8 3
228 112
3 2
235 74
279 124
297 15
261 110
9 4
160 59
287 13
227 140
245 228
228 138
174 35
235 221
14 1
220 208
251 125
287 119
17 4
198 183
63 27
273 187
66 10
259 129
236 44
84 70
161 52
59 41
239 162
75 4
129 39
228 188
98 4
232 228
110 4
216 197
235 174
59 15
150 59
293 4
195 174
228 148
39 16
231 22
26 23
39 37
129 49
124 11
228 174
156 46
235 213
32 9
287 235
289 98
97 33
62 59
269 43
205 47
187 32
228 5
65 4
169 118
235 169
195 22
194 173
122 106
109 18
130 43
105 55
207 4
248 228
7 5
128 55
158 59
176 21
250 228
124 22
254 35
261 144
59 16
235 106
257 36
283 4
129 90
129 110
29 5
215 174
136 58
126 29
246 78
36 4
192 59
287 142
252 212
38 12
58 34
287 20
174 146
267 174
61 59
193 41
108 68
170 160
213 79
152 19
235 4
228 107
266 174
34 20
4 1
256 7
257 164
228 163
235 88
27 23
127 91
199 59
198 72
298 228
97 16
174 59
2 1
45 35
174 33
65 61
129 16
228 120
291 64
149 147
274 11
58 29
254 228
228 213
202 8
282 4
211 80
297 247
228 190
275 31
165 111
214 10
47 8
102 22
185 129
4 2
171 117
122 59
271 4
173 83
228 62
150 72
143 16
184 138
156 4
68 56
228 93
52 29
228 189
228 149
219 84
235 228
174 72
287 120
247 228
174 16
87 20
288 97
224 129
56 14
284 4
237 49
271 29
139 16
228 69
48 12
235 220
49 46
166 3
49 38
228 136
228 124
103 80
277 125
151 26
255 59
167 88
112 35
258 41
191 53
171 4
51 38
291 210
9 7
206 4
50 21
176 52
228 16
240 229
228 43
57 19
73 26
228 155
129 59
253 4
37 16
272 118
220 165
129 61
190 59
121 84
119 115
212 162
166 153
288 118
57 15
228 63
287 228
12 7
21 19
115 16
212 7
292 228
297 228
234 228
69 52
221 174
171 59
287 195
197 113
125 57
276 167
88 54
51 48
159 50
238 228
235 16
295 164
16 11
249 91
143 96
228 205
235 61
40 25
273 235
202 59
228 204
174 148
258 52
174 83
43 8
155 16
287 4
129 69
35 4
197 24
268 99
163 70
126 31
249 129
108 43
215 21
59 4
129 32
79 15
228 77
55 15
77 4
135 129
118 50
71 10
287 284
208 104
53 4
247 60
167 22
201 81
174 94
104 16
93 4
270 102
245 129
86 62
154 33
172 59
142 9
222 122
228 211
100 86
200 20
76 40
78 57
274 193
285 79
235 227
280 151
47 4
81 17
83 23
261 98
196 146
123 59
63 4
246 235
101 16
206 59
289 235
82 4
140 31
263 147
6 4
235 214
61 16
96 68
292 287
216 66
236 129
67 53
255 209
133 54
228 166
228 202
41 24
228 192
235 203
62 16
11 4
174 97
235 161
287 238
228 24
31 5
138 64
228 66
15 5
153 144
280 209
282 59
95 60
286 126
291 265
295 210
228 176
112 52
204 174
233 65
228 59
168 129
54 16
228 128
285 4
174 8
226 120
91 34
297 143
16 13
223 114
211 182
288 228
250 59
250 201
141 33
228 181
95 35
177 81
231 83
227 168
167 105
228 49
168 163
235 105
174 4
213 150
94 56
278 60
27 4
189 3
239 59
65 51
104 9
285 228
46 18
132 115
113 59
162 5
70 22
2 171 3 4 127 5 59 6 7 8 174 9 59 10 11 12 13 228 193 14 174 4 14 15 288 228 16 17 162 174 18 19 59 90 133 181 20 177 21 206 174 235 16 228 22 180 23 24 235 271 25 238 26 27 99 261 287 92 28 134 111 29 26 274 235 30 31 129 32 228 16 33 34 16 59 228 35 36 37 287 38 228 39 40 287 41 42 228 228 43 129 249 44 45 46 4 157 59 174 47 43 228 48 49 50 185 51 52 53 16 174 241 97 295 14 54 228 137 55 56 287 57 58 59 95 251 129 60 61 153 62 16 16 63 64 65 174 253 203 66 287 228 107 67 129 4 68 208 143 105 69 70 5 71 200 72 228 287 192 73 172 240 74 75 76 201 77 78 79 80 295 81 82 83 84 85 86 87 88 287 228 4 89 228 90 91 92 93 287 94 95 96 97 98 129 99 100 174 16 228 101 16 102 183 103 104 235 105 106 107 262 129 228 156 108 244 109 110 142 161 111 78 16 60 143 112 113 287 114 115 223 228 244 145 174 59 59 73 116 117 56 118 228 119 120 121 128 122 123 228 124 125 126 127 128 129 130 131 4 163 132 133 134 16 228 135 28 235 228 136 137 138 139 228 140 141 235 222 23 4 142 88 143 144 145 146 147 40 112 49 148 91 149 150
1 77
1 145
222 243
86 191
1 128
1 257
1 38
1 291
136 278
53 58
1 182
1 62
1 294
74 289
93 142
32 223
26 43
10 38
1 104
1 47
1 154
1 276
1 73
1 219
193 286
1 185
1 15
1 36
1 161
4 271
1 271
9 71
1 125
171 289
93 233
1 100
1 105
1 105
1 239
1 45
1 53
1 265
1 137
36 246
53 281
1 174
1 6
103 145
1 144
104 279
1 123
1 41
240 259
1 166
155 259
69 106
10 21
188 201
1 23
1 210
1 193
1 247
1 183
102 170
1 184
133 146
67 192
30 48
1 97
1 246
104 169
1 58
207 286
239 282
1 6
23 103
1 111
1 55
1 134
45 242
223 254
1 131
53 150
39 95
1 68
1 143
84 291
1 187
1 112
67 117
1 49
135 173
1 34
156 270
1 62
27 227
93 276
131 221
1 196
1 292
1 1
1 175
1 202
66 164
1 207
1 204
1 109
1 208
1 149
173 195
1 136
147 167
1 271
7 284
1 279
260 271
1 144
1 102
84 217
1 171
110 259
1 47
1 116
1 181
1 56
1 236
28 233
1 116
1 128
39 204
1 55
91 291
19 208
1 60
59 97
1 147
1 229
1 184
1 121
190 281
1 137
176 189
1 269
160 251
223 276
1 6
162 176
150 157
15 24
159 179
22 81
24 266
1 143
70 195
1 111
1 171
1 19
186 255
111 115
1 286
1 94
34 55
3 61
140 210
1 191
1 158
224 257
233 262
28 163
28 229
1 249
84 183
1 229
28 182
74 236
1 94
61 135
93 99
36 219
2 82
1 178
79 271
1 241
1 120
47 115
1 197
261 286
55 214
1 212
211 283
1 212
123 268
170 267
1 243
1 140
1 126
67 199
35 101
1 192
108 123
1 43
1 104
197 273
1 79
90 195
1 130
1 101
47 293
1 169
81 233
106 174
1 277
124 128
81 254
164 247
1 130
1 3
1 187
170 244
1 151
199 247
16 170
1 229
201 262
239 283
1 204
149 288
40 201
1 43
1 262
1 90
1 128
23 159
6 263
6 151
51 69
5 162
1 192
1 229
117 203
24 127
1 159
15 58
91 230
16 65
1 197
203 291
22 281
135 140
1 285
167 195
58 117
1 173
201 222
248 261
1 188
1 163
1 159
51 272
1 79
1 152
97 166
51 182
15 294
47 115
1 248
1 190
15 128
17 264
1 59
71 293
197 270
1 221
1 41
69 247
100 209
88 151
35 72
228 268
1 145
71 78
99 275
120 170
1 254
17 184
69 227
1 174
90 266
1 71
49 243
1 84
79 92
1 111
