0
1998 3999 1995 1996
1822 1813
665 438
334 11
1370 669
1448 1000
1679 1060
1615 156
438 330
1872 200
788 130
527 9
1225 81
1995 550
1813 462
1926 337
1048 9
1186 1115
715 9
1203 813
781 243
246 77
764 684
742 374
1548 1539
1644 1293
1059 101
1642 557
1723 559
1448 1168
1136 278
1318 438
668 126
1073 955
186 9
981 270
199 9
727 156
292 156
1783 125
1813 70
852 368
1073 83
296 16
1451 1168
1435 1412
811 156
1383 852
1993 9
1920 1095
1336 101
1444 170
1073 222
96 3
1272 101
1941 1657
156 141
559 156
1664 101
1270 420
1813 1641
1614 1073
1533 948
1933 1872
60 9
380 167
1559 1448
438 390
845 438
1519 1506
1311 420
1738 156
815 136
1354 258
516 451
1221 1073
445 313
1989 754
374 9
621 119
1448 957
1448 1308
625 620
303 4
289 9
1969 996
956 438
1872 319
1813 1090
1990 1890
1379 1242
725 38
1495 817
62 48
1805 69
573 438
1557 19
1353 156
1957 1475
1535 128
1437 575
1773 156
384 159
1995 1073
1138 1047
1929 156
1872 1747
524 431
1173 1059
1644 862
1390 760
1038 438
657 452
1897 1633
1133 909
1448 1036
438 324
626 140
1529 420
780 547
1872 1158
220 22
1953 1822
353 214
1522 420
1792 798
1644 420
548 156
786 344
1872 438
580 203
552 252
684 101
98 32
1710 1032
1813 1439
1621 635
1814 156
1859 1549
1813 1748
260 206
1769 829
1843 156
627 101
776 156
1073 290
1872 782
262 156
1797 438
1423 438
1983 420
1672 1644
228 166
1785 1728
1073 438
1632 213
822 170
1743 176
501 409
1073 296
1002 608
1556 852
1813 437
1872 973
1577 420
1323 932
1654 917
1143 1000
1811 1073
1759 524
804 670
836 12
1977 490
27 26
54 9
658 156
1813 1189
1778 597
1813 550
1744 1644
1527 101
1073 1008
215 41
772 16
1911 1656
110 59
836 613
1142 1086
1796 937
1859 101
1367 420
1709 1448
1469 235
719 190
755 438
1036 152
1637 227
1451 1026
1766 852
1842 1779
1368 1288
1872 1176
1872 677
1644 795
488 416
328 176
495 69
1212 438
1965 151
1781 1396
1622 156
645 420
1351 101
916 741
1909 1244
1482 385
1039 101
1652 9
1831 156
1409 156
1752 101
1767 59
350 60
464 101
1473 101
1872 1856
785 432
172 114
1934 1813
520 9
1198 941
1021 47
545 156
420 75
1521 1207
1586 204
1576 1358
1580 1045
1813 461
1612 354
1644 345
1881 1389
868 563
1562 1358
779 124
767 438
1830 982
1890 156
862 729
1448 135
1081 265
1631 167
459 65
1753 1121
386 101
1644 876
1145 1031
738 720
831 515
1891 1366
22 13
1544 1464
512 9
1220 865
1293 438
1403 156
1080 420
1087 438
963 9
1749 1448
1644 662
221 171
1439 1073
1317 910
156 117
115 9
1448 1324
287 192
1042 438
1065 326
1448 1375
1073 986
1073 101
1633 565
195 101
535 156
1669 325
1966 871
1759 1442
1676 539
1861 1448
949 101
1073 183
1334 675
685 587
1355 617
1061 424
1940 156
1049 125
1025 401
1367 443
637 156
1951 1939
1800 624
664 472
1101 303
703 43
879 787
1298 870
229 20
921 545
1757 1448
318 84
1205 101
58 9
1625 527
1174 71
1128 231
823 260
1399 867
1507 1448
1761 156
1073 104
448 156
1451 546
234 37
1813 1664
1303 642
1284 1262
669 287
1813 1588
340 9
794 438
474 156
420 57
1585 853
1749 252
1263 65
992 156
1872 1170
1446 719
1448 1073
998 555
1257 245
1440 838
1833 731
237 98
924 365
898 394
1557 1073
1261 741
818 534
762 127
1406 1112
269 92
1804 1511
1448 487
433 101
413 291
1717 9
1681 1073
1298 420
1644 1381
1872 565
442 9
672 148
1419 263
1632 9
1198 685
1291 1232
927 866
1713 156
487 244
1002 101
1209 807
992 9
1098 101
51 9
1148 1049
942 37
1910 1114
466 188
1448 380
1800 951
1463 1152
1905 1115
686 232
724 101
1872 417
1438 156
1396 156
1953 420
1104 858
1911 9
1659 1169
1159 167
1289 803
1998 413
649 578
1030 671
418 101
474 17
1467 438
1042 156
363 243
264 6
1351 419
723 124
1067 156
1644 1098
1151 327
1757 1079
1945 1448
438 13
1825 1448
1871 1616
1427 261
853 101
48 9
109 101
1872 1596
1985 737
582 9
1996 1644
554 351
1416 168
1661 1595
1448 986
399 130
1944 420
1644 965
1644 887
1448 354
1073 225
1878 226
1224 267
1644 570
438 420
545 438
560 438
1964 9
100 52
884 156
1073 240
93 4
1644 1420
1346 9
420 153
156 120
1035 816
1982 1935
1308 352
941 40
1321 156
1708 1081
893 233
1183 1046
871 544
1870 1535
1479 156
910 506
986 727
715 497
890 156
1813 1743
1881 9
1626 747
1132 467
864 101
1797 1644
1581 9
1078 1026
1512 1073
1924 1813
1813 1426
1251 84
1668 964
69 24
1457 101
1343 1139
1739 1644
1539 9
1065 671
1813 982
1819 9
1448 305
1794 956
1872 539
1448 728
788 354
1844 762
1448 1304
481 59
438 358
611 362
168 88
513 156
1303 179
702 438
1031 826
1731 755
544 438
420 156
1522 858
261 101
453 420
1630 420
307 240
1052 607
1613 1243
1591 320
1045 156
591 477
7 3
1448 1082
1655 420
152 48
1872 1291
1117 1073
1185 615
10 3
1979 1837
1157 156
331 43
1813 733
1644 101
438 307
106 36
1440 101
557 101
101 89
1651 438
754 156
1813 1752
1511 1318
1813 101
420 17
435 313
394 9
1187 1127
260 101
1424 438
1809 156
1032 67
39 33
844 678
298 156
1329 438
1109 15
1644 1477
471 74
1062 744
1644 782
1662 1073
1813 250
1296 420
1448 499
1245 1111
349 163
802 734
1448 601
1644 756
773 101
1686 9
1205 1169
1342 179
977 101
1960 812
1872 1812
174 2
923 420
1599 391
1845 20
667 402
1538 63
1838 1448
926 420
79 17
1813 1311
1102 1048
1002 420
1003 853
1964 1696
1644 1363
65 54
1730 1176
239 9
1775 1395
1896 1771
257 106
367 9
1073 575
1308 9
1993 1114
1073 366
1899 979
1910 606
1644 1241
918 156
1257 997
1872 1440
1303 66
295 125
1073 857
1432 598
1528 9
1447 9
1768 156
1819 964
1627 513
1683 1386
420 253
906 113
560 63
1873 359
1872 711
359 155
472 457
291 101
1472 438
6 4
1283 420
1566 295
1152 344
1979 491
1073 1028
1820 316
480 391
1872 6
1813 447
1872 1531
871 337
1511 881
1403 670
1813 532
368 183
1879 376
1073 558
1783 1118
1651 1051
1740 420
961 9
1269 713
1273 1214
1342 106
1657 156
364 152
722 52
1582 1292
748 686
1775 1429
1399 502
563 128
845 631
798 219
148 42
1356 787
1422 156
366 101
1729 949
1580 423
156 101
431 390
999 438
696 294
1073 123
1017 659
25 23
1823 212
75 58
1677 1026
1813 848
805 480
488 438
1585 438
1073 256
1520 420
936 163
1830 9
438 350
1257 906
1552 1256
1267 188
223 81
44 1
701 15
1530 438
971 751
1872 173
706 233
378 156
824 156
752 738
1480 238
1084 103
1073 288
1254 438
1959 1125
1644 1362
635 101
1425 9
665 101
1051 420
1970 363
558 313
539 420
1176 439
931 101
600 61
420 39
846 183
1375 140
1073 178
1644 1137
1554 1291
223 101
398 224
1350 363
1717 1644
1798 313
549 545
615 9
1644 338
244 203
1824 1073
1644 1039
1498 501
241 156
1813 74
156 147
156 35
792 156
955 200
1386 395
1623 1083
1530 1073
1817 30
142 9
1644 438
1644 700
796 742
1327 1094
704 47
225 102
1826 154
817 612
1024 9
1328 1073
479 438
1644 698
581 305
1275 227
1488 594
1872 108
1479 101
1612 945
1310 208
418 305
1961 438
1583 934
1853 971
1792 733
833 787
595 420
1448 445
111 101
1161 1018
582 460
1928 101
1698 305
1297 894
1420 507
1560 9
1023 438
1153 547
630 423
1612 755
1199 489
1034 175
1332 420
1872 53
1168 1057
1301 9
1400 375
1755 1095
1840 1723
455 217
608 409
1105 392
736 420
1394 1073
1813 294
696 101
422 14
1886 156
1390 1231
1763 101
1150 917
1689 598
1659 1498
1946 94
1260 537
477 186
1112 156
1499 1463
81 71
609 438
238 156
1497 597
1073 176
1154 1074
870 616
1378 647
1303 420
1448 1314
1423 227
880 866
1803 180
1997 1304
1892 279
1212 1133
1869 814
854 328
1505 1381
1096 133
725 438
1824 526
1600 1184
232 214
1263 101
1644 1417
1889 1553
1813 1730
700 156
766 420
1655 1448
603 451
156 9
378 9
753 101
289 35
1034 418
1568 423
1758 101
1771 420
249 206
670 644
739 232
612 438
1717 151
994 841
1465 1268
1787 931
594 135
733 694
1073 517
1756 1732
1440 1073
1286 32
1075 444
662 519
660 589
1448 821
1548 739
1813 886
1644 134
1105 330
1543 562
1671 1476
1758 438
1619 1402
1166 5
1872 339
438 41
1935 1599
624 156
1448 1058
1679 280
547 420
794 101
420 345
1719 420
1981 1715
752 721
1195 1110
440 156
382 124
617 18
126 106
396 101
1019 156
135 70
1330 849
1882 102
1825 801
1977 908
766 573
1954 1448
959 822
773 420
1047 929
1448 373
1646 731
156 53
1014 431
643 630
1367 177
1236 9
596 242
1406 101
946 804
222 174
509 342
1975 289
894 387
1066 438
1729 1073
1862 942
1177 136
1956 9
1517 1357
164 66
1321 173
771 366
1715 1322
1813 330
1323 1073
1644 378
1870 1788
1073 142
1771 98
1760 9
1487 528
1594 19
588 441
1160 1053
414 9
1977 463
1238 533
60 24
1445 156
1489 1457
500 86
1118 1104
240 178
1414 460
1991 9
1569 1448
1673 101
1644 414
1813 1413
775 422
1900 1725
1599 863
758 9
1207 1037
1831 83
1872 1760
1073 790
1417 181
786 156
861 518
941 704
653 438
1818 9
1063 955
1770 1544
1959 1073
1306 366
1921 542
181 2
731 105
783 296
1040 156
784 10
1552 9
1761 1644
1644 282
1206 890
90 87
1456 156
886 208
438 155
529 101
1146 438
904 375
1199 9
1606 1265
535 131
1540 373
1833 420
1348 777
1836 328
1938 1813
1448 324
1635 1034
1224 9
1713 791
1924 1073
764 101
1010 835
1510 283
261 8
1821 29
1483 713
1682 393
1644 1369
1178 156
131 93
1741 1448
1882 74
1839 1051
783 101
309 130
1895 1647
710 398
498 168
1607 135
1681 1287
974 9
1872 1378
988 900
1073 82
1555 1117
1929 851
1355 438
1952 420
1785 1574
979 165
1903 357
590 156
1696 375
1734 156
167 9
1966 156
568 458
1771 1448
897 438
526 341
1644 1533
799 101
1868 602
1949 101
1759 9
1012 156
196 101
1138 1130
1707 1396
1644 1073
522 136
1655 635
458 101
1560 420
1671 568
1656 1553
1644 184
1813 715
1333 420
1285 1073
1658 1058
41 33
984 693
838 576
1917 9
49 39
294 9
1802 833
1419 438
1872 465
1093 562
1643 1389
469 387
1113 180
1631 1073
1620 1441
761 438
1985 156
473 234
180 9
1986 1644
247 205
1991 1149
1813 892
759 123
1120 630
821 565
1219 1099
50 8
1509 549
1005 80
1549 419
186 101
1144 9
1073 953
814 724
1588 1073
1644 814
1649 1225
252 156
1105 1073
1471 158
850 162
1143 69
1675 420
1644 208
1292 169
1242 9
1638 314
120 101
1890 1262
1138 1073
709 470
1644 342
1692 1213
224 9
1961 9
1543 963
872 438
1398 32
1282 1242
708 529
1806 1791
968 827
1909 1532
1156 986
461 292
1407 9
504 438
878 9
1279 740
1812 827
1872 1813
687 101
431 420
1872 1511
1872 689
936 126
1387 438
1599 1349
1844 1568
1792 1073
643 420
1872 1090
1448 911
631 255
1813 1474
1899 1813
1925 438
982 438
145 6
45 40
1766 919
1985 506
1448 1239
1290 691
950 946
1678 1306
149 9
36 9
1028 159
38 3
218 83
11 9
1813 1501
1429 9
1376 1031
1895 438
1152 45
169 9
1368 954
1602 1440
543 9
1706 814
1566 827
1813 1784
1741 1217
188 89
1644 221
1590 9
1064 9
1856 266
1587 1480
108 9
1907 156
1492 1023
479 234
795 710
1453 319
87 76
438 184
1073 650
1073 957
1644 1636
1099 757
1124 156
1872 396
1130 1073
937 106
1572 698
884 226
1073 478
1335 438
200 9
1604 1078
556 438
809 311
1187 1073
1644 1563
718 420
1927 438
1946 1496
325 101
377 13
843 156
253 128
1057 200
1973 101
912 438
1644 330
1448 1276
612 20
510 374
1011 598
1052 325
1461 101
1813 831
1448 1229
1264 543
1640 881
616 122
1742 1010
1907 77
895 438
909 420
975 270
665 156
1073 1066
306 297
1758 1416
1509 438
1813 1587
1644 253
1653 432
1536 27
420 317
925 893
1756 1697
187 57
571 156
882 216
676 52
358 210
1397 636
1453 101
1284 175
1673 420
438 134
420 382
1466 521
438 51
499 420
200 156
1940 101
1436 438
1365 632
1813 598
1893 156
807 473
1122 101
820 537
1600 101
1872 1040
1542 156
791 24
646 420
957 298
1337 1274
747 392
467 190
876 14
1073 876
1960 1448
1406 1219
1106 638
9 6
1697 891
1073 257
933 156
1813 654
1942 1704
1813 1620
1566 101
1994 1813
1232 68
1786 1300
1737 520
854 78
1724 81
1097 978
1180 1148
1813 1007
217 101
821 438
1890 1219
1158 1097
1995 1819
1300 159
1927 1073
468 27
1825 438
482 420
564 495
3 1
1841 1013
1073 1020
943 101
1383 217
1315 293
1450 707
1073 30
142 135
1644 646
1073 974
366 259
531 156
1818 1739
965 101
1774 1476
1064 438
979 46
1502 438
1129 141
1175 504
226 101
1250 39
1813 228
687 543
1054 2
1762 762
117 2
1150 101
1525 1220
1448 637
519 331
545 297
1907 1813
659 9
1540 655
1514 846
1551 1448
1930 1872
324 132
1073 274
1974 680
101 88
1927 156
1468 1317
630 420
1049 920
1830 420
463 101
1412 438
1569 101
757 438
299 156
1631 1095
1004 120
735 209
1813 1515
1640 1279
1239 916
1448 533
82 9
1017 9
417 144
1607 648
993 95
1872 1858
406 187
303 29
1705 715
1270 9
309 66
1644 927
1872 251
1226 1165
1402 1235
1448 156
816 9
1644 549
1644 222
1073 812
1813 1376
1644 262
1809 423
680 54
462 9
617 420
1418 384
1670 1073
1457 156
902 513
996 541
1611 224
775 101
284 9
1725 156
492 162
1914 939
1622 1114
567 562
1411 438
1448 745
713 639
1178 562
354 211
1414 1073
1986 903
1490 646
1020 621
243 156
1944 1549
1408 1028
1893 287
1579 420
1125 1073
1813 1505
312 146
1448 101
683 558
1558 1069
869 243
1872 1099
1120 9
1960 425
136 5
1629 707
313 296
629 438
1627 1382
1073 352
1073 1048
451 118
1813 1364
268 81
1300 1018
144 127
1813 152
1977 438
429 116
1964 773
1703 630
1396 9
1726 85
1608 683
1813 463
684 521
1828 1598
1048 438
690 420
1962 614
1925 868
13 9
612 420
1312 26
1813 1289
1911 1813
78 49
723 420
1058 512
1831 1765
1872 968
500 229
1426 1100
892 680
1254 156
841 101
1992 552
1004 882
438 101
1813 1073
1448 1184
799 9
734 420
276 249
1073 813
905 859
1728 438
1121 978
274 156
1686 101
1460 9
438 200
1190 41
438 89
797 464
70 33
1407 884
1959 465
1781 429
1027 153
1813 574
1872 496
1299 35
1147 641
1505 298
1388 210
1644 1557
831 545
1923 1448
1373 173
1014 101
542 274
1686 1537
1064 35
1701 1073
1644 127
420 137
1425 1073
160 26
771 760
997 394
1287 768
420 314
778 101
1180 847
1813 1058
945 9
630 225
1523 6
643 438
1335 420
1964 289
832 150
983 857
1132 101
1218 312
1448 378
1954 1841
1563 1165
175 30
1644 455
1414 684
1068 9
1272 583
1608 1580
575 420
767 420
1369 1285
1237 53
192 167
94 9
1476 919
1321 705
1836 272
415 210
1786 438
837 420
438 273
799 183
650 93
839 295
105 63
1703 226
889 469
1425 1420
1358 156
671 101
1486 772
1079 1073
1527 1073
672 9
1448 667
1813 1446
1767 402
1813 679
1654 101
1478 1111
1925 397
693 3
1813 1486
1738 591
803 107
420 239
883 25
132 115
420 21
620 438
1836 156
1101 438
1381 101
1500 1227
887 9
1966 314
1247 1019
112 59
1541 1399
1934 1448
1157 420
1924 420
1556 156
1001 101
1448 1368
1872 93
737 160
1701 9
1710 138
1269 1073
1813 1163
1398 46
420 10
32 9
196 156
843 153
1747 1073
751 458
1436 156
1970 420
1813 174
17 14
1448 1258
1507 156
560 455
408 156
1997 1179
1110 22
598 101
953 420
1345 234
466 181
1094 902
1832 1448
1776 501
1325 1159
1597 438
1877 156
281 21
1638 438
1770 1259
1872 845
320 249
1837 596
1707 732
1448 1113
182 9
1964 438
1815 868
922 400
1215 342
438 222
997 892
1481 9
190 156
1476 1073
497 420
1306 324
1341 131
1076 1073
1115 438
1240 304
1987 825
1766 1489
1538 270
1887 201
1908 1280
1644 457
463 319
133 101
1881 554
672 310
398 180
316 240
1872 1688
1974 438
1772 736
1090 101
370 258
866 181
1073 563
1646 420
1830 722
801 50
1225 438
1103 252
1754 1448
1082 438
1816 1095
606 59
245 235
1644 791
1222 420
796 156
1721 1161
1019 889
1820 952
1227 922
1253 687
37 33
693 254
1265 396
1445 550
1073 1023
1808 438
1114 1073
1482 1448
1644 42
1441 980
271 156
308 4
1041 871
517 420
866 9
1813 931
941 9
1532 931
1496 1262
848 9
4 1
1185 91
896 101
1239 235
1813 156
1073 1038
121 114
409 253
1171 390
1955 1448
1872 533
438 196
1073 171
446 312
677 196
911 420
1813 111
1193 9
66 13
99 95
876 420
1629 1448
741 510
1813 1241
768 9
1872 1648
655 156
77 49
863 156
1982 420
1813 82
848 156
912 28
1986 1448
1244 156
601 438
724 156
1073 970
902 898
1644 589
1813 266
513 249
489 283
1477 438
524 67
1448 1257
1635 1079
262 180
1813 830
1986 1690
1847 708
1321 1018
1010 893
63 13
1088 970
1813 1602
282 16
1875 101
1047 420
161 74
709 628
1155 9
1258 420
601 148
1856 996
327 9
347 303
1663 1145
506 438
263 206
438 156
456 83
1872 1759
1717 1675
467 17
432 156
1562 1369
1061 7
1533 1073
1957 9
1983 1357
1204 156
1449 241
1748 10
1310 257
1936 1644
438 247
310 9
1704 156
1991 1385
1721 1073
1294 645
302 164
1234 664
1794 1508
156 138
1813 809
605 101
1874 9
555 518
1007 205
866 101
1824 1564
593 48
502 275
663 156
1647 9
1994 1093
1681 721
1872 749
1945 611
1610 871
654 420
574 5
1872 1720
1140 297
667 156
1677 156
1719 310
50 33
392 101
103 8
1644 870
1680 899
1644 1292
1248 1073
255 90
1813 311
578 420
155 1
570 512
792 601
1896 1550
743 9
1448 656
1044 43
1183 889
1846 156
1674 894
1268 891
178 84
527 422
1813 1448
1718 786
1141 939
1351 907
1199 757
1658 420
1073 1026
1971 276
1503 1073
1642 102
1222 645
1073 949
1146 824
1827 615
1658 1073
438 334
676 304
862 420
1160 156
722 9
871 420
1561 1448
1071 921
291 65
906 101
1508 1382
1216 305
1356 156
1813 1145
331 9
972 9
1103 101
1981 1341
1644 579
1644 1234
1813 395
334 156
1136 1108
1008 242
1448 568
1827 265
1835 1448
569 471
1831 438
1302 432
1872 636
772 101
1090 734
591 101
1332 946
966 405
1855 1119
1994 1385
1813 470
1872 50
1813 1702
1526 420
1872 124
1073 388
1684 555
1669 616
961 178
963 101
351 271
1644 946
761 101
505 9
1870 1073
808 9
1813 1476
969 950
1562 1448
339 147
693 101
1661 101
1872 1098
1850 9
1448 820
1123 851
1644 797
681 430
1073 747
691 156
1872 1850
1116 60
1264 1250
1899 156
210 208
1644 392
1214 9
258 247
1448 1088
212 142
1420 22
1728 156
1872 14
1872 244
1965 304
1855 1448
1813 1657
1452 434
420 275
317 246
1813 420
1340 393
1448 1249
1958 420
1967 532
1800 207
1181 894
424 217
61 26
1884 142
673 28
774 563
1185 101
1872 1609
1644 523
438 318
1813 1160
248 126
201 107
1558 957
254 9
1448 357
203 79
604 122
578 401
592 552
1266 1018
1719 989
404 156
1530 758
807 101
877 367
769 9
890 746
1961 1872
1448 505
420 398
728 156
930 48
1872 1495
707 631
796 755
1644 1598
687 9
1794 156
1300 724
1644 1352
1846 1780
307 15
1516 1059
1381 840
922 219
1126 133
1813 480
1575 156
29 27
944 276
1548 246
1644 1448
1822 1
295 115
425 69
1725 297
555 374
1813 399
1454 874
602 131
730 420
273 98
718 9
1753 318
359 9
450 293
1789 101
1349 61
1277 569
1448 1124
137 9
1088 873
1956 719
890 680
1397 616
1644 1457
1118 156
557 9
1371 156
1393 736
1477 1073
793 215
746 246
1124 99
358 9
1786 101
539 309
1813 968
1135 828
716 420
1994 1871
1664 456
1782 438
1144 740
1612 118
1448 551
288 101
1531 101
559 438
1448 595
512 438
1788 438
1872 157
420 217
1896 1870
823 401
1916 981
1462 438
541 286
1491 516
420 178
1690 1643
1871 1073
438 395
1361 1322
412 318
1521 156
1872 597
1011 491
694 363
1243 119
1617 1307
915 156
1764 714
1970 830
1448 766
357 189
585 101
1863 9
1208 561
1854 156
763 726
1222 156
1813 1366
1773 335
438 250
67 3
1863 612
1119 795
1448 680
576 219
1919 1235
576 336
242 176
1644 1143
177 86
130 106
362 173
1426 539
1089 465
1131 420
484 344
1073 1011
1671 501
341 99
1550 1101
1713 1448
1236 156
1644 227
1073 655
1654 586
1677 1358
1153 683
194 181
1644 1108
1073 646
1872 1730
1655 394
1801 903
740 438
1720 260
1203 1097
1360 113
1995 1813
1644 6
1990 1579
1448 1074
871 606
1385 420
1595 17
1930 1053
1161 438
1092 101
1448 1068
403 375
1563 1233
420 100
1694 1448
1872 1073
1073 840
1210 542
419 264
1168 59
1848 323
1790 1368
1006 424
1872 1195
1433 637
1282 1237
1343 420
1430 1073
1700 1517
973 322
695 199
314 3
1784 260
714 9
572 262
1885 1522
1382 156
1239 661
465 212
734 257
1813 1691
711 9
321 156
1852 465
1696 419
1644 207
1813 243
1261 1073
1190 424
1568 433
888 851
1111 637
1640 895
1931 1872
1903 1652
1476 1360
1648 420
1604 417
43 29
438 295
578 438
1566 9
1898 82
1644 94
985 76
838 20
1991 1448
1872 1087
1296 963
1872 1376
1837 198
1086 735
1646 926
1196 629
1702 1435
758 438
497 156
1644 859
750 156
438 384
1012 420
570 156
1448 1271
1634 1192
1252 5
1528 156
1894 1073
457 229
1813 1193
1636 1538
1872 1775
678 325
1073 682
545 244
427 345
128 87
1872 879
742 31
82 63
213 127
803 757
330 274
1457 1169
1072 3
83 9
56 5
538 130
1188 156
1732 9
1975 156
1519 1448
1760 1007
561 275
648 156
1433 1366
1934 1644
1813 31
628 101
899 510
110 101
1644 371
777 417
1872 420
1073 492
204 101
1672 101
1739 592
1814 96
1103 156
1813 1794
1872 672
573 160
311 262
269 123
1055 688
1813 1787
53 25
919 645
1872 1149
278 212
1963 1631
1088 420
1448 116
405 101
1680 438
1970 1289
903 124
1524 1177
891 792
1402 1110
1073 114
1802 156
190 67
658 368
1436 420
1209 156
1115 302
1872 490
407 101
1988 1674
1813 14
1872 1199
591 165
146 101
283 254
381 182
411 156
1872 320
1872 1676
443 34
717 420
1872 1079
338 12
1806 156
850 88
1320 438
1188 420
1085 420
1544 101
1340 981
1745 982
1644 156
1246 19
1304 156
1813 438
1872 594
1512 505
1845 955
1674 558
483 338
129 101
57 35
1374 875
1249 662
1823 1644
527 132
1851 208
1434 420
1950 1372
683 100
699 283
975 438
1715 248
534 374
744 420
1872 413
485 478
616 93
234 9
1975 420
420 260
1469 101
1939 358
153 25
1107 156
1872 101
1165 613
1424 156
1484 1003
1448 140
562 224
1765 266
1172 50
967 156
271 9
1448 1376
1670 438
391 26
1065 883
790 306
1813 551
1739 1448
1872 1262
929 9
1813 912
1198 954
1366 521
1813 138
1501 150
266 9
933 677
1636 1620
1660 1120
173 170
1384 634
1373 781
1258 807
1073 907
1593 1171
1876 1233
1196 420
564 101
1274 413
917 9
64 16
706 9
1888 1662
523 438
1644 600
1338 854
196 74
1894 130
1179 9
1675 1008
1569 216
101 74
1964 118
1910 1207
420 327
1644 55
1531 440
24 20
1353 1277
591 438
1813 1623
1474 512
770 156
1281 156
1939 1458
586 304
1712 507
1617 116
952 9
550 309
166 2
1293 101
1644 720
947 9
206 9
1277 438
1950 1930
290 22
1448 835
525 219
811 618
1650 156
697 200
1872 1605
1872 221
1978 9
170 9
1903 1451
1428 637
1967 156
1813 1198
1691 858
1422 454
687 4
1487 705
165 101
1354 68
156 40
1684 9
1394 479
1450 678
1490 1273
1127 349
1809 438
52 30
661 221
1075 72
1958 616
151 106
61 56
709 156
1054 763
1056 1047
344 101
1622 1460
113 50
1163 2
1370 991
1779 1427
432 25
1304 450
386 372
591 9
1872 156
1120 484
154 78
651 569
420 400
1278 438
544 420
1408 1276
860 9
1406 1093
1153 581
515 138
1644 1629
1897 1484
1872 13
420 319
153 101
1069 727
435 9
428 9
277 220
18 6
1012 101
1091 1073
293 22
1818 1448
1357 226
1799 1706
839 156
1945 1276
1902 438
1473 1432
496 244
1644 230
1304 791
1915 74
874 511
299 101
1073 420
511 305
806 673
513 9
1935 204
1484 1073
1906 1430
1265 581
361 80
986 496
1645 727
1813 1726
1077 925
1524 2
743 101
1522 1448
1200 184
1015 338
1561 1216
1398 379
1280 438
383 157
1276 101
1404 646
1793 1716
1544 1073
1218 386
534 518
156 49
458 337
1813 790
1731 1583
1375 101
1571 420
856 156
1399 115
808 260
1214 617
1750 1309
1230 101
89 1
1628 1142
1194 1048
1644 453
750 667
436 101
1727 686
1823 1073
1087 298
1421 1073
1813 88
949 438
1578 112
420 362
120 71
867 209
607 511
1060 832
1432 1074
1313 156
1233 1227
934 889
1460 445
722 234
1872 957
1693 632
1872 1200
1813 915
1980 156
644 540
76 71
1351 420
1736 983
30 5
1819 145
195 156
1851 1729
1977 156
749 364
1813 1156
1745 669
1283 43
1708 1527
1448 49
1068 19
925 250
1694 557
336 101
1229 918
815 581
886 156
1231 438
1592 1501
1922 1688
1313 47
441 9
1495 1448
618 44
1751 1227
1591 1448
491 272
1872 685
1950 156
1375 438
939 784
1108 438
1681 137
598 455
843 101
1554 581
1813 927
1412 989
1113 677
1023 281
1414 910
1448 321
123 107
438 79
800 394
1813 561
948 432
489 438
1813 1149
686 287
1083 518
275 156
577 262
908 438
256 46
1022 141
124 101
1375 420
1426 101
1341 438
951 420
1448 10
1352 17
1918 1098
1517 163
1812 1448
1027 511
1644 1604
1772 1163
1916 1813
275 66
504 420
1122 9
1461 193
1872 609
1644 1199
1071 420
805 9
1232 9
885 548
640 209
642 591
947 847
1258 1172
1644 708
107 17
1040 159
227 226
1806 1644
1191 9
1046 9
1347 450
391 101
1448 919
1506 102
890 668
337 283
1674 1073
740 156
8 6
638 163
40 9
388 230
1257 438
1838 1413
872 156
1073 414
553 354
1682 420
1644 198
1640 1200
1872 626
1016 202
552 82
1790 948
1013 9
938 9
1073 147
1235 1073
1872 540
1857 9
913 9
1922 1813
1666 116
1415 1073
1816 101
302 107
1448 198
1073 590
1210 112
556 425
1624 1073
119 49
461 420
681 9
688 269
243 97
1702 1226
571 227
1872 185
1340 156
1761 390
674 156
1018 101
1224 882
1534 1073
1706 1114
1209 110
623 101
887 693
1228 389
34 23
1610 767
1026 956
332 156
1471 1073
1273 101
391 97
1456 645
1448 420
1644 274
1963 1133
1520 513
26 7
1448 459
859 852
1073 808
723 250
1872 1005
1841 156
922 9
766 101
929 720
989 380
162 13
1081 438
1263 438
705 236
1997 1121
1413 175
1402 9
622 111
1722 9
1849 838
643 503
1126 101
1133 438
1513 538
645 225
390 9
1216 1073
932 918
329 319
1010 993
1263 1073
1067 166
1967 946
1813 272
1770 1286
1448 464
1114 438
225 79
1759 1644
1973 1615
1872 607
1791 1274
1746 288
1886 1699
587 148
1405 1307
1240 868
1300 1037
1878 101
1895 1658
1073 1036
159 156
1001 51
622 9
1215 704
333 68
1260 1134
1872 1448
1345 1323
393 101
1218 701
1108 955
1747 9
1644 504
675 465
219 164
400 213
1813 1357
548 125
993 749
765 9
1170 438
1678 438
652 101
1831 1813
719 604
742 149
183 117
1917 156
1610 124
1821 1644
639 101
279 216
1841 1448
1829 438
301 18
749 438
698 101
1872 1085
1221 200
1756 52
1626 1610
1917 414
1411 1220
236 101
1805 101
1553 204
520 172
1923 672
1073 363
1887 1001
1073 516
385 253
343 9
42 13
1470 294
15 9
1723 1067
1588 420
1872 310
1074 921
176 5
371 101
1196 551
948 423
914 348
1494 1004
1560 101
654 156
1777 952
1857 1761
719 285
1667 1003
1307 9
614 267
299 71
1217 837
662 602
319 88
438 9
1292 214
1531 1073
420 9
1613 922
1644 849
726 43
1181 621
288 250
1872 401
891 75
476 156
711 101
1962 1589
1663 549
1360 9
1448 9
431 101
430 151
1872 1437
1244 1073
1880 1073
1349 438
1760 246
1749 382
1696 438
1281 981
1253 55
1813 1690
35 9
619 420
132 94
1927 754
1336 22
1024 589
184 172
438 148
1662 877
235 121
1884 1872
1644 1012
1116 545
1850 958
1813 580
1864 438
940 146
1872 803
1644 1134
857 481
198 89
1657 1448
470 257
1073 661
1073 819
1973 1749
928 565
39 9
1714 1291
1570 1448
881 101
1244 441
1629 902
809 420
1813 1674
1967 419
263 156
102 12
829 482
1872 9
551 161
1644 626
1241 731
1813 1236
1875 1391
1689 226
1359 222
1448 1134
1320 315
1879 1644
660 438
1073 269
1872 33
1073 580
1073 1063
493 51
1609 1475
1586 1057
420 374
502 156
1872 1644
1878 208
1252 717
1713 1598
1617 1073
1605 476
1956 197
297 270
1545 1314
956 602
1698 613
1809 252
1207 156
660 156
290 136
1938 1644
1404 101
1719 101
460 441
1422 420
1588 360
420 195
1445 1073
1967 161
964 236
1192 524
1849 1644
1813 345
1418 500
1694 101
590 438
1105 148
1031 183
265 101
588 420
323 5
940 823
1215 101
1537 1138
1458 314
350 156
1339 156
1448 524
1818 156
1598 1336
788 583
1667 438
475 405
584 356
969 231
104 101
1322 1073
1773 1297
1175 115
1184 776
1113 426
864 431
528 9
1075 273
1574 133
1513 1054
1901 697
898 217
1018 156
894 408
1810 1302
1662 1496
1073 509
632 389
1440 156
438 58
1118 749
514 90
395 20
1872 623
1079 720
647 156
1410 808
1587 110
1898 781
1813 1282
1541 233
1906 1848
55 23
1149 180
552 101
1326 1012
574 450
914 717
108 6
1255 438
824 9
1634 101
1869 204
1960 256
1187 83
1813 1644
449 329
28 9
1464 156
1328 618
554 156
346 341
1484 282
688 101
1807 373
740 337
901 106
1589 1073
432 317
1867 337
1676 552
1213 128
1785 1693
1374 101
1458 9
1377 1142
1644 497
123 9
267 193
990 736
1560 1454
1102 9
428 87
1849 468
1305 645
1853 101
1423 270
1591 281
1733 761
1936 129
1285 438
1389 436
31 8
1472 374
1137 438
420 101
846 156
1694 587
607 277
1693 438
1968 438
1471 190
1073 56
420 165
460 250
1912 1227
1774 1492
1613 1553
1042 123
1644 9
1644 1268
1073 749
1801 101
197 156
101 9
1543 438
1991 1073
1641 1504
1485 460
744 197
1224 156
1448 438
1367 1350
1806 101
1733 420
976 9
1213 49
639 156
1090 458
1813 214
1448 1121
1547 1195
976 937
990 545
438 10
830 418
1131 88
1622 795
1124 101
530 265
1875 890
1271 567
1504 922
812 51
1046 438
1277 637
1301 556
1813 953
729 438
1700 1085
1419 695
1949 1778
1766 101
1573 505
491 101
1576 375
1992 1601
813 346
72 20
371 321
21 13
1898 627
1935 1201
218 101
1647 1448
1005 440
1835 588
1314 1080
1639 807
1162 660
1960 420
284 79
33 5
1840 1018
1234 613
1978 101
1526 354
638 420
437 51
1695 700
827 429
1518 431
286 258
150 48
159 28
1164 156
1026 377
139 33
1262 227
1858 1175
1232 1073
95 63
865 156
1601 1362
1435 9
369 331
1840 438
340 281
634 101
1728 410
1507 98
1872 249
1834 262
1748 14
1203 1143
1073 425
1900 156
360 9
1448 738
1813 871
205 159
1592 682
979 865
437 329
1029 967
1316 701
1913 1872
1050 925
770 516
1526 1448
1644 518
304 156
1596 824
97 83
784 420
1813 1083
1847 101
1331 420
305 276
1467 156
1567 1294
1685 132
326 106
1737 15
1263 420
122 36
978 722
1947 1448
1719 567
1872 1446
259 9
1610 706
230 25
47 4
384 156
515 156
278 156
1644 151
1813 709
1448 35
1527 438
1986 957
1035 168
1431 639
352 52
1475 1073
916 438
156 152
1910 766
523 101
1616 991
907 164
1249 1073
1285 1084
421 377
810 156
1177 344
1448 301
602 373
144 61
689 156
80 49
1080 594
254 101
900 875
1169 420
1430 424
1657 9
666 181
503 46
397 289
158 148
1688 585
467 156
1723 1117
1922 1916
1230 156
1989 156
1223 438
1813 207
653 101
632 156
233 193
439 101
86 85
1053 438
1395 156
1324 156
878 266
1051 166
1748 670
1073 139
1427 466
1679 484
1987 9
1411 101
1813 291
1602 1286
191 171
402 49
1793 770
786 188
732 9
922 633
1611 532
1295 1078
1815 240
420 316
231 151
1226 729
440 420
833 420
626 156
134 101
826 9
802 420
753 438
1157 275
935 156
1977 1073
197 9
1813 903
431 157
1309 341
16 4
1293 1164
345 165
958 266
1033 254
782 420
300 177
1813 1122
1362 438
372 156
1872 877
987 243
1032 196
1813 1611
1740 9
1893 1644
1025 9
1464 1004
1700 420
1073 28
1813 339
740 671
673 101
1813 385
1506 438
1073 215
1404 9
1415 1256
826 420
1140 613
1448 265
1649 655
1091 1083
1969 1159
1330 420
1070 276
264 211
533 420
857 725
1872 790
1562 1001
756 139
1872 136
1644 1123
1813 9
1432 725
1932 1073
285 156
487 26
1572 362
1938 715
157 95
1132 1038
71 34
420 370
1860 1170
962 124
433 81
1273 220
1166 101
736 160
807 9
646 586
179 69
691 206
452 9
836 156
882 276
1609 438
1765 945
1557 476
1982 156
1534 1141
1392 1203
1202 279
442 27
537 438
1372 9
1904 575
1165 249
1182 82
1511 1073
1455 564
1872 425
1854 1594
1872 1253
1073 198
1448 75
720 420
1565 23
1443 93
1084 522
356 197
1250 568
1813 193
1387 138
1979 1073
1891 768
832 181
714 62
450 101
1813 710
406 9
954 281
1644 968
760 327
1872 343
610 426
339 9
1007 156
424 9
426 101
1448 750
231 9
1887 420
322 55
908 294
208 29
379 318
1524 745
1651 1448
613 516
1767 1448
516 131
1382 162
1329 420
540 208
999 9
1378 282
490 9
1872 196
1495 194
1429 89
1073 774
1485 156
1009 577
282 9
707 266
1780 1231
335 156
1813 729
1368 879
1000 640
641 110
1668 420
1813 985
1073 74
140 26
2 1
209 203
5 4
1853 400
1585 180
1095 383
207 9
74 68
1363 9
459 101
1478 1430
1139 352
633 94
1400 493
1716 1073
407 335
1302 476
1735 616
1872 815
1628 156
515 137
1255 174
1784 420
851 420
1744 9
700 420
986 438
1603 1590
994 876
982 101
23 8
889 407
1890 911
927 836
1817 839
1538 350
1907 1644
1448 1057
664 7
712 139
896 589
1947 688
211 14
1739 438
960 63
1909 383
608 420
1891 1272
1459 1327
520 286
763 645
398 101
1813 1680
1666 420
1969 1872
1872 1476
656 174
1073 348
1039 438
116 53
438 4
147 59
20 17
1813 113
1886 522
454 124
486 63
579 156
1037 997
520 87
1649 1644
1992 1073
1448 391
1000 156
1687 158
995 420
171 156
692 531
1800 1073
1747 376
1043 909
1883 365
915 101
1320 162
1332 1269
185 119
1259 865
1811 1405
1644 689
1252 420
991 759
1896 709
710 101
1288 1073
1962 526
1872 1424
1071 303
1978 1448
1849 894
583 101
746 379
819 138
1574 1325
561 156
1987 1644
1813 357
1845 1448
1851 1367
398 354
1440 420
1767 1073
783 434
341 156
1761 9
1174 392
1073 844
1801 1688
1490 90
1913 1283
1745 7
564 156
1952 1021
84 9
1434 397
654 638
545 9
59 57
1901 367
929 101
1211 865
717 675
1073 353
1402 685
19 9
1589 438
1813 599
1448 317
1984 926
858 438
141 101
1644 986
565 438
1711 1317
1619 1073
1813 247
1073 732
1131 156
1564 1261
251 95
1886 445
1367 156
1766 1278
1380 77
250 246
1636 387
373 319
1773 954
1937 1710
1073 1031
1875 1524
1609 156
1237 1018
1433 781
1741 1305
1223 252
1085 595
1364 156
1644 97
138 9
1962 1623
1617 128
1872 331
981 710
325 75
1813 1427
679 106
1448 920
652 438
1171 101
349 101
101 4
1872 406
193 28
1819 960
88 36
789 156
1507 248
1159 431
762 496
1644 539
1872 1147
1401 395
1027 101
529 9
114 40
68 21
91 9
342 237
668 438
546 438
1191 101
417 62
844 101
494 170
835 726
420 390
14 9
1566 903
499 100
214 149
376 101
1369 928
1866 129
1618 824
710 608
1976 743
1811 1363
441 33
101 98
410 199
942 935
1402 1183
721 115
1872 332
849 69
1584 1449
101 96
1872 499
1338 739
842 438
1443 101
478 353
1519 1177
1240 795
1911 1808
787 626
875 620
724 16
1198 669
1477 1263
438 182
1390 1073
1359 781
855 785
1575 732
1872 649
1872 993
1578 427
1795 557
1976 420
204 186
1726 408
400 164
1801 1077
1598 968
219 9
1173 458
758 709
1189 317
536 86
1813 336
1448 1443
1686 438
348 328
1819 1813
1789 821
1344 774
599 420
1197 156
1480 1448
143 84
1872 1119
952 25
682 70
1319 269
1813 850
825 298
1813 1109
1821 528
970 420
1100 420
1231 1073
1161 420
1073 361
1454 557
367 52
1895 1838
1785 1739
1362 1242
1501 438
835 101
1813 1157
423 290
127 9
1644 1630
619 9
1536 1153
1155 101
1813 123
589 90
840 495
393 333
1644 164
1256 7
1294 101
1493 9
1448 1299
1515 315
1810 1448
1542 226
1572 1448
543 55
216 78
1299 1113
566 519
1608 1024
720 158
73 34
1438 353
1363 1073
1167 9
1906 1502
1604 1195
1211 690
636 101
1405 438
1343 768
1872 1226
389 308
920 438
1448 303
878 283
1600 1539
658 375
365 304
1770 1073
1856 1073
1134 156
940 376
1813 1237
1517 1298
146 83
1539 534
1054 463
969 420
1367 9
1391 1316
1395 531
1474 1448
1028 9
608 156
873 443
420 136
1947 1073
12 2
480 71
1872 1164
1586 819
452 202
532 420
518 246
1042 722
1535 589
416 76
1874 438
1782 1644
1960 1860
834 673
1521 1100
1218 1179
1159 156
1851 1101
1339 1142
1462 757
1811 751
189 156
1546 905
1347 420
847 634
1644 544
1824 1380
950 420
494 213
1073 9
1505 156
1347 611
1073 330
1073 433
754 274
1678 1448
1192 850
777 160
1621 182
597 156
1073 155
424 221
940 101
1238 477
1874 1073
1687 438
1365 420
1312 101
1813 591
375 65
729 9
1877 1241
1602 67
745 420
1073 773
137 121
508 377
696 522
805 434
202 58
1813 450
376 55
1948 713
85 9
1699 63
1577 101
828 530
1147 585
1083 1025
1571 1448
881 770
1972 1448
1738 1131
1504 369
1872 1828
1724 1714
381 24
355 156
401 87
1903 1422
520 438
776 729
1813 1569
725 101
1639 1073
1872 1341
1575 1448
598 420
1943 1927
1145 646
420 146
1668 176
1201 490
163 101
1711 239
1871 1153
46 9
1754 420
1984 9
444 213
92 83
1163 156
1073 156
1977 1872
1099 748
118 9
181 9
1439 288
1283 519
321 190
1644 1412
1769 1277
519 438
270 9
1933 493
1442 1388
507 95
728 613
521 156
1808 1448
798 70
1426 1012
1448 1005
497 300
387 224
1377 68
1184 500
1865 1073
1162 391
1711 615
311 19
689 320
477 101
782 9
272 257
1491 156
1826 1464
447 395
125 101
1989 1320
1665 47
280 255
980 156
816 101
495 101
1813 998
434 420
910 438
315 229
1461 52
2 3 1405 519 4 873 5 1073 649 156 193 6 7 8 1161 9 10 1852 11 12 13 1448 14 15 438 16 17 438 18 19 626 1813 9 20 21 156 22 1345 23 101 928 24 25 26 27 28 1863 1353 1742 420 926 29 1872 1073 1448 30 31 32 33 34 35 562 36 37 234 1448 38 1619 39 40 422 41 42 43 29 44 1073 45 192 46 1655 1644 274 315 47 881 48 49 420 50 51 52 53 1448 54 438 632 55 9 614 156 56 57 58 615 59 60 61 62 63 1430 420 64 1448 65 66 1083 67 1644 1732 332 393 68 1448 69 70 281 71 72 73 74 75 687 76 77 78 9 79 80 81 766 82 285 83 1061 84 85 1448 86 220 87 101 88 89 90 91 365 1671 92 1872 93 968 1448 94 95 9 96 97 98 543 106 74 99 326 438 100 101 1429 102 103 1644 1644 104 105 869 106 1813 936 107 108 156 1962 109 110 111 1448 112 113 849 114 115 116 117 420 235 118 1872 1848 1644 119 120 121 1073 122 340 123 124 1872 125 126 1872 127 1865 128 1069 1644 129 130 131 101 132 133 134 135 136 137 138 139 140 1619 1644 141 1171 142 143 144 145 1073 1919 146 101 438 156 180 147 148 149 420 1226 150 151 152 153 154 155 156 101 156 157 270 420 420 1864 158 1644 156 159 160 420 1115 161 9 162 201 420 163 164 165 1923 9 542 1718 166 167 101 168 169 170 171 438 172 173 174 175 1073 156 723 1368 176 177 138 9 178 860 599 179 180 181 1183 182 183 184 1073 185 186 187 1614 188 189 101 420 1938 190 191 192 193 194 195 420 1448 438 196 1073 197 18 1872 198 199 1813 162 200 893 201 202 624 203 204 939 205 1065 420 156 206 290 931 207 1872 438 1175 268 208 1300 101 420 1779 209 210 1448 1073 211 212 213 1137 156 1929 1737 214 129 1813 474 215 216 420 156 217 218 32 1073 219 420 220 221 1041 222 901 223 1644 1448 224 225 226 1073 1872 227 156 147 228 229 1296 230 990 420 1391 464 1813 1448 231 232 1448 1872 233 234 1448 1073 1903 235 180 236 237 238 261 239 1073 240 575 241 242 438 156 243 1481 244 245 1698 1448 246 247 248 249 1448 1073 1073 1872 250 251 252 253 156 254 255 1817 256 363 257 258 748 101 259 101 9 1872 9 260 261 262 263 264 265 719 266 267 268 1385 269 1036 1073 1418 562 101 1973 270 156 271 1610 272 273 274 1872 101 275 1063 420 276 1915 438 1073 277 278 1813 420 420 1872 279 280 281 282 101 438 156 730 438 1108 438 1872 283 1163 284 9 285 438 118 286 9 1644 287 288 289 290 420 156 291 1644 1663 292 308 604 101 293 294 295 1754 1073 438 1252 420 296 297 298 1644 799 1930 299 1872 300 1738 301 156 302 1644 387 605 1992 1385 303 577 1648 9 1308 304 1644 305 1397 1361 306 307 308 1644 309 310 311 258 312 313 202 314 156 624 315 1073 316 317 420 101 1073 318 319 884 320 321 707 974 156 322 323 324 1373 1724 438 1813 156 1872 325 326 1817 327 1073 328 1666 329 330 331 332 333 156 334 335 1644 336 337 338 38 339 340 101 1872 438 341 342 1287 343 344 345 1258 346 1018 347 348 349 1344 350 351 352 1813 353 194 354 1644 355 9 356 357 358 1255 359 1644 9 360 438 361 362 363 917 604 9 364 365 366 420 438 1358 647 1644 1073 323 367 9 368 369 1813 438 370 101 371 372 373 635 374 375 376 101 377 378 379 1457 380 381 446 382 383 384 420 385 1235 1167 386 438 387 388 389 390 1813 391 907 101 1670 392 420 661 1046 393 394 420 395 156 1174 1448 396 9 397 1487 950 398 1448 399 1838 1369 1813 438 400 401 402 466 403 404 405 1073 1112 406 407 408 409 1355 410 411 412 413 414 438 1201 415 416 763 1325 420 417 156 420 418 419 1073 115 420 421 420 422 423 424 425 101 475 426 1370 427 1872 428 1042 101 420 800 429 696 430 431 432 433 995 434 101 435 436 156 437 438 101 439 1448 440 545 1620 441 442 443 802 444 445 1623 1257 446 447 448 449 1872 420 450 101 451 906 452 453 101 333 454 1573 420 455 456 457 1644 458 1694 1872 438 459 460 1277 461 462 420 463 464 465 1829 420 1419 466 467 468 469 470 1073 471 472 473 474 475 1631 476 477 478 479 101 480 481 438 1737 482 1531 1244 65 483 484 485 486 487 488 489 490 1111 491 492 1872 815 438 1872 850 1813 420 9 423 493 494 1448 495 156 581 496 1872 497 420 498 499 500 501 774 1718 502 1073 709 503 504 505 506 101 242 507 508 420 509 702 510 511 512 513 179 1872 499 514 681 515 156 1813 516 517 9 186 420 518 519 520 521 50 522 101 523 524 525 526 527 528 529 530 156 1073 531 1111 438 1777 532 533 1872 813 534 535 536 537 538 539 1587 540 541 101 9 542 543 544 790 545 1073 546 650 547 548 549 550 1813 551 552 553 1106 554 683 1243 555 556 557 558 379 559 560 1692 1073 561 549 562 563 1767 564 565 9 438 1247 1807 566 644 101 567 568 569 808 1030 570 571 572 1073 1069 438 573 1644 574 575 461 576 577 578 579 156 438 580 581 582 1073 1644 583 1251 156 584 1813 156 585 420 822 586 266 587 420 588 1845 589 1338 814 1464 1020 1073 590 420 591 512 1448 592 9 1685 593 594 595 596 597 598 1813 1872 1085 1769 1644 599 600 601 573 602 156 603 604 605 1872 1644 606 607 608 324 609 610 721 156 611 612 438 1644 1813 1018 613 9 1762 614 1644 615 1815 514 616 617 661 1837 618 619 620 9 621 26 622 623 1813 624 980 625 1872 626 420 1963 518 627 628 629 630 119 1813 420 631 632 633 634 590 635 636 101 424 637 638 6 1448 639 640 641 101 1893 1145 9 1629 1189 642 643 1073 1225 644 29 1905 1644 645 646 101 647 648 649 650 651 1883 420 1448 652 420 653 1073 654 655 656 657 658 438 659 660 661 1872 420 1171 662 438 438 663 1448 1813 435 664 665 666 667 999 1872 668 420 613 669 670 671 672 673 674 1804 156 675 1644 676 1872 677 441 1267 1644 678 679 680 681 836 682 683 368 156 1323 1615 684 685 948 1813 686 1813 687 688 693 1448 330 801 689 1813 690 691 692 143 229 693 1115 870 694 723 1062 695 127 420 438 696 46 420 656 438 505 1372 697 698 506 1872 699 700 701 702 703 704 110 438 1795 1872 705 824 706 196 707 708 709 710 1813 1710 711 885 712 713 101 652 714 1184 67 715 1073 716 717 718 1521 719 156 720 1644 48 158 420 156 1813 721 646 156 1813 722 1193 1254 723 724 528 1813 725 1376 726 727 760 548 728 729 1933 730 101 731 732 307 1520 733 734 894 1865 9 735 420 736 737 420 112 1581 738 739 438 740 949 1813 741 9 447 742 743 744 520 745 746 1813 420 551 747 833 1448 420 101 9 748 749 750 1848 758 751 1813 752 753 754 9 210 755 420 756 757 1813 758 759 205 760 9 761 987 1448 762 763 764 1623 765 1872 766 1177 156 1872 767 768 769 101 806 420 1872 770 771 772 156 773 1872 1872 486 774 1448 420 775 776 567 777 778 605 156 779 420 438 438 1966 780 781 782 783 784 785 786 787 1872 788 1920 789 790 791 1073 632 792 302 1872 9 277 1925 420 793 1073 794 101 101 795 796 797 798 799 800 801 9 1448 802 803 1911 804 1345 805 806 821 807 808 809 810 1858 811 156 812 1549 901 813 735 814 815 816 9 817 818 819 820 821 822 823 1577 1813 824 825 1295 826 827 101 222 828 829 830 831 101 832 833 834 1042 835 1448 1487 1413 1175 836 1887 837 9 838 260 839 1073 840 841 842 1448 843 844 845 846 847 1448 1171 848 1034 849 850 1813 9 851 852 853 854 1854 855 856 1872 857 858 859 860 438 861 862 863 864 1644 614 1448 865 866 438 867 1448 868 1917 1813 925 869 1872 870 871 872 1872 873 874 1872 875 1644 876 877 1290 156 730 878 866 1872 879 880 881 882 883 568 156 1322 884 101 1872 885 886 887 888 438 160 889 1073 890 891 207 892 893 894 369 9 895 1032 896 101 897 1644 9 687 215 971 898 899 900 1741 9 1182 9 9 429 1692 920 446 1546 901 1813 1726 902 1448 1813 903 904 905 420 101 906 907 1644 104 478 908 909 910 156 911 1459 101 1402 912 1872 913 914 915 1448 916 1840 917 918 189 919 1813 920 318 921 922 923 924 1721 1644 925 926 438 447 927 1446 908 420 928 1872 929 930 931 1615 932 1073 933 934 935 936 1069 937 938 1591 539 939 240 438 126 1813 940 941 1108 942 943 1476 944 543 945 156 459 1210 354 946 1813 420 146 947 438 9 948 949 950 1941 1073 9 951 952 1872 953 1551 954 1872 955 956 1813 647 742 1813 957 958 608 1813 1073 9 1872 1334 1872 959 235 832 960 961 1986 4 438 962 1202 1039 1640 136 963 964 965 1913 1322 1872 156 966 967 438 968 438 1644 9 969 970 971 972 438 891 1017 973 974 1073 93 1041 746 975 976 1872 1069 977 978 1750 979 980 981 420 982 664 983 1186 984 1517 1073 1080 985 986 987 1407 1448 988 1056 989 1287 1845 990 1448 363 1954 101 991 992 993 994 995 996 991 997 998 1525 9 999 156 43 1000 1001 667 1002 1003 193 1145 1004 1846 1005 1006 1073 1007 1008 1009 523 1132 1010 1011 1644 1012 1618 1013 1014 1872 599 1015 1016 1017 1813 1018 1019 1020 420 1021 1950 1854 156 1022 977 1023 1534 1024 512 1813 213 438 1025 1026 865 1027 1294 1028 1029 438 1872 1030 1031 1032 1033 1034 1035 1036 9 1396 1037 1038 1039 156 999 1040 1041 1042 1043 1044 1045
1 1635
189 321
1 396
1313 1714
1 558
1 1262
828 1333
1 1564
1 186
375 609
1 222
1669 1728
1546 1862
1 267
705 1000
760 1554
1 874
450 704
512 1754
1 585
9 946
1 1628
1 1117
1 1185
1 512
640 962
1 612
1 85
219 1952
1429 1822
789 1378
1 1345
1 1492
1 1794
323 1710
524 1397
1 818
319 1991
18 764
1 765
1 1007
151 1234
717 1100
1 1982
164 1164
1 1548
312 747
1 18
1 1703
1 1171
1 271
641 1193
1 762
1 1095
1 653
1 345
659 934
1 690
1172 1751
1 1499
1 38
1 1592
85 594
1536 1604
224 1810
1 595
819 1648
1 423
174 290
1 353
62 1518
1 1301
1 476
1 1361
985 1801
1 962
1445 1880
1 1908
1416 1832
1 913
1 1935
1579 1819
358 1790
1 922
1 573
872 1221
1 553
1 1327
271 1756
1 549
1 880
1 1594
1409 1650
212 1401
1 1664
539 1547
105 417
13 374
1 426
1 1817
277 664
1 1846
1 1371
1 1576
1 1406
959 1532
1 1928
486 1828
1066 1606
368 1305
955 1538
1 1150
1 1123
1571 1718
71 163
1007 1366
192 590
1 734
128 869
1 759
101 1699
38 1187
1 624
845 1092
1007 1795
1 1724
1 283
1 1474
1 176
1 135
1 1917
859 1453
1772 1883
256 1075
93 1805
1 1750
562 722
289 555
1 1204
1 1906
1 196
725 1553
239 1101
1 130
1 1750
146 655
1 614
434 1558
247 1971
1 1667
519 606
684 749
1 1980
1543 1937
694 1193
1 239
1 718
44 1887
318 1332
1 592
1 308
1 995
390 1824
764 1762
462 1556
1364 1459
224 1743
1 1148
586 1416
1 960
1 566
1 1757
1393 1663
932 1279
1 1662
1 461
512 1487
1040 1270
1 1526
1 1476
1 1155
1 490
69 1459
1 480
528 1634
246 529
1813 1841
1393 1556
1943 1983
1 807
505 641
270 481
1284 1751
1241 1964
1061 1823
1 1437
1 1282
1 266
1 1708
1 566
574 1226
1 1878
1 1346
52 236
1418 1945
1 1436
142 586
732 1130
1 908
1057 1537
838 1984
1 452
1713 1832
344 1813
4 725
1591 1832
409 1001
1 1423
1 894
686 908
1 1986
1007 1364
264 734
1 1977
330 1372
771 1986
63 801
131 465
1 1292
1180 1945
706 1122
1 1125
555 1571
465 1317
1074 1209
944 1530
537 1063
1 220
567 1844
755 913
982 1698
150 621
1 1674
1 1066
1586 1798
1 747
65 1447
1 831
400 1420
1 995
10 440
1 1789
1 935
559 1791
1 1443
702 1418
592 815
341 764
800 1681
1 1685
234 603
985 1336
490 1011
1 1946
392 928
1 1370
1 13
320 1509
1 168
703 1793
1526 1637
583 1696
474 1551
554 1298
42 700
1 1790
613 1288
503 1558
523 975
1218 1234
1 683
766 1325
1 1394
1 1963
268 1716
1284 1650
1523 1548
147 1386
581 1675
300 1096
1 653
1 711
1 753
684 1765
57 836
1240 1646
1 216
377 1555
309 1190
1 1437
1 1021
163 915
1146 1891
1 1279
455 1102
1 964
1 1262
1 1163
1559 1978
1 1120
9 834
829 1338
826 1366
330 1155
1 742
17 401
1 985
289 827
1 102
375 1809
1347 1482
391 1112
1110 1214
1 232
771 1753
1 901
1122 1226
1 1718
1 722
918 1721
1 888
1 1241
1920 1961
1369 1769
14 1650
749 942
1 1620
223 721
1 1076
1 1855
1906 1922
118 736
634 652
1 373
1 1964
727 970
1674 1978
1 712
876 983
825 874
1 1119
1 354
487 1145
760 1033
1 168
900 1867
1 1910
768 1629
930 1508
1 1974
565 1690
1 800
104 315
342 664
230 1329
732 1171
1 1873
575 1684
77 1657
1531 1804
964 1897
1 1401
1 1612
971 1757
313 665
1 1687
42 259
1 149
167 1862
691 998
1 1181
148 227
1102 1724
1 1298
1086 1226
1 1204
1 335
1503 1911
923 1040
1 175
938 1008
1541 1933
937 1805
1 514
439 1244
1 1051
1325 1895
113 902
680 1845
408 1368
374 816
1 1312
406 1814
1265 1270
1711 1844
846 1828
1 221
1 539
227 1538
777 1124
1 93
1 492
1119 1508
72 1022
1500 1611
221 741
1 1837
1 970
807 1320
19 1072
325 1339
440 1294
1 608
1 205
1 1288
1 1427
1 937
1 1290
1658 1728
1 1220
1 1353
781 1266
1 1548
23 1741
1 1770
1 1263
1 695
1 1064
1279 1400
731 1483
577 1182
1 463
352 992
853 1597
1 285
33 1802
577 854
1 1444
1 1779
252 570
1 267
1 552
1 359
477 1123
1 1663
560 1192
1 1919
1 415
1 1932
402 1382
707 1034
109 876
1 553
1 1194
1 568
1 1246
238 1301
259 1746
1 1142
513 960
712 1601
1 1425
1 738
666 1247
1 902
1 560
823 1948
1 983
1 1953
1 1090
1 1601
1 1954
985 1865
1 1985
129 1432
214 1225
1 235
55 565
32 1836
1 1314
713 972
636 1573
1 1973
1 577
663 707
1 1317
356 1262
1 963
1428 1995
1425 1794
1 1305
1 99
1 91
901 1220
1 1598
182 548
43 1986
1 1344
1447 1516
768 1281
794 833
1 210
78 1647
1 964
1 803
201 1498
141 365
1 1285
1519 1561
1 1537
1 1851
1 708
1247 1720
1 606
1 1451
1 1731
1 879
1 413
1 279
91 164
1 1565
751 1371
1611 1647
1 1771
1 185
1 1243
1 1126
644 795
463 1376
764 932
1 563
1 973
964 1201
493 1814
1 1333
1 1449
188 347
8 1467
225 743
1 1777
184 1706
1 1562
1 1934
1 672
1 1835
1 1782
917 1221
1 596
1 1941
1 269
1 1359
1 1521
477 1498
939 1705
1 158
302 1420
1 1665
314 1047
120 1330
1 63
1 304
1 1037
162 1564
1 482
84 1708
1 115
380 1233
1 239
371 1108
127 1361
1 1244
67 428
808 1360
485 1694
422 469
28 1002
1 1110
113 981
1498 1785
333 1527
922 1821
1 468
1 1904
1 1335
919 952
1 58
1 370
672 1206
1 1724
777 1806
772 1766
721 1345
271 970
1 1147
238 1178
57 1029
108 1014
274 1866
1001 1958
1 464
1 1010
1055 1340
1 1111
562 1542
1 1557
1 480
1374 1518
1 1030
1 628
289 1947
1 1766
1 1346
1610 1777
1 748
140 1907
1 1943
1 460
1 883
1 975
1 1888
1 1412
1 1343
1 897
1 166
1 1239
550 1685
1 1661
1 777
435 1353
1 911
31 1073
1013 1709
1 1699
513 1622
1191 1583
1034 1155
877 1530
1 1453
1806 1964
1 1590
1073 1569
45 468
1 1567
1638 1995
57 1228
316 770
1 440
1 903
260 301
1 1753
601 1135
674 1800
658 1083
306 351
1 74
1 1710
31 889
1 497
545 1398
1 1058
1 936
569 1115
201 988
466 1391
1 1351
1 1830
1 986
1 852
552 805
1 604
1008 1278
289 457
1 34
1 625
1 1396
1530 1832
1149 1217
940 1980
578 1829
1645 1792
1 947
1 850
1111 1730
1066 1357
1 18
1 1853
395 932
375 939
179 1904
1 635
1 1360
1761 1897
1 1285
1 1442
1 43
1 663
1 1249
563 794
1351 1910
1 147
29 248
1 757
432 559
1 502
1373 1856
450 785
1 672
859 1189
773 1777
981 1110
288 913
854 1857
1621 1747
1 314
1 1204
145 900
542 795
1 1092
1 573
1 1470
1 1159
736 1178
1 201
1 22
626 858
193 1910
790 1611
1 1672
1085 1760
1 1729
1108 1696
183 1883
590 679
1 1250
1 686
112 417
1 241
768 918
1 1129
140 226
692 912
231 964
1 1032
1 1633
1 1159
515 1225
1 77
1 790
1 1259
573 1118
1 696
1 230
1623 1776
1 354
51 515
844 1372
1 38
1 385
1 537
1 1759
1 1568
1 372
378 1723
1 1636
1 1086
1 274
1 1843
709 1545
159 1525
34 61
1 1799
1592 1899
1 1405
1 809
1 1470
753 988
1 623
73 1101
1 1449
1 1273
98 1012
211 301
1 1569
73 1226
1 883
1 696
1 1783
1 1337
176 1820
1 1072
1095 1894
1 191
1 1629
861 1474
1 92
32 1840
1609 1907
3 1126
486 1376
843 954
1 922
1681 1995
1151 1292
1 1793
1 859
1 1520
977 1333
1 941
398 1723
1428 1617
1 268
1 94
6 739
1 1868
1 1592
1230 1557
1 1193
1 709
281 665
1 1294
1 597
1 214
1659 1822
371 891
1 812
859 1039
1 316
174 1864
1839 1936
176 1221
145 550
875 1411
1425 1657
1355 1503
1 390
1 322
1 44
1 311
1 986
1 641
1 1496
53 1929
495 1290
695 1832
1 853
1 1684
818 1665
1124 1388
1301 1958
853 1805
501 1949
20 524
939 1696
1 595
1272 1282
947 1041
355 674
1 228
834 1104
1 453
1 63
1 489
551 784
1 1888
1174 1828
504 1836
1404 1456
1 1484
1 1009
1 1858
37 1941
1521 1559
1037 1416
453 1759
1 6
1 141
781 975
1 517
1 1566
1 1934
122 1213
595 1166
1057 1709
1 997
469 1790
494 861
465 1044
1225 1382
1 1537
1517 1986
1 970
1 1414
1 319
1008 1047
1 40
1 101
866 1311
1827 1853
4 1349
1 1029
947 1313
1 1688
1201 1776
1 595
282 411
791 1259
1 1304
112 425
1058 1261
677 1832
1 481
1 774
574 850
1239 1899
201 1983
1 1828
772 1043
1 1264
1 921
793 1815
1089 1135
47 893
1 794
1 293
1 1330
109 1671
1 1078
1799 1938
201 1402
942 1503
148 730
1436 1853
1 977
1 1876
1 1551
1 1853
1 593
1 1643
510 1360
182 1435
1217 1770
1 782
1459 1665
85 1752
1 1617
971 1753
1 1404
1059 1529
1 802
1 1085
1 1367
1 1113
642 1579
211 1725
1 734
1 593
999 1844
1031 1884
1 1162
27 53
1 1070
1 733
1 1329
657 1264
1230 1380
418 1784
1 1456
1 577
1 683
1 326
369 1068
1 762
1 1228
1020 1332
82 775
1 496
610 695
1 327
544 1449
1469 1552
1 1319
431 1496
1 1637
1 1694
1 721
1 1658
912 1749
118 835
1 1103
1 1105
428 748
1 1926
175 559
1 962
1 1881
1 1866
343 1949
263 1679
1 1005
1 844
1 1523
883 1957
1 1214
27 95
1 857
549 1506
18 392
489 889
1 276
1 1893
1 1454
1 734
1 456
1 281
1 1271
701 1966
986 1097
1108 1988
1 674
1 1655
156 974
1110 1797
157 1629
1207 1403
543 1551
119 1841
1 208
1456 1562
1 378
1 1157
1 978
1 663
302 1475
258 993
1 1016
1 1594
1466 1645
696 1471
463 1787
1 1572
1630 1698
1 157
212 1192
1 1992
1 802
595 1019
717 1285
45 251
452 536
524 788
1 879
1 1044
1 1195
1 856
1 50
229 1005
1 7
844 880
1 308
119 322
1 1945
1 1411
1293 1380
1 1652
1813 1826
1 1086
1 1592
174 227
51 353
189 694
1 1261
1 274
1 401
1 1619
1 1583
1 766
1 322
1 1653
265 301
1 1576
811 1055
1261 1398
830 1117
1461 1538
1394 1864
1 465
1 1037
969 1542
1 1807
683 1912
1 164
979 1694
1 823
1 241
1 1102
215 1848
1 489
1 930
1 632
46 160
1321 1485
1 863
1 881
1593 1984
1043 1692
163 179
1 814
1 1194
1154 1322
1 1728
542 1609
642 1051
1 146
1007 1387
303 743
1 1673
1 1388
1 1461
1 793
1 1032
1 777
1 1664
1 1306
1 1258
82 1228
1 997
1 805
1378 1889
566 588
943 1213
1 853
1127 1668
59 493
1 1516
1 1202
687 1348
1 1863
1 720
1374 1600
1 561
1 1511
520 1312
1 1059
477 1176
169 924
1 279
824 1949
120 1389
1 807
1 1987
1 1897
1 1773
31 1265
1 1808
113 418
1250 1331
1 198
1 1087
1 1020
1 608
858 1209
957 1265
743 1252
644 990
1 1383
263 868
781 1942
1 1826
1 1669
472 1255
1 1380
1 134
489 1218
1 632
188 826
1335 1372
906 1074
1 399
586 1389
541 994
1 378
440 1036
902 956
1043 1504
1291 1334
1 1319
1704 1865
1 172
112 130
165 1312
1 400
1221 1747
1 1338
643 1050
1 613
984 1659
1459 1961
1 53
875 1948
834 1355
1 1715
550 1406
1 1615
1 1720
1197 1993
1115 1284
1511 1586
402 1658
1 559
1 1292
1 1518
1 367
1 21
1 237
452 934
205 842
1 1537
1 313
1 1328
1 1284
1 1300
289 1489
1 1323
1 1741
1 697
1 1062
1 423
1 1267
1 1022
10 1804
770 1127
1 1782
542 1277
975 1177
1 1548
1 1966
1 397
162 1054
33 1745
1 664
1 1859
1 404
74 1050
1 355
1535 1886
1 1964
910 1157
1 1292
1 465
1077 1750
281 331
1637 1867
1 661
1 1549
1 1422
1 930
402 1115
1 421
1 263
553 1833
1 1885
1240 1696
1297 1624
281 1836
1 380
271 1983
644 1115
276 933
1 790
1 35
304 1366
1 1665
1 952
657 1781
1 215
1 293
1954 1990
1438 1682
1746 1902
1 1935
1 1914
44 951
826 1356
1 50
199 1882
1 378
401 1667
1111 1219
997 1310
1 1196
1 1155
1 1087
1 575
1 343
1 1284
883 1200
797 1539
1 78
581 966
688 1367
1545 1944
639 1732
1 1271
1 466
1 1152
1 459
1 170
1 1765
969 1044
133 1803
1 1347
1 1504
958 1116
1083 1496
417 798
225 532
1 1908
1 162
894 1151
1 1903
845 1184
1047 1308
1 1658
1245 1880
523 525
1 1554
371 806
1 829
1 1134
1234 1853
1 529
42 1587
1 877
52 1009
417 1036
1 1187
1 948
37 1475
1 742
143 1081
167 569
1 1959
1 1703
680 859
1 1064
1109 1583
1 425
1 1871
1 378
1 1781
1032 1877
97 747
1 853
455 698
1 649
1 1256
1037 1438
913 1403
1695 1917
1 1581
1248 1945
108 1957
1 634
1 1305
1409 1942
1 997
1351 1867
1 987
341 1907
1 515
296 798
1 21
1 135
1 1888
499 1424
483 730
1 1545
1 1510
1 876
745 1961
1029 1061
485 1518
1 424
1 1829
1 1676
747 1692
1697 1993
1360 1365
1 632
977 1105
1 341
706 1225
207 1859
1579 1950
1642 1893
1 1122
1 440
1 1129
1462 1581
1 332
1 294
993 1472
294 699
1 572
1781 1901
1731 1903
242 1676
1 1247
1 802
1 801
83 1384
1 884
512 939
1 238
1 547
1 1239
1 1571
1255 1991
895 1534
1 862
319 335
1759 1971
38 1194
651 657
1 793
1 175
618 703
1 190
1 535
768 1698
360 1033
171 912
79 1172
1052 1170
1 1792
1 250
50 974
1664 1819
1 1599
1 1057
1 478
1 62
626 1065
101 474
1 724
1 1840
251 1087
892 1247
916 1358
1 857
1 900
610 1284
115 1652
87 1568
1 1690
331 1476
1 574
1 103
1036 1491
1 1583
66 199
117 982
989 1053
1 1760
1 964
1 343
1 477
1 1557
1 1679
511 1613
301 1289
173 1776
1 1114
26 969
1 1597
1 34
536 860
555 1397
1 550
662 799
470 1277
1 1935
1 442
1 1299
1 381
1 203
1586 1896
1 840
55 1484
188 1888
254 1498
1 1098
1 845
81 862
1 450
1 1850
1 708
1 513
333 1225
455 1286
381 1674
1 1128
1334 1646
1 911
1 1063
1 847
1 1615
1 435
1 1402
786 845
1 1729
51 393
438 1942
1 1029
1 1225
480 1094
107 1160
264 475
1 1324
1307 1581
35 961
1 1440
1466 1785
1 1019
1 1505
1486 1723
1 1407
331 1991
1 1138
1 36
1 533
1 1637
1 903
1 1871
681 718
204 975
10 993
219 413
967 1659
244 946
1 1324
1 57
588 816
1 274
1 1431
1 1194
207 236
308 896
1 739
7 474
1 1978
137 508
1 16
131 1046
1 271
263 428
1 597
1 139
1 94
1 485
511 1207
1 1379
1 592
1 1556
1 263
492 1833
84 1435
1 232
336 832
1085 1446
1 1417
1 884
139 987
1 328
1 1394
1 209
1 1814
1366 1496
23 526
342 1294
1234 1432
971 1922
1 1809
1 1330
1 1098
1 897
646 918
1 1009
1 1081
1 340
116 1120
876 1314
1 593
485 869
1 86
1 1947
167 877
1 1207
432 459
1 1801
1 1501
248 1305
479 1413
860 1119
1 169
1 1003
369 407
1 63
1 889
1 1903
1 1878
1 702
109 1635
1 1613
564 1536
1 839
1 1879
1 1911
747 1446
1 1905
713 1431
1 1108
1 1795
1 1508
1 1697
1 804
72 1302
517 1010
562 1313
1 1801
570 1685
1 1564
1141 1466
1 1995
1 1161
1 1107
1 262
104 503
1 1608
577 588
1 159
1 1765
388 1677
1 1962
94 1443
1 840
1 1147
645 1955
1 437
1 1191
1 1210
1 1630
1 1152
525 1417
376 624
1 615
536 1581
478 549
173 1056
1 1428
1 30
804 1052
477 1309
632 1476
1 346
1 756
245 862
1 794
1 1081
715 1284
1 593
1 1042
1 1941
647 1887
58 895
236 1515
1 836
283 1914
1 1788
1 288
1 905
1 1310
1 850
1 863
1218 1692
933 1210
323 1019
269 1976
1 736
1 1723
1 53
337 427
1 976
1 1580
261 1202
135 149
1424 1635
1 1050
1 1269
1 660
71 1251
1 1611
50 240
1 1559
1001 1884
1 404
602 1276
1 1985
1 118
1 1720
1 1130
1 677
698 1016
1 263
306 1251
652 1432
1 1593
1 1933
1 940
1 1602
176 1086
294 495
529 1854
264 415
1 359
1 1321
692 1835
735 793
804 933
126 669
1 1650
1 475
763 1540
1 852
869 1421
114 1434
41 375
1 721
1226 1403
1 1943
756 1787
570 773
486 1036
1 135
732 1742
57 1275
1 1949
1 1935
1 566
1 920
1 1743
67 537
1 1517
272 327
1 1022
115 1148
1 1429
243 1299
151 1479
987 1532
426 1185
233 1845
1 1647
419 1374
1 272
224 1090
914 1319
1 301
1 1167
1 344
1 961
974 1225
1 1525
116 1720
1 973
1 1362
1 366
1 1005
205 1042
1 757
1 1173
1583 1738
1 160
1 110
1 311
516 1473
1 572
1077 1527
752 851
1 1417
1 63
1143 1895
1 208
1 741
1310 1359
1 1294
1 1709
1 677
1 299
1 577
181 652
1 392
1 904
557 1881
1 1604
377 591
1 1800
1 1576
1 1135
1001 1420
152 1548
1 1154
912 1717
1 1273
142 411
1619 1824
1 1892
1 949
1 1805
1 1584
1 1377
1004 1636
1 1589
19 1369
1303 1749
1062 1933
1 996
1 1009
1 1373
458 1070
1 1668
1 1533
48 1349
1 1141
1 1045
1 1268
238 1755
261 1048
1 567
1 1568
532 553
1004 1591
1 1252
1 439
1 1340
1 159
1 1850
1 1803
963 1437
467 1166
902 938
1 1778
1 877
154 930
127 805
1541 1602
1485 1710
1423 1565
1458 1966
305 1437
990 1528
1 206
1535 1664
1632 1937
1 1588
60 942
1 1179
1 1150
1 1141
1 369
397 1196
93 622
1 1
577 1087
1 1993
581 903
921 1382
139 1755
1 569
1 841
305 787
108 1198
1 780
231 434
1 530
1 36
1 1908
778 1897
1 554
96 310
593 1211
51 1190
1 1632
1 1830
1064 1088
1 191
1 824
366 439
50 1213
1 984
164 1000
1 1545
1 774
43 921
1 507
1 911
1272 1637
1 1687
336 789
1 796
411 1787
1 268
363 1755
1 1487
907 1148
1 1459
1 1812
1126 1706
411 1671
1 1530
252 620
488 1673
1 1726
1 1181
1040 1741
410 1120
1 1590
1 1215
1 937
6 1319
955 1713
386 822
1 1204
531 1022
811 930
1 1264
1125 1986
849 1542
1 1520
1 449
1370 1762
1 1684
127 1610
492 783
654 995
1215 1943
1 233
844 1747
10 254
1 86
1670 1773
1 313
243 1428
1 1571
1 868
1 1564
999 1360
1 1707
1 720
1 583
23 1851
1632 1977
1 901
1 727
695 1538
1 1008
823 863
1 1463
1 103
419 1981
348 1639
1 903
1 1768
132 240
1 1100
1 82
1 1823
1 1067
1 512
1 310
623 1569
1 1923
1 147
206 505
1 1053
1 1640
