998
1994
1724
1997
1638
1201
1997
1041
1860
1997
1837
1997
1992
1806
1997
1997
1434
1997
1997
1619
1775
1001
1280
1245
1659
1997
1604
1934
1831
1997
1997
1159
1082
916
1997
1997
1472
1955
1834
1504
1346
1667
1997
816
1936
1049
1997
1988
962
1252
1804
1997
1506
1294
1578
1755
1997
1553
1997
1076
1972
1025
1887
1997
1863
1613
1997
1711
1996
1752
1562
1179
1678
1149
1997
1375
1989
859
1997
1406
843
1997
1997
1399
1628
1997
1642
1170
1997
1643
1430
1024
1997
1913
981
1997
1934
1942
1710
907
1997
893
1149
1034
1127
1997
848
1997
1997
1997
1997
1265
1278
1997
1995
1997
1984
1523
1800
1508
1483
1686
1595
1997
1997
956
1797
1089
1865
1895
855
1997
1988
1944
1444
940
1997
1997
1235
861
1855
1997
1943
1900
940
1875
1604
1997
1821
980
1997
1997
817
1973
1997
1823
1537
1413
1997
1615
1780
1355
1997
1997
1997
1997
1868
1265
1997
1377
1633
938
1997
1997
982
1689
1997
1997
1062
1088
1263
1670
1587
1677
1997
1988
1995
1997
1997
1478
1997
1997
1997
1961
1997
1109
1191
1806
961
1633
1997
878
1158
1974
1971
1110
1888
1997
1410
1997
1957
1694
1997
1997
1558
1997
1997
1118
1420
1997
813
1997
1981
818
1997
1956
1823
1925
1184
1971
1997
1276
1997
1997
1997
1997
1997
1838
1994
1997
1997
1883
977
1308
1997
1515
1591
1461
1997
1355
1929
918
1394
1997
1106
1997
1997
1997
1997
972
1984
1997
1997
835
1997
1149
1991
1997
1871
1997
1997
1997
1997
1997
1857
917
1997
1997
1997
1997
1557
1997
1134
826
1997
1997
1997
1616
1997
1997
1578
1543
1511
1997
1810
1997
1841
1997
1997
1109
1338
1965
1988
1192
1997
1374
1201
1257
1958
1279
1811
1997
1997
1997
1518
1937
1362
1997
1923
1997
1997
1997
1997
1830
1997
1415
1997
956
1534
1997
1424
1214
1997
1997
1502
1997
1006
1982
1303
888
1997
1845
1997
1738
826
1997
1958
1543
1997
1997
1280
1751
1997
1997
1871
1992
858
1997
1997
820
1997
1481
1960
1997
1918
1997
880
1997
1501
1997
1986
1130
1013
1997
1997
970
1970
1883
1856
1997
1246
1977
1997
1181
1997
1235
1760
1983
1997
1866
1997
1975
1997
1657
1997
1318
1986
1787
1994
1997
1997
1176
1997
1997
1994
1997
1838
1647
1895
1997
1927
1669
1997
1745
1997
1981
899
1371
1997
1725
1997
1997
1606
1848
1186
1116
1393
1186
1997
1226
1154
1997
1049
1467
931
1201
1551
1308
1997
1997
1997
1689
1997
1997
1796
1442
1997
1105
923
1986
1806
1642
1747
1997
981
1997
855
1715
845
1997
1997
1796
1642
1240
1631
1213
1919
1868
1267
1997
1997
1116
1521
1997
1414
1636
1971
1364
832
1297
1018
831
1992
814
1600
1926
1827
1896
1436
1176
1997
1997
820
1625
1997
1176
1997
1374
1953
1997
1178
1924
1929
1997
1021
1987
1369
1160
1997
1997
1997
1846
1505
1374
1480
1902
1944
1188
1997
1057
891
1544
1997
1607
1103
952
1430
1716
1800
1996
1041
1997
1997
930
1860
1214
1276
1997
1997
1997
1635
1369
1997
1997
1167
1103
1991
1584
1981
924
1874
1042
843
1564
901
923
1997
1613
838
1805
1150
1066
1997
1997
1877
1997
981
1997
1636
1951
1781
1325
1892
1677
1482
1912
1997
1823
1997
1622
1213
1931
1997
1997
1997
1755
1287
1765
1997
1997
1997
1685
862
1165
1997
1955
1740
1997
956
1997
1997
1997
1997
1266
1934
1743
1750
1992
1965
1688
1343
1997
1286
1997
1045
1677
1997
1331
1592
1971
933
1158
1997
1514
1407
836
1689
1428
1369
871
1123
1161
1418
1873
1215
1997
983
1496
1997
1408
1725
1997
963
1997
1997
1997
1997
1101
1961
1026
1997
1923
1040
1953
1668
1997
1703
1413
1995
938
1997
1997
1997
1997
1941
961
1791
1666
1997
1312
1393
1997
1957
1997
1155
903
1361
1447
1997
1608
1997
1997
1975
1594
1132
1997
1997
1958
1997
1997
1387
1448
1997
1997
1988
889
1997
1997
1846
1590
1150
1986
1188
1106
1968
1572
1211
1997
1983
1884
1971
1509
1997
1664
1993
1997
1564
1997
1997
1997
1997
1992
1997
1776
1235
1788
1997
1295
1628
1092
1260
1997
1850
1984
1997
1844
1997
978
1997
952
1997
1852
1997
1210
1556
1934
1823
1997
1274
1978
1997
1960
1329
999
1260
1997
1940
1485
1204
1997
1550
1832
1997
1751
1909
1997
1972
1731
1647
936
1039
1738
1997
997
1298
1802
895
1997
1898
1997
914
1986
1128
1477
1092
1997
1596
1716
1103
1196
1751
1995
1038
1669
1428
1550
923
1164
1861
1305
1987
1858
1001
1997
1928
1433
1983
1308
1997
1997
1399
1953
1997
916
1442
1066
1997
1390
1997
1997
1806
1927
1844
883
1025
1997
1241
1544
1997
1184
1613
1843
1997
1997
1475
1997
1774
1856
1997
1927
1902
1997
1997
1997
1728
1770
1967
1778
1361
1585
1079
1394
1997
1997
1447
972
1997
1997
1965
1997
1970
1908
1997
1613
1997
1997
1997
1833
1997
1693
1951
1671
1997
871
1997
1997
1997
1085
1344
888
1386
1997
1997
1997
1994
1890
1997
1656
1040
843
1677
1997
1997
1355
1997
1997
1997
1997
1057
1956
1371
1123
1773
1997
1970
1924
1997
1993
1192
1332
1997
969
1997
1613
1997
1997
1179
1932
1997
1997
1677
1498
1997
1986
1821
904
1997
1201
1400
1997
1997
1791
1484
1790
1168
1496
1302
1973
1913
1997
1847
1993
1368
879
1049
889
1615
993
1997
1909
1997
1491
1997
1463
1008
1997
1129
1997
1481
1299
1149
1284
1997
1873
1523
1615
1994
1988
1257
1997
1306
1524
1168
1997
1997
1997
1099
1625
1557
1767
1997
1506
1222
1997
1831
1666
1997
1766
1997
1997
1175
1997
996
968
1535
985
1997
1811
1290
1289
1997
850
1987
1375
876
883
1970
1879
1348
1452
1065
1965
1229
1996
1444
1997
1939
1997
1802
868
1101
1523
1692
1798
1197
1961
1997
1956
1563
986
1960
1997
1885
1997
1997
1435
1847
1997
1736
1261
1367
1572
1997
1957
1341
1024
1997
1997
1997
1037
1997
1877
1933
812
1481
1997
1997
1970
1997
1997
1430
1322
1240
1445
1962
1956
1993
1997
1780
1960
836
1124
1997
987
1997
1298
1025
1997
1947
1982
1202
1802
1723
1007
1030
1504
1770
986
1995
1034
1997
1997
1997
1997
1992
1687
1325
1997
913
1983
1874
1997
1467
1823
1290
1856
1671
1397
1591
1995
1997
1441
1429
1957
1997
1997
1474
1240
1997
953
1997
1997
1885
1997
1997
977
1138
1097
1484
1329
1496
981
1177
1205
1670
1355
1480
1988
1997
1997
1447
1997
1914
1068
1236
1997
885
1536
1997
1635
1069
1997
1311
1997
1964
1800
1970
1615
1478
813
866
928
1655
913
1934
1997
1853
1298
1339
1606
1997
1997
1997
1997
1141
1974
1972
904
980
1997
1144
1896
1997
1591
1976
1997
1997
1723
1997
1997
1736
1997
1997
1997
1997
1175
1992
1868
1997
1918
1723
1997
1164
1997
1604
1997
1962
1959
1971
1997
958
1997
1010
956
1954
1997
1997
1997
1637
1184
1067
1742
1985
1825
1997
1975
1057
1777
1169
1189
1179
1997
1173
945
1549
1309
1711
1199
1337
1442
1997
923
1997
1997
1049
826
1724
1947
1465
1571
887
1721
1734
1750
1988
826
1997
1184
1687
1997
1997
1992
1574
1049
1118
1397
1997
1711
1808
1997
874
1997
1997
1997
1735
1958
1997
1997
1485
1974
1997
981
1382
1997
1842
1790
1997
1997
1985
843
855
1773
1997
1962
1853
1736
1997
1997
1997
1240
1263
1298
1626
1756
1189
1997
1997
1939
1997
1997
1971
1997
1197
1686
1264
1689
1869
933
1997
1444
1157
1072
1997
1997
1997
1987
859
1875
1997
863
1997
1997
985
1989
1997
1047
1997
1462
1273
1993
1652
1532
1431
1751
1997
1243
1386
1580
1518
1724
1986
829
962
1997
1308
1997
1710
882
1736
923
1989
1842
1447
1997
1580
1207
1997
1997
1982
1031
1971
1385
1591
1178
1972
1355
1992
1360
1983
1657
1997
1985
1895
871
1997
1997
1051
1070
1432
1962
1997
1997
1710
904
976
1997
1954
1997
1591
1997
1757
1997
1856
1969
1987
1278
1703
1274
1997
1763
1789
1997
1997
1628
1985
1985
1881
1213
1481
1481
1618
1427
1997
1824
1643
1215
1038
1955
1997
1441
1997
1958
1683
1997
1484
1866
1997
1858
1649
1997
1997
1966
1696
1997
916
1816
1767
1997
1020
1313
1677
1952
1997
1922
1532
898
1944
1997
1997
1444
1415
1997
1503
1543
968
1997
1627
1922
1997
1030
1984
1765
1997
936
1374
1756
1678
1045
974
1997
1997
1865
1283
1768
1022
1975
1997
1997
1643
1997
1997
843
1701
1180
1734
1848
1986
1456
1577
1850
1902
1291
1451
1802
1696
891
1544
1658
1997
1997
1997
1275
1997
1408
1308
1450
1010
1707
1129
1997
952
1939
1972
1332
1223
1997
1702
1988
1172
1997
1771
1107
1997
1340
1072
1997
1126
1955
1270
1973
1650
996
1413
882
1997
1960
1759
1988
1997
1964
1172
1956
1997
1802
1114
1240
1997
1997
1520
1921
818
1911
1989
1737
1804
1988
1613
1892
1927
1675
1997
1144
1615
1046
1808
1997
1598
1830
1997
1997
1120
1427
1762
1765
1134
1847
909
1997
1908
1997
1997
1978
913
1168
1291
1418
1997
1344
1301
1757
1710
1997
1615
1997
1933
834
1972
1232
1997
913
1074
1918
1997
1997
1870
1350
1997
1951
1423
863
878
1547
1509
1012
1997
1457
877
857
1997
862
1997
1288
915
1070
965
1480
1639
1997
1997
913
1997
1041
1997
809
1258
1288
1809
1913
1015
1997
1876
933
1997
826
1594
1456
1266
1966
1706
1242
1231
1001
1264
1997
1997
1603
1997
1997
1947
1116
1977
1997
1997
1997
1755
1510
1974
1484
1301
1997
1615
1322
838
1988
1791
1901
1459
1983
919
1793
1413
1176
1448
1441
1997
1997
1997
1958
1522
956
1959
1997
1369
1032
1932
1997
1997
1318
1198
1575
1660
1014
1973
1043
1988
1721
1997
814
1910
956
1274
1562
1997
1808
1997
1997
1025
844
1391
1017
1944
1997
1993
1988
1747
1173
1997
1997
1997
1868
989
1678
1997
1447
1997
1599
1942
1535
1997
836
1997
1997
1997
1895
1997
1651
834
843
1633
1400
944
1904
1068
1997
1337
1704
1116
1919
1581
1997
1997
1857
990
1997
1804
1944
1997
1784
1254
1755
1376
1997
1063
1479
1369
1149
1742
1348
1950
1509
1251
1997
1876
1915
1778
1997
1628
1997
1997
1120
1951
1986
1847
1519
1997
1184
961
1562
1785
1625
1984
1726
1413
1989
1017
1997
914
1034
1272
1997
1551
1263
1997
1196
1935
1997
868
1385
913
1029
1145
1997
1027
1620
1997
1975
1355
1344
1147
1997
980
1061
1626
1268
1321
1199
1866
1948
1632
1039
1997
1997
1208
1704
1163
1876
891
913
1997
1997
1997
924
1431
1780
1824
1997
1997
1997
1961
1997
1997
1847
1997
1973
1027
1776
1247
1265
1268
1741
1997
1883
1996
1997
811
1997
1997
1462
1631
1455
1997
1684
1493
1988
1651
1973
859
1986
1641
1961
1997
1685
999
903
1997
1858
1466
1997
1675
1363
1957
1051
1498
1779
1660
1408
1997
970
1997
1483
1997
1806
1997
1083
1997
1097
911
1997
1997
1062
1984
1997
954
1246
1997
1997
1026
1228
1393
1638
1997
1997
1235
1997
1997
1201
1956
1997
1066
1697
1997
972
1521
1997
1997
1971
1829
1997
1970
1933
1997
1777
1911
1038
1438
1041
1997
961
1536
1621
1427
1958
1415
1529
1997
1345
1997
1096
1922
1958
1997
1413
932
1974
1291
1936
905
1307
1659
1778
1997
852
1884
1988
1316
994
