40320
12
48
362880
48
240
1260
5040
720
40
120
12
120
720
5040
72
48
15
40
240
5040
720
1440
72
48
48
2
48
5040
1440
72
18
144
720
362880
5040
720
1260
5040
48
240
720
362880
12
720
120
0
362880
40320
5040
40
72
40320
5040
12
40320
360
1260
18
40320
40
40320
40320
1260
40320
120
1440
48
240
72576
720
12
1260
1440
720
48
5040
1260
240
40320
48
720
240
90
362880
120
40320
720
12
1440
1440
720
12
5040
360
5040
12
6
48
144
362880
40320
720
40320
240
1440
40320
720
2240
240
1440
720
6
40320
144
48
5040
40320
40320
5040
362880
720
362880
120
48
24
720
40
362880
144
5040
1440
40320
720
362880
40320
240
24
240
362880
144
362880
5040
5040
1440
362880
1440
5040
362880
120
360
48
360
1260
48
40320
362880
12
48
72576
48
360
720
48
720
120
5040
720
12
5040
48
362880
240
72
5040
362880
1440
40320
48
30
144
40320
1440
720
240
362880
5040
72576
720
720
40320
720
120
5040
5040
12
1440
144
12
240
