28 542
28 830
194 157
194 155
194 405
194 405
78 830
78 697
194 427
388 405
28 292
194 33
388 405
78 697
194 405
0 405
78 406
28 331
78 195
2 598
78 830
78 292
194 5
388 405
194 483
2 784
78 503
194 136
2 127
78 830
388 405
194 405
388 405
28 137
388 405
28 503
78 195
78 697
2 825
194 161
194 24
28 292
78 697
28 292
78 830
194 541
194 405
194 405
194 114
194 405
78 292
194 443
194 452
28 137
388 405
28 503
78 292
28 331
28 137
194 568
388 405
194 405
194 21
388 405
28 234
388 405
78 600
388 405
4 905
388 405
78 98
4 787
0 56
78 292
194 114
28 600
388 405
194 19
28 830
28 40
388 405
28 542
78 697
194 155
78 830
78 830
28 40
78 503
194 449
78 830
78 830
78 406
194 499
78 292
78 697
4 367
194 405
194 432
194 185
2 859
78 98
28 40
4 367
28 830
78 406
194 3
4 905
194 440
0 97
28 137
194 135
4 675
78 600
194 32
194 123
0 929
194 15
78 406
388 405
194 73
388 405
0 144
0 605
78 195
194 67
388 405
194 513
388 405
28 639
4 905
194 413
78 697
194 512
194 443
388 405
194 405
194 454
78 406
194 405
388 405
194 193
78 292
194 497
2 956
194 405
28 697
4 772
28 927
194 125
78 292
388 405
28 40
28 445
194 51
388 405
194 576
388 405
388 405
194 16
194 67
194 463
28 445
28 830
388 405
28 542
388 405
388 405
194 190
388 405
194 483
388 405
78 830
78 292
194 468
194 138
78 697
28 600
2 96
28 331
28 736
194 11
194 500
194 14
194 126
388 405
388 405
194 405
194 79
194 167
194 192
28 830
78 406
4 367
194 193
78 292
28 697
194 186
388 405
194 405
78 292
