146 114530
146 114530
154 37493
104 151089
120 50785
96 209871
130 231100
80 79020
120 50785
154 37493
146 114530
154 37493
96 135507
154 37493
146 114530
92 283622
146 114530
146 114530
146 114530
124 191173
96 165164
146 114530
146 114530
106 90861
110 157800
154 37493
146 114530
74 244840
154 37493
154 37493
154 37493
124 191173
146 114530
98 129573
146 114530
154 37493
106 90861
96 286010
124 191173
106 90861
110 157800
130 231100
96 286010
146 114530
146 114530
154 37493
106 14868
154 37493
146 114530
146 114530
106 90861
98 161014
146 114530
98 161014
130 231100
130 231100
100 69304
110 157800
110 157800
146 114530
130 231100
130 231100
154 37493
154 37493
146 114530
154 37493
130 231100
146 114530
146 114530
130 231100
104 151089
124 219198
106 297961
146 114530
154 37493
124 191173
130 231100
154 37493
146 114530
146 114530
154 37493
154 37493
120 50785
146 114530
154 37493
146 114530
104 197371
146 114530
130 231100
146 114530
146 114530
124 191173
154 37493
106 14868
124 219198
146 114530
130 231100
118 118309
130 231100
130 231100
146 114530
130 231100
124 191173
90 270803
110 253115
146 114530
154 37493
146 114530
124 191173
154 37493
154 37493
146 114530
130 231100
146 114530
110 253115
120 50785
146 114530
130 231100
146 114530
154 37493
154 37493
154 37493
130 231100
154 37493
154 37493
154 37493
96 296293
130 231100
110 157800
146 114530
130 231100
146 114530
154 37493
146 114530
154 37493
146 114530
146 114530
146 114530
154 37493
146 114530
130 231100
146 114530
130 231100
90 64452
130 231100
154 37493
106 90861
130 231100
124 191173
130 231100
68 80341
146 114530
146 114530
110 157800
146 114530
146 114530
154 37493
146 114530
146 114530
146 114530
110 157800
154 37493
130 231100
154 37493
146 114530
154 37493
154 37493
130 231100
146 114530
146 114530
146 114530
106 14868
146 114530
130 231100
110 157800
146 114530
146 114530
52 173653
146 114530
146 114530
130 231100
130 231100
118 118309
96 286010
96 286010
130 231100
130 231100
104 43109
154 37493
154 37493
146 114530
146 114530
110 157800
146 114530
146 114530
124 191173
146 114530
154 37493
96 103204
146 114530
