1523
1797
1389
1977
752
1884
225
1990
865
891
1615
454
2030
832
198
1352
1628
1834
451
30
1568
1465
1905
2097
2089
535
1164
382
733
659
1933
82
173
1421
1492
1656
121
2246
716
1102
1247
373
1429
650
627
239
207
178
671
537
1844
621
1376
300
678
498
2013
462
983
110
452
488
108
301
1104
1540
1832
1048
883
1555
1839
1289
2132
1538
1241
514
1347
156
1604
23
1656
543
764
1742
445
96
160
1030
2115
1983
414
176
1683
2123
1313
1863
998
372
1753
1791
58
38
94
970
1446
365
1862
1904
1000
728
82
504
1869
2233
219
1020
1007
234
366
1890
1235
2150
224
82
1423
2071
889
1802
2197
18
1902
1687
769
2216
533
2000
1639
626
579
1090
1207
558
1823
240
1772
1479
1060
1505
808
814
728
276
1567
2291
1885
2139
822
198
491
1221
325
1410
570
8
1631
1526
322
1160
2263
721
909
2150
995
39
1927
1705
1941
276
1512
1023
1337
1444
71
1284
1602
707
2112
2326
2256
2070
787
2135
72
56
1855
1623
1643
2249
1632
1086
87
1154
1916
826
1697
2125
819
1374
586
2121
2234
223
422
643
577
1169
2247
681
977
1254
254
904
550
804
8
1298
1497
1756
985
1474
111
711
758
2208
1802
1266
1266
799
1802
1556
2152
2375
1513
68
2118
538
140
879
1010
453
740
1911
1484
1132
1050
908
953
818
909
1959
1761
285
76
1816
296
789
1416
399
1048
1608
1261
913
2294
650
646
288
1490
267
1125
1041
910
1343
648
475
665
1930
1412
544
507
1688
799
212
1801
1916
1961
798
1719
2137
1956
402
1694
1204
1895
1159
81
1599
2149
5
1164
2134
920
2119
1096
1239
856
1889
1962
1872
1969
1308
1320
2094
405
1537
391
1677
1608
237
1732
1280
676
915
612
1807
2360
1869
2231
2214
896
1625
1278
844
1231
531
2200
2019
134
1593
1431
111
1865
1105
1601
1527
997
834
515
1996
922
2176
1677
1404
2010
439
463
474
883
2468
715
1085
880
1532
308
1689
1353
1440
1916
1319
1626
1537
2137
428
1682
74
2001
1160
1078
1050
1780
2287
1033
1136
1725
1393
1541
2453
585
1521
907
1690
1783
2209
474
1828
1222
1896
2207
2026
633
1497
2147
449
326
389
1325
1234
744
1050
981
391
1479
2270
2095
450
1169
1690
1462
70
182
1487
1356
1868
767
1042
1490
2435
1382
1708
1614
2418
894
1264
912
513
2061
1047
1724
768
881
1290
1439
84
973
803
422
1988
689
1928
1713
1761
1223
1881
910
1938
1537
235
21
496
1259
2204
45
2065
2158
803
1906
628
1614
1958
2052
203
1599
1268
1554
1214
147
1299
705
1322
189
1356
2029
98
1474
526
797
566
2079
2248
1271
2298
1234
465
1675
1841
1365
626
1115
909
1514
427
1259
891
2104
1582
2279
558
1229
1159
1692
454
776
336
919
33
1678
902
1315
763
665
1776
848
63
105
1255
84
1943
958
1596
2231
1557
484
567
1592
1183
528
708
540
61
765
494
281
1405
1015
1144
1121
751
595
1864
1433
1806
1613
1883
1638
416
603
792
1390
1195
999
833
1340
2297
282
137
1446
980
1332
2098
1297
2182
2092
489
1786
2095
1309
1185
2365
986
1364
208
1671
844
379
2264
1324
1810
1052
152
1795
2096
1332
1488
1089
1104
1149
229
1648
719
2013
1119
1229
2187
2480
445
73
475
871
1938
1814
2203
90
1769
2337
2361
1050
1430
1986
1325
277
463
1503
1345
428
1048
1137
612
50
1105
1218
2074
305
1182
1378
493
955
1879
1549
592
1282
1568
2166
1019
1800
41
531
1509
1399
1960
1770
1799
281
57
1716
1529
1133
772
1200
494
142
347
895
414
965
724
1547
1325
174
608
1840
85
1252
2321
1738
1836
2096
246
320
1552
2433
2092
468
482
274
946
1518
207
1541
133
81
750
697
1714
889
513
271
2115
823
895
1425
457
1076
2219
979
2436
1944
2267
498
1623
1938
550
2033
1164
823
1887
863
1302
1349
1488
1333
1345
776
930
2159
1875
2164
1316
373
351
64
2196
1944
1751
2279
1009
983
1855
1855
1882
115
329
743
467
1645
1326
878
1159
2203
2361
488
1043
393
2022
1364
1334
316
2146
2327
2120
2008
1433
1861
964
324
987
1719
867
943
1398
735
2246
2188
379
1967
33
586
1783
1154
1952
2288
716
1768
1594
962
1137
364
204
1919
165
754
457
2108
1508
1469
1205
474
902
1420
606
1379
956
344
614
941
238
2066
467
164
2203
430
1245
2269
169
2148
1374
1031
2215
432
2464
1516
208
1671
634
1057
2024
1270
1788
843
2380
577
789
1269
2387
35
2228
37
2415
1741
990
444
697
319
1082
1434
1616
621
974
1100
595
472
1893
1463
173
6
279
2333
1028
1333
1460
1340
2581
1821
1878
1896
1843
83
240
1712
293
1876
1981
1386
1526
1460
1913
1261
1850
1024
2447
1251
137
94
1572
41
740
553
414
2586
93
1270
2216
1817
2265
1214
1447
257
1060
1462
2457
2473
748
174
1613
1610
376
1087
1521
1827
1172
1928
1596
756
2487
1515
704
1437
1697
2004
2419
689
686
1052
1950
2601
1129
1701
1676
789
1087
401
802
1905
1935
1287
321
601
2012
699
1012
803
751
1997
2245
2573
180
1961
162
1177
1906
872
1033
2433
2213
1271
723
2160
660
466
2147
656
109
830
557
1894
698
2118
2350
1580
396
2459
1621
112
2457
1106
981
411
358
656
1316
1104
523
1918
2187
735
2138
479
625
801
2068
1108
381
1699
686
2460
553
910
1505
2438
214
1869
743
1296
1659
143
1089
533
1508
53
2321
1285
797
1721
2016
1912
418
440
2448
1319
99
2397
384
2162
2555
107
2235
2297
1600
2000
2414
2196
1785
2212
1450
1889
1738
2073
568
1900
2139
1037
1683
1198
2174
1817
573
1217
550
155
1221
2552
1955
526
939
1972
1541
80
2234
1020
1030
319
1777
1583
1355
730
166
164
53
1455
964
2412
2134
2253
998
644
329
2292
43
553
327
280
2252
1749
1355
143
714
2317
1385
2174
880
2145
141
910
1101
185
54
1896
627
1356
300
996
1601
1348
409
1801
987
40
2231
2030
2028
790
825
871
468
410
1432
1055
1214
552
2637
2090
65
1536
1064
1763
2564
1615
845
1157
1877
1079
1909
1054
2333
1653
650
1456
2164
1525
806
857
2490
376
884
1773
1367
1228
2173
567
1891
232
2118
1319
1315
2198
1182
76
823
709
1468
1350
1365
311
2096
1360
313
1851
2280
2382
856
1468
1482
1114
1570
943
1991
629
2410
327
2091
1838
2133
2001
1717
1218
27
81
1972
1621
1920
1305
1971
775
587
2046
1760
1458
152
2162
277
146
2461
655
2503
2290
204
242
542
1957
461
1721
1361
438
128
1458
2096
2082
1665
943
715
933
467
2123
1935
1124
1069
1683
1100
2232
683
2303
1454
2174
2030
2430
2559
2035
109
657
1413
2386
861
2178
1117
175
1823
1208
1857
1781
1400
1661
1907
576
795
2554
2292
580
2363
1426
1133
18
1085
507
818
1636
1891
439
1820
2468
2131
2343
984
1666
2110
1700
2498
868
2049
2085
888
656
1972
1461
2011
1046
1322
1153
349
1331
971
1741
1503
1578
505
2280
2627
1160
2104
853
123
1275
1147
189
544
577
1071
2598
2376
1790
1339
2106
528
2041
1950
142
2536
1051
2174
1427
2099
798
2278
228
612
946
835
580
1682
1163
961
889
1839
1697
2013
385
702
1357
138
1473
1099
1050
1777
1487
183
2549
1531
54
2369
2560
187
2006
1525
1146
767
2450
988
1575
1266
1614
247
2053
580
888
1491
2613
900
515
464
636
325
543
2543
2667
2190
417
1960
1802
1156
843
338
70
1129
244
2564
1189
1390
770
209
1190
1497
1014
2349
1083
317
20
560
1147
1389
1883
1862
769
2221
2499
81
128
1219
259
1781
1542
1034
381
1871
2130
2231
1899
177
1469
163
453
1896
2563
2232
1149
579
1074
776
1261
1692
620
1097
1822
1259
1495
1645
1704
1150
174
1272
887
1844
1493
1542
2370
60
1597
1558
2683
2111
485
1314
1734
1308
1709
583
1584
1249
397
788
1465
783
111
137
799
930
735
1339
559
554
2320
1930
41
1006
1146
596
965
1095
1255
1938
1437
1173
2252
344
2103
1516
59
182
565
1185
1009
805
2726
1355
2038
1107
1059
737
2406
1172
181
1826
1411
1602
606
775
285
495
2295
2142
772
278
529
1588
1512
632
43
1248
1660
1814
2052
99
352
1855
1143
1363
517
1543
277
2002
2165
1066
234
1355
1729
1352
540
1159
1757
378
514
1158
591
1551
1317
1006
2209
2307
2146
1614
1269
954
834
225
1702
2006
290
1694
764
2155
1747
2229
1372
228
872
2383
450
1491
1749
2413
1870
492
2170
604
1562
1609
1922
2381
1677
270
1937
1464
950
631
762
1413
957
1813
1437
71
1304
67
1113
1753
1826
109
1976
30
1035
611
1160
2166
2717
807
1833
1495
1582
281
2397
1333
698
500
107
1035
604
1051
1663
1212
1773
1290
506
316
1966
1176
993
704
1140
172
2316
2179
817
544
1703
2111
1130
1378
867
2354
933
649
2280
1795
2224
1898
1550
1734
703
1644
1587
2076
1526
1148
394
24
1698
208
1192
1729
1394
2111
466
937
2144
288
1214
1238
282
1259
466
458
1958
1222
2271
1894
509
608
1612
42
943
1416
102
359
1296
500
92
1660
692
1826
881
1411
553
1471
1309
476
1669
2379
181
485
2044
1188
2418
845
1607
466
1822
2377
950
1737
359
1342
1977
2680
2608
1839
1267
223
1130
2288
2176
1488
869
723
969
1673
93
1030
2
1188
1945
606
2464
1450
1880
1977
640
413
751
461
754
1934
1921
641
2235
1647
1257
952
587
691
386
1292
916
2470
2225
705
1401
381
237
71
1829
1786
557
1126
538
2002
2182
293
802
1678
2096
611
1694
2133
27
14
403
131
1779
60
2414
2022
1461
1605
2274
178
66
2521
875
2382
1855
912
838
608
663
1592
1686
1694
896
907
456
2714
1666
755
1558
2080
411
1709
1491
1107
300
851
595
1115
149
954
1023
738
1475
1492
2399
1517
47
2245
306
2707
146
1378
1439
821
559
2383
525
1737
154
2025
1699
1599
336
1248
857
2480
1959
1319
2324
1224
2497
2202
1243
559
169
2711
2319
291
1669
2086
2044
140
1994
1039
928
2059
48
2323
2418
1392
690
553
1468
1387
1646
756
1061
1663
288
1844
1496
2447
2169
1629
1007
2129
553
1775
288
40
874
874
1100
2477
1497
2349
1579
1405
1584
866
370
2231
449
2227
575
2342
487
360
2371
1822
457
1672
2264
1288
2311
2581
1241
306
2604
2238
1605
1609
1584
2055
879
1247
227
2428
1945
2107
692
596
2512
2316
524
1708
1452
2259
820
34
1164
612
372
2013
1728
1894
311
558
316
1629
2447
202
1606
197
670
2256
1428
2018
1626
287
1871
2583
82
110
187
2220
889
2121
1822
1317
1683
1685
990
1441
984
362
756
216
1201
1657
71
1171
378
855
2546
1159
223
1796
309
1865
906
875
1038
978
198
252
1860
1052
1878
1206
186
1305
1307
1553
1663
1746
1637
877
796
1535
2200
1757
1828
2375
2149
2616
2162
745
1807
1971
36
1517
1458
753
1392
936
1125
414
1398
1059
863
1616
1067
2624
2263
1559
1935
397
1388
1750
2649
47
1814
2296
84
388
512
1745
90
172
1857
1379
1324
943
282
177
1762
1139
1602
464
13
1792
1418
417
1990
2900
1760
192
2797
2641
2727
2288
1142
1100
1267
2028
1751
2051
1850
1786
247
527
944
434
1067
1818
1360
2140
701
1989
2088
435
2683
1818
1931
1753
579
840
835
2501
2067
1843
2118
1951
2078
1111
1167
136
732
625
100
1926
507
2407
816
507
1474
1870
2670
2680
71
932
2359
1002
1278
1717
514
1090
1672
667
1410
1269
2042
1529
1992
321
1198
2071
399
430
506
1816
512
2623
2414
1369
1381
373
1521
2681
2225
2333
718
1385
765
1989
380
367
2351
1461
902
1069
2356
1533
319
430
640
1688
1771
2379
1107
582
1773
2184
944
2140
2022
485
2267
336
1671
1694
1881
1001
1306
658
695
1685
1893
1258
936
1632
495
2579
425
1869
2563
1085
2677
307
1774
549
654
1392
2393
2155
2136
797
37
1437
220
1857
46
2022
925
1704
2199
1781
684
1395
2186
2585
225
2054
1349
673
2099
110
1621
1861
1649
316
1703
1157
2434
1970
976
1128
1843
208
146
95
2706
957
855
1393
1498
312
1635
502
99
125
860
518
1023
1039
2702
2299
512
2387
55
1121
807
1536
2173
1395
132
666
1806
591
1398
2370
2526
728
1179
1661
1903
2199
706
801
520
1456
1518
1038
1767
2522
2284
1578
2555
314
1965
296
294
22
2013
290
435
382
2118
287
2403
188
2127
540
374
1745
2430
2293
2384
552
1965
1187
463
1916
328
1115
1392
2213
994
965
2814
405
907
1930
1656
1515
2354
1913
614
1055
2624
2643
668
2445
929
1602
43
1967
1292
437
276
2421
1978
756
1558
2333
2911
1936
233
99
420
2344
2393
574
1902
2538
2431
1166
949
2132
2704
589
934
2662
111
1466
1013
1808
1714
667
2674
2131
1574
529
1264
2568
170
2241
1688
1157
2390
1493
1716
395
2577
1605
922
2688
610
1852
556
1479
67
1901
1400
440
2096
2779
562
173
615
1928
671
1347
2638
1568
212
250
217
2445
1872
577
996
1832
1942
2381
792
133
2391
1698
1669
2300
749
1346
807
206
1105
593
2630
2686
278
2221
183
1977
932
389
1809
631
1284
2341
108
995
1751
2248
989
1120
2735
1736
299
1329
1868
1103
148
2343
830
2048
2579
893
2761
682
821
235
2380
878
213
621
2296
2009
586
1174
996
565
904
2659
1569
696
2341
1720
2433
2357
932
2111
123
2392
1480
1231
1786
661
1051
995
1334
2381
183
876
225
2569
2626
1398
1513
647
1556
1540
2643
981
1415
1027
1794
2782
2621
180
1658
2235
199
2050
2664
2398
1885
848
2479
617
2168
475
404
2738
1938
43
2330
784
337
2497
2158
866
575
162
1658
69
1850
1410
2069
2421
1358
1168
2659
2633
2542
2772
1884
818
1461
690
1823
2263
1002
1013
1126
29
2181
1811
2338
166
1992
40
2185
2655
985
841
2240
2021
1973
1074
90
151
349
129
1696
2608
1560
110
2207
886
1007
2498
2472
769
913
1226
454
1587
1147
595
2363
1378
603
1996
128
2107
676
1344
2350
2074
1065
2211
1457
524
277
2471
877
729
968
677
1091
287
2827
2814
2106
1065
1999
2534
1328
2737
2105
798
1259
1643
1354
315
2154
922
1239
508
1363
1120
1425
763
2409
490
479
2338
2306
596
1275
2325
84
1629
2481
1529
1989
19
2081
2597
2658
2160
1762
1107
2013
1986
406
994
767
2388
2491
1511
2314
950
1955
1690
1721
1379
2612
505
571
1819
2014
2048
2401
2290
1399
1173
829
1580
1280
2690
854
329
2543
826
992
1643
2435
1239
1639
206
2572
1608
707
2227
2459
631
1177
909
317
1575
1268
1438
125
931
2541
842
283
216
566
2432
1056
653
1051
2228
891
2665
774
1127
492
886
837
563
2266
1103
1800
1112
1423
386
1138
638
2116
555
2376
2230
1319
482
471
910
2309
396
2605
431
1054
113
1423
2548
990
490
2632
35
1141
1773
2470
1471
1918
1130
1739
540
1663
2327
583
2082
479
1183
214
811
2163
1518
1115
2081
787
1518
811
583
878
1467
1413
659
952
1010
82
2544
1915
1854
351
623
1800
342
971
35
2449
2372
2683
1994
188
809
136
2123
612
1921
2500
1107
717
1467
2434
794
922
2866
1746
703
2154
698
1130
1374
1698
1712
619
2933
551
2487
126
864
681
2845
3015
1207
2517
1871
758
25
1664
495
10
2512
111
1629
2535
733
195
2603
664
1747
883
2753
1046
164
994
1337
2463
1583
2573
2606
1969
549
393
1183
202
2591
531
948
816
1067
1893
1296
1495
2442
200
2548
2289
1836
113
56
30
2887
1947
1675
1349
785
2412
1619
1575
2189
1730
1457
2225
1443
665
94
1740
2119
1874
749
2143
284
1023
2281
888
2075
22
703
1775
1064
775
1065
42
1655
1722
1046
533
667
1469
761
1271
1974
1411
1202
269
1344
713
489
1313
2330
796
2391
1840
1947
1743
1539
2368
260
2599
485
770
2222
2849
1593
1416
1883
1510
1846
1041
464
1803
865
487
953
2851
291
2632
1059
381
87
162
2153
2528
2099
1799
1023
903
2029
883
2165
770
1820
2020
178
1561
1307
1638
1727
2936
2372
2238
1968
2019
784
1050
1023
1748
89
2341
329
2792
848
496
2406
859
1152
1353
1806
1299
230
2387
1043
553
864
2323
1496
2590
695
584
2766
2029
358
1620
1173
1509
2234
2263
155
933
916
34
1303
2104
1458
1550
102
1725
2363
725
1199
2053
632
1744
1195
2423
250
2074
651
1407
836
2262
793
1744
316
362
2794
669
1845
112
1299
311
3122
