66
230
306
301
89
99
319
345
129
83
155
275
154
164
71
245
259
273
47
74
214
219
334
251
220
245
176
117
329
163
122
319
332
308
209
238
371
77
217
56
313
180
294
97
194
366
226
355
189
169
225
121
59
194
92
113
243
336
45
235
184
279
126
86
196
212
192
349
175
70
176
274
236
80
223
262
178
49
274
158
52
239
281
187
25
282
71
11
189
346
107
118
80
325
293
51
220
71
206
236
98
135
53
57
38
99
154
318
104
120
276
178
305
58
352
102
305
274
291
207
205
73
252
4
151
112
246
305
367
198
90
13
188
320
126
192
300
264
186
392
262
171
351
186
80
158
158
180
237
74
350
132
310
169
254
112
84
262
116
173
227
70
212
138
287
198
129
199
52
148
239
83
171
139
180
261
165
42
400
22
48
158
225
284
330
155
61
302
8
4
199
170
271
363
147
386
346
39
215
46
215
212
39
335
143
377
126
298
31
42
166
159
13
238
62
72
43
345
300
311
387
297
76
299
335
147
97
79
100
88
179
26
348
285
48
47
342
168
64
217
376
416
102
324
16
364
375
316
58
165
385
49
146
15
85
223
167
213
157
323
74
31
192
225
169
421
50
18
176
422
26
301
265
184
277
244
113
149
167
67
389
23
222
299
87
91
72
57
364
17
300
313
357
359
289
114
331
323
368
267
155
330
81
361
142
118
409
79
228
41
188
191
188
130
106
297
391
231
304
136
379
322
112
228
43
119
106
154
211
330
12
123
250
130
76
175
364
112
313
202
231
98
274
140
276
20
102
179
51
145
290
301
166
183
358
63
331
192
119
83
9
123
12
23
53
33
296
9
360
396
365
324
179
158
205
153
198
87
166
138
223
389
160
424
304
145
181
191
310
230
312
288
145
131
452
36
68
310
174
125
152
361
372
136
68
268
42
218
264
60
417
245
266
196
320
220
441
121
324
213
348
98
363
378
146
370
292
130
85
199
156
203
97
305
108
214
265
46
50
55
195
377
371
209
245
194
87
402
133
329
444
175
303
256
47
414
319
342
87
113
357
185
351
172
181
241
313
399
127
15
232
86
342
5
278
20
10
110
128
453
304
348
40
120
286
281
11
210
322
177
99
193
116
330
411
147
102
241
386
57
241
89
155
200
351
257
317
393
337
48
81
110
52
67
185
299
32
102
103
347
10
186
360
291
61
259
414
399
189
141
153
320
295
93
367
121
331
207
423
65
129
80
393
122
237
186
68
186
72
168
174
104
177
138
199
251
186
153
212
316
111
46
63
152
152
148
170
104
298
27
4
218
386
21
425
292
360
69
120
306
284
220
123
34
321
227
105
367
114
403
81
36
125
146
166
419
202
176
230
200
419
322
356
40
225
182
13
334
2
366
214
241
129
213
14
382
143
94
105
221
227
48
39
406
426
456
63
207
183
157
251
75
383
118
442
84
28
8
25
91
381
309
70
295
191
5
351
183
7
58
283
264
145
375
2
73
455
165
273
215
115
73
75
58
81
391
246
186
262
378
437
206
229
59
134
380
53
381
263
64
406
270
111
31
287
397
269
104
295
158
171
361
305
214
206
12
33
343
242
75
10
379
242
261
160
226
432
144
344
519
