982 1423
315 291 126 136 400 483 431 33 150 29 179 419 186 157 425 155 289 225 178 390 217 70 221 205 381 302 329 39 210 177 274 82 452 490 124 213 33 101 76 94 56 136 271 138 60 174 432 110 75 407 316 169 46 237 286 415 245 158 297 487 388 356 184 98 40 22 328 280 129 159 138 99 84 484 178 299 118 487 33 384 283 36 313 250 372 435 341 234 240 28 66 342 406 373 209 151 422 7 378 348 360 314 138 185 483 354 217 283 151 410 398 320 34 247 388 402 443 285 272 335 186 186 53 427 212 112 300 121 445 204 373 211 70 230 207 404 434 234 178 268 120 366 470 385 73 27 380 145 136 45 189 31 119 432 105 382 142 212 101 416 291 243 442 301 40 124 218 389 119 386 274 490 490 315 175 438 295 148 488 106 209 353 64 265 224 106 112 47 192 437 119 195 79 475 143 366 312 164 327 286 98 233 291 475 460 183 409 461 364 382 455 103 354 334 255 437 384 314 225 428 332 161 187 263 66 313 107 488 82 239 369 274 344 371 54 391 217 483 417 400 397 117 415 229 65 304 87 96 134 243 472 306 291 374 108 379 203 55 456 215 270 450 162 448 417 357 22 212 248 452 178 251 108 410 109 296 361 35 154 23 306 23 18 239 475 482 478 342 377 28 473 252 217 453 112 67 438 38 65 447 4 71 268 152 420 470 11 137 376 394 68 175 263 396 164 169 175 334 415 37 166 203 412 470 82 86 334 38 274 440 72 300 16 59 355 17 266 175 30 387 351 289 474 62 365 376 112 13 132 273 34 412 141 378 190 352 106 13 49 215 456 139 240 293 182 152 144 250 240 200 91 45 214 325 332 242 158 490 27 140 317 343 46 55 247 250 420 451 224 233 307 408 476 325 51 342 219 445 344 393 214 28 113 81 320 327 298 61 360 311 371 376 286 146 266 34 124 403 127 188 69 21 35 468 303 333 270 363 481 235 445 309 57 168 23 53 469 109 22 47 24 394 33 472 57 213 415 136 490 154 463 75 135 128 294 376 435 325 372 365 479 52 55 2 247 160 359 404 187 280 319 23 344 44 177 161 461 417 468 144 331 163 404 20 263 18 426 377 80 396 276 39 181 288 62 324 356 449 56 88 22 426 387 245 50 180 126 481 176 147 340 468 82 335 58 323 144 282 322 396 240 175 66 112 235 98 123 59 251 11 68 91 73 183 242 121 210 318 177 74 398 330 152 187 32 421 154 86 229 264 364 230 70 383 341 238 190 378 459 360 158 362 183 15 120 8 480 26 70 270 440 89 286 211 292 10 239 73 345 441 307 251 325 131 42 343 359 483 313 111 5 169 177 84 274 379 3 26 37 21 277 142 477 2 380 204 259 44 302 489 84 404 170 207 280 104 173 210 61 252 60 333 475 169 215 270 133 25 439 110 116 219 91 208 288 342 370 244 345 3 38 283 422 372 367 247 58 374 312 375 384 302 19 95 414 108 371 83 181 220 283 148 357 128 261 35 264 360 488 446 293 309 357 381 272 10 203 276 367 371 300 69 61 23 77 69 463 138 488 488 84 324 295 441 347 65 50 203 342 376 22 218 316 354 21 321 270 489 241 473 61 355 243 363 338 280 490 193 165 94 228 261 142 224 446 116 13 125 477 93 422 31 172 315 249 317 386 138 426 115 19 236 374 404 56 407 308 172 36 209 417 165 234 15 29 64 398 394 332 186 187 215 43 153 52 480 177 226 462 44 440 175 107 470 207 12 38 280 294 458 171 451 377 44 438 222 210 346 115 217 476 385 400 478 312 91 89 467 389 91 248 58 50 99 204 383 24 118 166 222 206 245 382 54 294 389 180 159 304 15 156 341 302 41 71 301 305 265 403 325 101 425 188 99 12 299 297 490 93 303 49 76 450 317 435 358 442 468 337 482 90 83 202 384 255 181 22 124 121 397 152 56 40 135 244 183 185 57 108 261 406 0 48 121 138 452 451 52 254 376 42 376 218 49 216 239 388 447 408 357 251 359 440 434 365 397 339 123 476 244 75 14 222 428 363 308 204 353 465 314 90 251 166 406 86 367 134 411 292 331 395 297 423 452 361 329 258 156 325 282 104 199 317 456 164 76 19 317 167 256 48 452 105 39 319 417 5 209 67 203 301 40 139 321 286 81 225 406 89 112 344 438 4 213 396 65 24 119 318 352 434 438 426 172 386 476 466 33 312 391 361 393
1 592 970
2 148 757
2 301 464
1 192 224
1 455 611
1 348 966
1 671 721
1 381 713
1 167 556
1 335 445
1 202 740
2 502 69
1 732 979
1 672 813
1 412 613
2 473 346
1 396 564
1 619 944
2 736 698
2 405 448
1 784 876
1 304 472
1 67 692
2 839 798
2 315 977
2 598 417
2 746 704
1 522 862
1 284 694
1 104 596
1 769 824
2 734 310
1 357 744
2 220 766
1 725 861
2 797 11
1 186 665
1 151 809
1 267 536
1 51 357
1 57 906
1 279 560
2 949 74
1 149 580
1 382 470
2 95 302
2 639 697
2 919 952
2 773 233
1 109 302
2 483 958
2 82 137
2 6 700
2 129 332
2 3 10
2 172 44
2 982 250
1 430 877
1 894 946
1 82 304
1 33 379
1 142 744
1 75 87
1 127 364
1 313 935
2 491 737
1 243 583
2 596 651
2 199 233
1 151 921
1 432 921
2 252 244
1 33 405
2 797 832
1 781 939
1 283 968
1 451 452
2 482 145
2 930 299
1 161 865
2 566 219
2 720 81
1 600 913
2 860 709
1 603 859
2 771 902
1 97 800
1 544 893
1 769 944
1 117 261
2 522 361
1 38 690
2 533 920
1 469 859
1 234 822
2 643 290
1 59 290
1 104 553
2 295 652
1 700 785
2 689 265
1 199 367
2 760 327
1 119 159
1 522 890
2 601 345
2 847 515
1 404 934
2 579 585
1 975 979
2 298 98
1 74 449
2 739 967
1 550 746
1 187 847
2 85 244
2 391 775
2 669 574
2 967 301
1 234 255
2 189 264
1 217 635
1 369 578
2 107 631
2 228 481
1 335 866
2 857 75
1 140 767
1 325 607
1 313 419
1 268 326
2 214 692
2 260 81
2 231 814
1 115 975
1 852 903
2 74 421
2 889 128
2 622 342
2 798 682
2 74 838
1 277 327
2 304 104
2 938 914
2 529 192
2 62 872
2 181 652
1 209 596
2 365 488
2 78 379
2 83 936
2 503 956
2 575 864
1 66 235
1 56 601
2 683 55
2 136 566
2 894 969
1 16 425
2 641 27
1 468 739
2 646 347
2 461 676
1 145 848
2 219 294
1 482 651
2 632 931
2 117 907
2 592 663
1 595 935
2 451 605
2 480 505
2 938 226
1 469 827
2 489 395
2 709 757
2 876 685
1 325 437
1 418 867
2 940 828
2 53 514
2 898 776
2 329 520
1 547 770
2 594 900
2 224 388
2 965 731
1 332 717
1 82 181
1 179 802
1 481 783
2 900 583
1 369 901
1 85 151
1 622 967
1 296 448
1 209 660
1 312 554
2 965 30
2 406 737
1 232 593
2 1 339
1 195 627
1 689 770
2 385 815
1 219 857
2 462 426
1 424 537
1 627 741
2 111 717
1 91 509
1 393 521
2 694 56
2 973 351
2 540 578
1 792 930
1 520 887
1 149 404
2 187 550
1 23 875
1 387 754
1 222 561
1 710 920
2 935 248
2 208 460
2 760 946
2 688 776
1 674 760
1 248 533
1 4 787
2 979 487
2 21 238
2 357 957
2 30 118
2 205 53
2 86 130
2 484 911
1 321 744
1 275 773
1 764 977
1 427 482
2 263 808
1 506 524
1 323 429
2 484 980
1 356 618
1 105 514
1 72 856
2 774 313
2 646 252
1 223 630
1 678 820
1 29 864
1 447 877
2 150 607
1 520 731
2 898 444
2 785 665
1 253 343
1 53 152
2 486 860
2 206 361
2 645 555
2 336 169
2 597 897
2 604 588
2 395 670
1 311 912
1 115 369
1 873 944
2 856 155
1 267 454
1 24 271
1 752 917
2 621 74
2 966 276
2 726 487
1 35 149
1 243 811
2 21 904
2 32 409
2 656 605
1 229 331
2 535 162
1 395 448
2 103 337
1 238 366
2 152 789
1 121 518
1 373 819
2 71 290
1 381 488
2 798 36
1 7 306
1 162 411
2 278 786
2 808 818
2 323 126
1 19 936
2 668 528
2 245 63
1 127 588
1 174 838
2 314 6
1 563 698
1 189 282
1 267 417
2 815 591
2 719 499
2 361 561
2 962 263
1 438 780
1 766 954
1 754 929
2 468 645
2 551 16
1 391 582
2 632 332
2 874 432
2 180 250
1 388 706
1 416 684
2 772 738
1 314 800
1 327 812
2 82 335
1 463 713
1 163 863
1 65 965
2 591 377
1 837 922
2 546 714
2 99 797
1 240 563
2 382 673
2 335 122
2 772 672
2 309 860
1 510 888
1 24 460
2 414 92
1 255 314
2 221 324
2 273 581
2 44 85
1 317 958
1 567 628
1 53 193
2 821 249
2 431 585
1 235 484
1 130 262
1 300 865
2 141 427
2 952 914
1 288 895
2 961 615
2 958 825
1 412 802
1 383 909
2 403 631
2 913 345
2 147 708
2 665 188
2 110 203
2 267 904
2 221 698
2 732 973
2 729 110
1 242 629
1 775 894
1 335 603
2 741 765
1 102 343
2 527 136
2 536 744
2 318 130
1 235 783
2 389 447
2 56 312
2 590 719
2 354 813
2 721 108
1 191 877
2 972 850
2 479 479
2 519 701
1 343 674
2 239 803
1 116 580
2 525 888
1 396 712
1 893 977
2 802 748
2 309 923
1 130 745
1 112 847
1 489 498
2 404 125
1 727 757
2 940 923
2 495 312
2 20 210
2 14 104
2 437 479
1 477 842
2 170 223
1 305 683
1 415 498
2 473 186
2 156 666
2 670 359
2 373 937
2 583 240
1 144 575
1 113 195
2 329 793
2 974 60
2 917 666
2 819 302
1 136 395
1 224 803
2 305 667
1 522 854
2 189 43
2 432 759
1 18 672
1 225 481
2 29 602
2 135 308
1 760 883
2 571 629
1 699 739
2 827 395
1 533 852
1 191 960
1 69 646
2 110 341
1 510 790
2 109 745
1 884 976
1 138 837
2 675 429
2 754 45
2 347 765
2 888 37
2 162 353
1 253 373
2 139 715
1 109 892
1 472 626
1 705 975
2 387 267
1 460 513
1 221 336
1 29 535
1 339 708
1 137 639
2 7 249
1 454 964
1 213 611
1 460 861
2 923 647
1 811 927
2 916 685
2 265 223
2 118 180
1 160 235
1 488 574
1 33 506
1 180 662
2 383 229
2 140 6
2 364 644
2 234 770
1 406 537
2 30 651
1 10 362
1 263 700
2 907 576
2 60 443
1 68 966
1 705 793
1 142 190
2 84 671
1 253 491
1 768 925
2 383 275
2 964 826
2 588 369
1 659 915
1 203 671
2 259 765
1 217 610
1 488 495
2 532 930
2 971 884
2 602 329
2 149 817
2 631 638
2 280 577
1 237 971
1 312 524
2 908 299
1 118 154
1 60 129
1 46 816
1 162 167
1 323 574
1 455 962
1 181 224
1 866 937
2 118 655
1 361 598
1 162 517
1 87 345
1 536 829
2 459 200
1 445 941
2 268 604
2 86 561
1 146 184
2 623 840
1 77 663
2 271 616
1 362 963
2 244 767
2 324 296
2 908 628
2 471 870
2 770 555
2 736 344
2 927 516
2 309 74
1 163 855
2 184 251
1 9 963
1 202 809
2 67 649
1 291 858
2 122 591
2 262 699
2 39 307
2 614 467
1 232 518
1 81 784
1 95 854
2 914 852
1 24 742
1 147 441
2 948 254
1 425 462
2 539 717
1 452 475
1 221 799
1 368 402
2 840 156
1 651 826
1 120 973
1 868 916
2 557 64
1 344 760
2 488 754
2 335 190
2 644 925
2 98 45
2 281 843
1 516 579
2 95 104
1 701 933
1 947 979
1 287 457
2 811 12
1 334 464
2 936 831
1 476 857
2 865 532
2 787 961
1 512 895
2 342 490
1 138 214
1 388 566
1 152 858
1 724 908
1 44 386
1 99 840
1 176 771
1 344 717
1 90 885
2 935 692
2 135 719
1 553 709
1 573 586
2 934 113
2 650 174
1 546 566
2 216 252
1 5 970
1 198 586
2 234 560
1 364 982
2 344 624
2 680 677
1 195 434
2 296 586
2 91 162
1 66 727
2 848 863
2 363 770
1 619 948
2 128 197
2 67 968
1 171 949
2 160 50
1 246 481
1 383 835
1 439 499
2 939 517
2 935 401
2 150 98
2 143 122
1 435 711
2 934 364
1 132 815
2 273 630
1 671 932
2 1 301
2 85 55
2 284 23
1 222 906
1 128 423
1 177 779
2 171 585
2 595 277
1 207 870
2 720 231
1 469 896
1 99 946
1 454 768
1 206 478
1 323 889
1 454 564
1 191 205
1 496 809
2 336 729
1 207 492
1 928 945
2 690 514
2 648 78
2 580 283
1 470 787
2 276 508
2 7 573
1 417 424
1 38 786
2 2 613
2 857 875
2 216 259
2 444 612
1 69 455
2 458 884
2 164 727
2 269 440
1 303 715
1 244 853
2 157 579
1 424 666
1 124 590
2 243 906
2 782 11
1 424 509
2 521 284
1 575 887
1 160 422
2 821 63
1 403 737
1 487 795
1 350 371
2 203 814
2 120 229
2 469 205
1 128 607
2 61 81
2 471 656
2 714 556
2 422 589
1 208 880
1 423 616
2 225 92
1 166 847
1 118 270
2 497 384
2 307 838
1 209 561
1 17 401
1 309 691
1 737 812
1 7 748
1 269 922
1 242 492
1 254 898
2 553 172
2 133 191
2 567 490
1 474 488
2 497 214
1 7 591
1 706 881
1 36 147
1 246 380
1 171 697
1 43 877
1 98 670
1 498 571
1 333 977
2 103 13
1 266 850
2 596 659
1 48 884
2 435 908
2 638 334
2 824 206
2 159 860
2 856 322
2 573 682
1 349 703
2 561 126
1 114 245
2 596 825
1 522 758
1 278 289
2 678 261
2 312 622
1 327 929
1 556 673
2 689 90
1 593 700
2 785 621
1 448 936
1 786 799
1 554 869
1 243 619
2 773 451
1 132 867
2 958 38
2 759 582
1 191 350
1 101 300
2 920 365
1 637 747
1 355 728
1 72 931
2 159 738
1 416 516
1 65 826
2 75 427
2 210 698
1 157 815
2 466 887
1 250 499
1 640 815
2 284 758
2 951 809
2 447 499
2 459 231
2 611 42
1 10 221
1 419 672
1 86 825
1 608 885
1 113 176
1 486 815
1 8 746
2 340 137
1 198 535
2 279 875
2 143 829
1 185 673
1 685 956
2 438 476
1 87 667
2 695 178
2 926 100
1 94 788
1 163 381
2 830 834
2 550 959
2 762 449
2 707 473
1 181 883
2 34 608
2 411 25
2 192 298
2 281 220
1 232 720
2 524 338
1 497 898
2 443 512
1 107 553
1 141 766
1 39 848
1 673 714
1 357 488
1 93 424
2 415 885
1 716 813
2 350 966
2 84 440
1 655 891
1 756 958
1 52 186
2 206 302
2 167 223
1 865 922
1 776 964
2 690 338
1 158 405
1 215 479
1 603 662
1 205 383
1 654 799
2 899 265
2 113 5
1 5 914
1 117 131
2 131 725
2 525 381
1 677 710
1 168 914
1 275 928
2 811 378
1 171 519
2 144 196
1 418 512
2 766 693
2 512 932
1 278 646
2 972 951
2 297 541
1 23 944
2 226 894
2 957 38
1 214 403
2 824 49
2 651 744
1 85 409
2 312 774
1 247 867
1 307 416
1 520 703
1 499 845
1 176 742
1 264 415
1 423 633
1 716 848
2 845 960
2 601 946
1 200 941
1 628 929
1 130 406
2 102 74
1 554 865
2 966 907
2 837 86
2 368 647
2 909 893
2 934 10
1 554 851
1 80 768
1 122 940
1 164 926
2 508 176
1 743 777
1 626 969
2 739 958
1 224 260
2 638 708
1 202 292
2 917 622
1 363 882
1 733 942
2 294 766
1 351 490
1 436 968
2 567 408
1 322 578
1 10 432
2 644 912
2 868 370
2 706 439
2 449 941
1 87 441
1 70 436
2 42 942
1 160 894
2 690 142
1 95 486
2 827 585
2 617 294
1 172 602
1 459 565
2 167 745
2 666 680
2 687 549
2 699 87
1 338 784
2 620 852
2 222 71
1 537 956
1 296 883
1 124 129
1 416 419
2 123 234
2 784 884
2 821 598
2 570 913
1 284 302
2 745 928
1 523 731
1 5 192
1 804 968
1 75 346
2 481 915
1 30 915
2 156 690
1 71 602
1 121 453
2 42 59
2 590 814
2 951 773
1 231 777
1 415 945
1 84 618
1 781 945
2 683 226
2 867 13
1 389 630
1 362 809
2 700 562
1 499 718
2 637 588
1 60 468
1 183 339
1 410 659
2 831 780
1 128 685
2 530 782
2 959 859
2 670 920
1 908 943
2 519 974
1 603 864
1 477 857
1 282 573
1 192 861
1 582 629
2 104 538
2 722 359
2 371 351
1 53 314
2 520 748
1 378 465
2 240 862
2 947 953
2 897 548
2 314 480
2 887 641
2 149 910
2 829 800
1 27 206
1 150 358
2 855 958
2 577 943
2 126 617
1 181 801
2 401 598
1 592 772
2 171 867
1 111 714
1 54 887
2 283 775
2 431 724
2 184 699
2 84 178
2 189 524
2 436 445
1 55 92
2 115 532
2 21 709
1 460 509
1 755 923
2 563 264
1 498 865
2 950 868
2 127 80
1 54 151
1 126 963
1 15 614
2 468 966
1 3 319
1 39 150
1 350 543
2 869 290
2 130 300
1 220 321
2 11 912
1 246 840
2 550 743
2 165 122
2 647 168
2 927 144
1 644 722
2 592 28
2 492 929
2 701 887
2 930 754
1 669 696
1 800 834
1 59 218
1 57 367
1 97 682
2 230 709
1 682 698
1 213 649
1 13 759
1 690 887
1 110 379
2 87 894
1 765 938
2 881 571
1 231 954
2 133 909
1 495 931
1 783 839
1 791 958
1 478 798
1 109 974
2 473 762
2 861 69
1 109 982
2 519 552
1 275 504
2 704 182
2 61 634
1 356 627
2 410 291
1 425 895
1 315 587
1 224 251
2 387 712
2 524 823
2 223 132
2 149 966
2 895 155
1 495 588
1 560 645
2 470 729
1 435 772
2 972 125
2 116 91
2 402 730
1 147 902
1 189 682
2 79 610
1 466 746
2 588 722
1 351 503
2 862 900
2 257 200
2 818 532
1 762 948
2 380 811
2 884 646
2 947 943
2 579 813
1 153 677
2 909 464
2 323 788
2 278 400
2 99 873
2 238 346
1 282 363
2 670 123
1 465 577
2 713 943
2 136 144
1 81 262
1 198 773
1 327 517
1 671 795
1 455 783
2 46 627
1 364 791
2 621 614
1 166 362
1 138 296
1 216 915
1 291 486
2 370 230
2 217 38
2 696 917
1 203 599
1 159 752
2 92 828
2 962 449
2 366 436
2 575 934
1 585 936
1 102 166
1 788 817
1 725 790
1 2 484
1 39 322
2 428 843
2 92 646
2 312 551
2 177 328
2 19 481
2 265 494
1 289 949
1 213 589
2 304 808
2 265 455
2 294 484
2 871 874
1 632 896
2 619 534
2 630 237
2 902 215
1 210 507
2 326 771
2 166 565
2 417 750
2 823 464
2 509 717
2 9 573
1 356 390
1 745 823
1 421 711
2 123 158
1 306 705
1 71 221
2 224 589
2 319 366
2 156 475
1 65 691
1 142 635
1 54 549
1 72 540
2 750 72
2 975 683
1 201 825
1 563 791
1 695 703
1 737 849
1 232 414
2 733 636
2 34 141
1 224 694
2 31 444
1 334 628
1 237 850
2 593 149
1 778 784
2 34 166
1 89 99
1 359 480
1 451 614
1 295 873
2 314 470
1 223 331
1 237 945
2 447 100
2 945 273
2 259 764
1 354 739
2 596 45
2 838 119
2 244 372
1 183 892
1 492 678
2 324 259
2 320 285
1 786 933
1 47 851
2 574 434
1 553 855
1 642 818
2 599 778
1 907 956
1 500 516
2 461 629
2 689 115
1 244 383
1 227 630
2 169 626
1 127 965
1 128 871
2 108 154
2 205 772
2 591 844
1 668 798
1 715 940
2 811 831
1 677 844
1 11 819
2 523 295
2 291 435
2 542 747
1 357 706
1 178 312
2 131 776
2 20 333
1 198 660
1 295 343
2 447 558
1 696 974
1 269 811
2 670 22
1 481 965
2 821 443
1 545 865
2 126 370
2 845 422
1 95 217
2 906 790
2 576 397
2 153 465
1 580 695
1 54 137
2 619 407
2 101 397
2 944 834
1 273 442
1 258 957
1 32 584
2 823 709
2 927 565
1 103 312
1 358 832
1 50 146
2 196 438
1 353 475
1 258 743
1 816 887
1 304 747
2 214 652
1 90 832
1 120 402
2 685 341
2 410 200
1 140 274
2 197 977
1 121 663
2 235 793
1 450 879
2 715 127
2 307 589
2 81 612
2 417 317
1 304 432
1 357 745
2 125 326
1 32 594
1 122 696
2 263 451
1 620 680
2 9 480
2 811 893
2 547 425
2 708 457
2 670 324
2 949 771
2 518 894
1 263 600
1 214 374
1 118 405
2 308 473
2 846 444
2 702 644
1 29 436
2 926 277
1 170 517
2 877 219
2 659 562
2 426 518
1 151 683
1 463 917
2 533 707
1 203 737
2 47 627
2 473 484
2 638 646
2 459 810
1 473 966
1 128 653
1 395 893
1 144 788
1 741 790
1 11 409
1 408 599
2 828 423
2 825 587
2 600 10
2 376 786
2 666 976
2 399 342
2 250 774
1 229 881
2 136 679
1 295 617
1 160 284
1 81 452
2 51 406
2 481 708
2 764 818
2 46 194
2 298 607
1 326 422
2 525 164
1 566 904
2 391 770
1 768 808
2 139 634
1 139 883
2 363 769
2 94 206
1 216 252
1 6 429
2 953 941
1 311 836
2 566 946
1 539 575
1 952 956
1 279 640
2 517 559
2 211 86
1 73 742
2 835 228
1 267 572
2 707 182
2 367 552
1 115 209
2 301 330
2 111 198
2 310 884
1 307 465
1 677 835
1 54 175
1 885 911
2 2 850
2 189 117
2 215 449
2 730 683
2 272 526
2 928 708
2 875 858
2 120 726
2 694 424
1 66 639
2 228 244
2 760 58
2 361 962
2 365 364
1 349 649
2 532 771
1 504 899
1 450 869
2 59 813
1 847 855
2 317 552
2 376 139
1 385 584
1 572 585
2 453 828
1 34 313
1 206 286
1 324 761
1 103 837
1 88 310
2 804 897
1 382 806
2 309 463
2 775 901
2 214 612
1 866 876
1 297 978
2 377 6
2 712 546
1 21 152
1 163 472
2 325 251
2 829 525
1 447 565
2 855 374
2 517 441
1 203 369
2 156 854
1 586 805
1 383 828
2 233 602
1 205 482
2 116 923
2 187 844
2 969 721
1 728 821
1 634 813
2 594 862
2 656 238
2 765 45
1 426 502
1 641 949
1 695 956
1 470 571
2 49 468
1 12 599
1 351 554
2 819 277
1 645 700
2 506 803
1 129 289
2 634 194
1 1 981
