3036
4037
3491
83
2387
1650
2168
194
2019
1333
2126
1197
1036
1413
2541
266
976
1455
3401
2133
2873
34
3028
1874
1479
1287
2529
1462
163
1741
902
2846
3341
1497
500
2149
2081
1490
322
3572
3122
346
2044
3579
3725
1580
2855
3943
3234
993
3942
1795
1319
1623
66
739
2893
2550
999
3217
192
226
1348
3952
2487
2220
966
2464
951
3390
2485
519
2473
2018
1450
1475
549
3794
2237
1824
4034
1688
1429
668
3240
3283
2836
3317
317
2378
501
1820
3089
1695
3190
1529
2117
2625
910
1151
3539
2597
763
339
195
2583
880
3685
1419
2565
3772
2350
1332
2501
1071
1347
21
1227
2874
3092
3579
2001
1623
3083
286
999
3533
3321
2445
1858
275
2362
30
2635
2413
2541
2137
2441
2488
2422
71
2894
3194
2137
122
4041
2766
3141
3029
88
45
987
3994
3185
3501
399
2124
1433
3237
2716
1980
3362
2072
3723
3014
1246
1582
2007
3350
2692
2746
3214
1918
1718
329
3634
855
3267
3284
1513
2669
874
3462
1268
251
390
601
2251
3256
1808
787
2772
697
417
2114
2751
727
104
1029
2728
2346
613
3593
690
3646
3050
931
2439
3484
2037
2069
1468
2059
377
1818
3552
363
3033
2428
662
341
958
2950
2601
174
431
981
3246
2940
474
2878
2794
3186
1713
3455
3536
2747
607
2837
3801
2413
2490
1010
3451
73
1214
3560
2194
600
3801
500
1338
806
2325
2590
26
1535
3240
1621
1983
985
3759
2794
3012
2073
2222
258
1324
1833
1243
393
1514
3780
2052
3680
3480
1002
2353
3618
3640
2635
750
2120
2630
2451
147
220
155
3759
3461
1120
2685
353
676
336
2894
756
3819
2130
2993
1164
2476
245
2068
2299
380
2497
678
3470
521
4105
746
3165
3174
1927
843
3
948
1207
1514
2868
1998
2705
261
899
3510
1998
1059
213
655
1192
2089
3718
1300
1514
3567
899
2355
1036
2084
210
2196
3342
550
2725
3410
3388
1523
815
710
975
313
2302
2231
417
147
3705
3190
1889
1871
3893
38
3603
739
3951
555
2359
1308
3501
556
1910
2227
3403
2838
1817
3590
2556
1334
2704
182
3747
1618
1755
1367
70
1716
3452
488
2482
1832
1978
1864
1260
3320
3488
626
959
1227
768
2113
76
187
317
1632
3789
2560
3797
2112
2140
1886
3803
3598
3071
1411
624
1942
458
2527
1055
381
3951
3395
3333
1416
3429
1913
2496
56
877
3434
760
3619
3190
3223
1725
1143
1872
71
2813
1209
518
1199
2350
1437
1810
1462
640
1227
650
2320
2978
3401
3092
3661
1594
1443
62
2015
627
3880
1490
3246
1298
3395
2373
907
2254
1489
1536
1247
3087
550
3271
2797
2042
2528
2293
1907
167
2277
3929
687
3196
169
2254
1271
3420
921
1364
941
3308
2609
3111
621
3740
1807
3145
2939
2265
3417
3153
3154
3373
3479
3162
315
954
1816
2804
375
3701
2711
1587
3566
2929
1481
2361
450
1055
1433
966
2962
224
1192
3222
2819
4102
27
1139
2422
1634
1267
303
1453
1355
831
3116
2952
3974
3642
1881
2136
35
1615
2768
2595
2243
776
2002
3635
2064
2434
3605
643
1453
2849
3470
3317
2551
64
1046
378
60
2911
3266
3586
97
764
2059
1548
3760
3447
3124
1118
3726
2396
853
453
1243
3713
1739
552
500
3381
210
3598
3543
3263
2817
1163
2541
1206
3905
2664
1441
3670
415
911
3183
1454
1879
1469
141
1780
843
91
810
1098
243
2814
383
1818
957
1686
943
2697
1675
3096
761
2624
440
1552
2569
1978
313
3121
1609
2562
3953
2031
3301
261
1875
1577
2548
2955
2320
15
771
3681
1097
1878
1568
1661
2908
3131
3206
2910
1914
1070
1785
851
2900
2636
3777
1803
3387
1069
732
3329
695
3059
1462
1492
185
62
2968
2143
737
1992
3161
972
2575
2332
1512
1453
2091
1998
1056
1158
2879
2510
1423
2969
1855
2512
2527
3331
2417
2132
3918
1197
2077
3190
1803
2865
656
884
3862
3313
1192
750
1896
4022
2074
2883
3352
2454
1695
2515
2190
1243
3313
2703
1210
2479
2875
832
839
1103
1995
2425
1957
249
1751
3393
1850
2839
1926
2982
2334
3810
2455
3286
2919
166
2780
761
288
2944
1030
1272
2670
3495
2455
3058
267
70
2681
3531
1955
204
3067
3567
633
121
2424
3461
808
547
3157
2533
2099
2789
2592
3202
2403
2901
1490
3851
2985
3276
1969
2167
3150
867
3723
1996
255
3643
713
2712
3933
3459
2040
165
3353
832
808
1022
3175
1455
2362
3086
1350
268
1559
1197
1363
795
3325
2946
1047
375
3135
2228
3462
3342
3657
2771
1519
2899
1305
2142
1474
2872
2618
2242
3557
1199
2444
3595
3192
2968
1074
1338
2962
130
1479
3580
1804
2533
3637
2196
325
2834
123
3391
3811
3584
930
2855
1079
1661
1535
2627
1660
2942
1390
2262
2579
3785
3478
439
1333
1012
3223
3112
1042
2378
3163
1010
2719
3699
1272
3792
3337
1303
1487
3311
2993
3447
786
2009
3022
2774
582
2197
3132
2745
1034
3351
3508
1551
3132
1493
612
1025
1705
3450
1389
1655
73
1558
830
799
3919
1335
2624
3468
791
1731
2149
1637
2245
1156
2939
3565
2081
2626
2877
914
2221
2199
1863
3135
131
898
124
2593
773
2998
3621
2123
3528
2242
378
369
626
4073
2585
1735
3623
2879
1359
3565
567
2132
203
2290
3823
1665
1292
2970
3286
1722
3236
472
2675
470
3514
2298
3341
2353
1613
2231
205
2414
3639
3386
1788
800
1877
2325
2761
827
3752
3092
2918
1769
2618
1074
3575
1528
2286
861
2812
2448
831
1153
706
3650
3432
2507
3511
2090
2994
3783
2446
168
3654
3697
1750
2933
783
3543
416
547
2428
1959
525
3353
590
2673
1335
1059
2677
3149
2415
3521
1502
3729
3114
1682
687
552
1566
2442
3094
2361
2991
2882
2217
1579
2175
84
3679
3310
2105
1555
585
613
325
269
349
3177
3213
2474
1498
565
3122
581
1089
2976
2117
1743
131
3433
1609
3183
15
6
2567
3448
600
1541
1871
869
2537
908
526
2994
447
2593
2503
2498
3827
3663
2339
2863
504
2685
2046
2872
3468
2489
3537
2176
2789
1753
1509
121
3211
2720
1035
3793
2145
1348
3264
1678
1599
66
598
1800
264
1072
1963
189
280
3194
623
2380
1428
3157
2435
3145
2540
780
43
2204
3787
1621
2897
1541
2344
838
1595
379
1786
667
3618
830
2005
3369
2520
1187
1901
1206
1280
1896
3468
1262
1376
3438
1836
1639
2836
1346
2854
2307
1147
2234
3789
1387
929
531
591
580
2360
2302
2428
3234
2606
1742
2195
2171
2637
2425
3519
3315
847
281
767
3319
1311
1689
2894
2100
769
1465
336
1593
1644
1605
387
3247
1523
2318
209
2366
1271
3650
2878
1960
272
708
1758
570
2731
1065
412
880
1641
1425
3235
476
1446
1353
2595
1032
1711
3086
357
717
3320
727
842
642
146
2192
3524
364
282
3239
1844
3679
1656
1923
2802
386
1824
986
3263
140
1476
1771
822
772
1103
338
3829
3527
3505
2864
1358
1459
1848
3117
1419
2989
2874
1920
1091
2928
3535
2169
3426
2613
3177
1869
2615
249
3204
1985
1283
1427
1208
3137
1585
2987
2790
1592
503
2553
658
2337
3322
1702
1992
1799
3036
1848
3863
3305
2932
3114
2617
52
3257
2372
962
2067
597
3731
3098
2019
3452
2477
1339
3456
1538
3650
3320
98
2142
1888
3932
962
1793
3607
3063
3470
2848
2860
3355
2089
1712
2218
2462
3383
1770
1188
1074
560
3765
1069
3697
577
1447
2487
3163
3894
3317
2510
2241
3155
3551
3017
1999
810
1487
548
734
3492
3435
1155
3695
2394
2098
1819
3104
1489
3263
3933
1861
2352
2015
1239
3791
3073
65
1397
304
2255
2318
3617
2868
2872
1660
3099
1482
1799
3335
2320
4004
3500
3124
2724
1018
450
2196
868
2203
4106
918
3322
6
2573
887
3272
3140
1691
2054
2892
2394
2109
2052
741
1874
688
618
1369
1048
3211
159
2402
2459
3034
1828
3501
422
1256
2620
2762
3255
2933
2030
3892
1507
171
3523
2886
1151
2424
938
1208
1679
1378
715
2401
955
1064
2216
3664
960
2912
3435
1251
2300
1548
3611
3303
2902
1039
1341
91
3943
1551
1129
1363
2205
3366
2519
3094
545
2624
2702
1882
142
504
334
1376
3312
3780
2182
3741
3318
3641
2487
2478
2700
1459
73
2902
3247
24
3582
2399
2090
1013
3915
59
2267
2494
609
308
725
2611
248
1729
3590
2162
3223
3009
1157
2778
3759
2756
1942
2122
974
3689
2367
1785
2175
2864
43
2701
286
2365
1197
495
881
3433
561
1233
1257
1070
3204
2947
203
1992
1637
1810
415
2232
3427
2205
2522
3593
925
144
2295
2464
1277
809
2318
1944
1885
2793
1071
1346
3552
3353
2333
49
1915
2557
1960
2942
3178
2064
2184
629
1719
568
3285
1165
379
941
4010
1569
1152
2449
1203
2082
3284
2981
3300
1324
3497
1980
1870
2444
677
2625
2740
537
266
725
1910
1772
893
2560
1519
3477
2366
830
837
1168
3792
2792
302
2739
2885
3539
2357
923
1327
600
2282
2301
331
3341
2346
2740
254
1485
2663
698
2000
1222
1370
1188
1311
608
2981
1360
3536
1654
570
381
1381
3556
3186
1774
2387
3198
3127
751
3607
1192
3042
2079
1138
3194
1754
3676
2164
3520
68
2929
1501
2807
1123
3046
2556
2187
1221
1621
1817
2647
2885
375
3477
76
2745
3316
283
3717
3849
3474
1867
3283
2509
3629
230
3215
1916
3043
471
1076
2355
3378
3555
162
832
2798
3624
980
1706
2433
196
2430
222
1139
2330
3753
2926
3566
3595
2562
2798
1270
3394
3416
474
1563
165
1934
1409
1925
495
3110
1403
3666
1752
3482
446
972
2703
3261
219
895
3663
2711
3597
1359
2993
504
1632
1698
3559
3546
2375
2240
2146
705
393
1622
2794
438
1652
607
3491
1558
1123
2613
1466
3163
286
3045
1870
799
2081
1485
2575
1269
1588
880
210
1123
2591
3056
2686
1876
1525
2055
997
2606
1403
1487
2627
1493
2458
1336
1193
1049
621
3449
3331
1012
2337
1762
732
625
3883
1268
1713
3615
3900
3450
3888
2930
554
46
3496
3597
103
1504
418
2347
1667
2621
4051
909
2295
2504
287
2902
2657
3663
520
2215
2243
569
458
1679
3635
3238
3982
2923
1833
2205
1486
2058
3852
3855
2089
559
3860
3351
3441
2923
2089
1661
3062
2657
621
2823
2766
2193
3925
2346
3275
1993
1844
2385
785
3483
778
2676
625
2298
1317
4084
1828
2948
1960
2492
755
366
2675
3651
2517
979
1001
3024
1183
1441
596
2298
2026
2383
221
7
3642
1633
3657
2908
137
2874
3421
2798
1665
1116
3083
4042
3845
2020
3883
1833
3768
1202
1685
471
381
2651
3265
3055
734
1097
2443
3392
1053
331
1699
1143
1230
2755
2276
1643
1794
793
2756
2929
2498
43
2295
1437
2983
3242
1270
365
1553
1339
3440
3652
329
2584
1588
997
3451
270
1525
3189
1356
1574
758
3087
3292
3124
2254
737
1906
37
3438
2371
1873
1173
1524
688
3863
267
2778
750
3046
2930
703
2368
2821
597
537
3024
100
2483
3451
383
2341
3961
972
965
2678
535
658
752
1394
1284
3698
127
244
567
1730
3022
1128
2460
1939
277
3819
2692
300
2146
2975
812
3706
866
1443
55
3309
2738
1883
2489
3489
3314
1149
1302
2882
2406
1653
1804
1636
858
886
567
254
2246
713
1896
2385
3707
3102
284
3538
2326
1908
1393
1048
3052
3269
2537
3137
661
2282
986
3912
1466
2679
3155
1941
3819
1606
1835
1007
3454
1567
3539
922
2862
2312
1372
3473
376
3087
3514
2318
2719
1034
864
1186
2142
1557
2451
2945
2258
1033
2017
2093
2437
574
2674
3394
545
3366
2086
1422
3632
3454
3647
2183
2829
362
1027
1314
339
3188
1427
2433
2560
3556
1837
2166
1190
3200
947
3307
2698
780
3352
4070
1626
646
3440
2607
2400
2494
3484
1058
1611
705
1773
1221
270
3298
684
1630
4000
2285
2537
2150
2841
1610
3614
2856
785
345
1520
3819
3141
3776
2427
3910
3250
1261
245
3601
2346
3112
469
3598
2665
410
2889
525
3981
3478
3604
1415
3702
1708
2768
2800
2451
3643
3903
1219
935
3537
1454
3686
2541
3672
2252
2801
3598
2305
1877
1255
1416
1006
2162
2914
1381
2420
1895
1425
2707
395
3785
1738
1765
1602
3292
3323
1870
3978
312
2999
2730
3336
1930
3728
911
2263
2650
3701
3751
1184
2207
3077
568
1458
3001
2057
3008
1748
2858
2040
2602
2101
2907
170
2236
2091
1575
428
673
3461
923
2943
1759
1469
1977
4029
2430
3621
2745
2607
3635
534
2408
1135
400
125
2727
1567
3469
2041
3308
3684
3054
355
2444
18
1639
3070
849
2527
1145
1883
119
1633
523
3699
736
1684
3409
1650
2224
138
4037
3333
2489
3603
1693
3139
1272
2613
2250
1288
1140
314
2520
3068
2307
3050
1595
597
3520
1317
4071
1226
2812
3433
2182
153
3298
3100
2326
1464
2071
3618
2714
3154
1218
2417
190
563
783
2877
3415
1581
2648
3887
2136
2344
3398
1527
3005
2538
1825
762
3475
1380
2939
3615
3263
1424
686
3995
2133
2343
515
2088
3788
2195
2810
1806
2903
2940
2643
97
143
1656
2929
228
1855
2973
3726
2944
4062
1075
941
1453
3098
208
15
382
3413
795
3528
2576
3220
3538
877
1979
3582
4039
2656
625
825
3986
2384
268
377
1813
2204
708
2070
2604
3203
3235
1351
155
1862
1845
1538
2291
2988
638
2437
1865
3177
1570
369
918
104
3099
1192
1361
3073
1528
231
229
2628
2807
3528
2712
1832
2646
995
215
1610
3389
3096
206
1046
2219
441
3064
3068
2473
3936
2687
2304
2586
353
3871
1353
1793
2627
2613
1547
2294
1380
3847
1288
2936
391
3580
2281
3914
3346
25
1822
1465
620
2590
2963
2941
2730
2385
1580
1402
1632
1684
1828
41
2002
3368
3175
2058
3245
2831
1778
114
3806
2976
2647
609
2284
2822
1523
2057
942
778
750
2899
2803
3427
1724
2677
3421
2484
329
95
1085
2737
1941
3099
29
2491
3426
2590
556
2794
3156
2792
3685
2308
2803
749
411
3736
730
1682
841
1894
522
3778
3620
2789
1887
1722
1309
2098
3243
3106
3768
3706
1550
1014
2796
2536
2848
1612
866
530
2174
1057
872
3197
3174
3148
94
2021
2417
1750
3656
665
619
2830
2455
214
1217
8
3572
170
2391
3997
360
2705
3401
1428
3002
606
3076
3084
3679
731
2342
291
2489
1869
3530
397
2096
3874
2977
2587
2866
2129
3340
3245
3432
268
2969
3147
3473
2088
2492
1517
784
3198
1360
1593
1971
2545
1920
2768
3007
2942
2697
662
320
2758
3075
2885
1525
2692
1455
2674
1331
2118
2769
1420
1495
3973
3931
207
1413
3948
3093
59
2523
3364
3762
3148
3354
2550
878
243
1146
1382
1913
2258
685
3973
188
2745
2391
3922
218
3010
2033
792
2128
1301
442
3758
2044
1010
3591
1952
2125
417
2564
936
824
3276
1766
3631
491
2581
1393
2436
3668
1963
460
22
3487
1947
2492
3567
2991
3340
1351
3011
1305
2591
3493
3621
2830
3682
3336
607
1097
2379
2681
1676
2201
2387
2657
3687
2546
2940
2024
2434
2647
1809
3238
2755
1697
3269
2533
3004
2855
3253
835
2528
1290
884
1100
3073
2862
300
2714
3704
3154
2659
2385
3252
990
3429
1705
2964
581
2766
2384
2536
1362
3720
858
2805
1456
1628
2692
1801
2472
3336
894
72
932
905
3626
1671
2287
472
443
1025
2370
3435
3055
1623
1432
3748
1132
29
489
1084
1966
2878
3928
2011
2470
2842
467
2942
1762
908
3228
3078
1668
52
2320
1393
1729
2775
2678
3535
1341
1527
612
144
3294
801
2765
779
555
1455
3475
885
2919
2691
3444
299
2471
2453
145
3338
538
3756
2694
2922
605
3113
215
3045
3331
1943
1591
1984
347
2693
1802
2988
3363
2331
1919
554
3358
2135
1998
249
2180
2508
2267
824
1802
1551
999
2208
3743
171
3091
380
1596
1967
2579
2922
626
3629
1341
1306
3011
3695
3550
2689
855
1358
2469
2078
2101
1849
739
3534
1352
1892
2605
1837
2617
849
1515
1994
185
906
1118
2542
3281
3027
1713
2069
1270
3509
2341
2608
3544
3788
18
4060
1472
3857
1902
735
678
2927
2786
761
350
1944
3250
660
3364
2034
2091
2387
1294
3395
3559
2920
1683
1201
1010
3897
2648
1530
637
2252
2738
3203
3930
3796
3714
3423
1477
2721
1927
1945
2652
2864
2059
3833
3534
1610
1331
713
1482
2135
1721
3022
1969
2710
51
783
222
2233
3484
3882
3181
462
1496
2693
2295
797
1580
2306
2148
2300
566
2481
1462
3333
14
2552
3175
2838
2124
4072
3161
396
3432
3527
3109
2044
1719
1684
3744
327
2533
2386
3832
3532
1409
1475
1187
3117
800
23
1076
3349
1874
481
3020
2938
989
2473
2578
2755
3408
3275
3153
276
2767
405
3598
1185
2076
337
3656
1576
2297
2282
3199
347
3924
1955
3556
3352
2087
3727
2604
3635
3805
877
3621
3564
2516
1114
1001
2145
2031
3313
2489
3870
180
961
2105
2755
2261
1266
3955
2697
924
139
1378
2480
1162
2928
507
688
98
2095
3696
2265
651
487
981
2516
3551
1191
3073
1700
2644
876
1101
195
1199
2096
3192
4012
3601
3310
2742
3056
1706
10
1762
124
1569
3614
813
929
2751
3445
805
1959
2059
2666
909
2259
1159
336
2984
3927
3015
1410
1018
1109
3012
306
277
2976
3045
2139
2261
893
3218
3721
1544
3194
408
1708
3533
3762
2170
962
1444
116
3451
1156
1034
2992
1379
1822
2198
3572
668
482
4015
667
2207
501
989
2046
1290
2719
1481
2186
3388
1337
831
1912
1499
3978
699
1500
2904
507
107
1522
1792
391
2197
3171
1574
2392
1350
499
2103
3390
238
2875
2860
995
2775
2703
2294
974
406
361
38
4077
2559
3255
811
222
2665
418
3585
3289
1087
1865
1079
1641
3554
466
3046
3296
2625
1029
1473
3068
3807
2247
1550
3181
3218
1763
3329
1227
1136
2579
3366
3452
3080
1667
1856
3895
1676
1458
2189
3455
3575
120
862
2683
383
673
2059
3890
1294
1857
235
2199
1859
3130
3372
3542
3379
1019
2880
2754
1673
2520
421
3567
3213
3220
826
2890
3339
2980
1064
2983
776
917
1943
3759
1704
481
2776
2587
3566
405
1335
274
1837
3341
1245
1168
445
2849
2257
3885
2626
1974
1025
2190
1036
2100
2652
2135
1267
138
210
1548
1751
3468
3460
2009
2917
2919
1571
3140
1248
3843
3778
1803
3028
2062
2614
1890
1629
1696
2771
1072
614
3591
2500
2477
3923
3519
1613
3989
991
3294
2240
3553
934
1840
800
2438
3171
3439
814
1697
947
1552
3620
3212
3006
3173
1461
3573
3725
86
2237
2132
1932
2655
4
924
3443
2134
1504
2758
924
1671
899
3608
1697
3050
2464
2633
4074
2469
3423
1865
3367
722
2334
2281
1386
3880
2819
211
1784
3259
3555
578
112
3246
1981
1621
3483
1706
2839
3439
2289
1739
1783
3646
3109
1733
368
3946
2949
2522
718
2812
2623
2903
2361
1571
3756
1250
2873
3510
1601
2153
812
1147
3326
1083
3314
2675
2344
3315
3527
2725
1987
1493
528
194
1936
344
3384
2761
1323
4089
2378
3643
511
3127
2553
1977
4070
3109
3995
3601
1219
956
3196
3810
2692
1210
1443
3713
1326
2689
1643
1349
3291
2838
3113
197
2257
3209
3334
284
3433
3515
2176
1227
2614
813
2052
3076
1272
2994
1431
1583
680
3102
42
2539
1295
351
3556
1664
2902
990
3115
1296
576
3477
1031
3199
3657
2358
3307
2287
1218
2582
3239
1524
3055
1529
2118
3494
67
2655
359
3992
1920
1370
2978
525
5
333
2416
3734
2476
2214
3145
2120
3728
2119
182
93
218
3314
2683
599
2861
3144
2273
4011
3586
80
3375
1797
3333
347
1939
2666
2927
908
99
3069
63
1425
1581
841
1366
1993
185
2415
3076
2966
728
862
692
2253
2010
1398
2905
1499
2629
3521
363
2718
1667
1735
264
2533
3644
1132
2311
3158
1933
2472
1106
2609
229
869
1241
3735
315
1457
2949
1840
2586
2825
1049
2098
2753
1053
3675
421
468
1454
2959
1146
1829
81
1408
3757
3013
1560
929
11
818
3734
1756
1195
3046
1838
1700
892
3557
1595
2641
1208
2626
2232
2764
3318
3295
1314
1676
2130
3848
2788
3383
3747
3312
1845
1304
2463
2027
80
3131
2056
3802
355
39
3085
588
2845
1767
1242
2513
2777
2126
3909
1909
2476
2284
3619
646
2150
3207
2774
699
2115
2293
3840
190
3539
2324
2164
3385
3728
3741
1167
2231
2815
3156
1081
2038
223
2770
2065
1514
2853
2251
3309
1559
4013
579
3186
2851
2244
652
2583
752
1530
3121
2813
670
758
156
927
1878
752
1149
3501
6
3010
4030
1231
1374
3726
2773
3493
3282
255
1119
2877
2824
1594
924
1706
498
1027
3186
2970
945
737
3136
3142
131
2365
610
3263
2983
2019
2830
1233
2702
3678
1813
487
2296
2649
2367
2422
1037
3350
1116
1711
4109
2069
3323
2848
2691
2768
3673
1383
2313
3453
463
961
297
1932
2016
2587
1866
3091
1166
2302
420
743
2974
2304
542
1404
1727
2367
3643
328
2169
933
1425
3232
2319
457
3094
3795
2972
1236
3278
376
1813
1009
772
956
1967
3289
547
505
1682
798
1703
3409
192
2648
277
1377
497
949
3183
1836
2864
1962
315
3387
480
3257
2538
2377
975
695
377
3383
2994
2076
2149
1163
1785
4059
3595
3882
3338
2379
952
329
3214
3180
2704
1854
1446
1430
1106
3495
2430
1783
2468
3475
2934
842
2780
2758
1894
1290
2240
2524
204
545
2279
720
2532
2282
485
4025
2287
3364
1029
442
2697
713
3768
2997
1388
773
782
2726
2508
3647
1232
196
2751
1873
1011
2077
3574
1198
1390
3332
2059
1675
688
3526
3122
2936
1991
1612
2619
2393
2877
797
2693
1447
3323
585
197
1991
814
3890
1731
3229
3071
1478
833
62
2060
620
2587
1766
1251
1402
3399
1565
3407
1683
144
1860
3810
1839
3333
1186
3412
3162
439
2675
686
1362
2841
1527
2180
2334
28
1039
3176
865
2759
1893
777
2756
3555
3525
473
3463
3125
433
811
1291
2727
3718
2338
534
1289
1066
2740
1274
3142
2606
138
2496
2412
1909
1671
42
2496
162
1765
385
3061
2136
2477
2616
2663
1559
2
1561
257
2603
3760
223
3458
2158
2173
428
1946
666
234
2884
2035
3808
2089
2311
2768
2870
2133
3190
2611
359
2128
553
3122
1929
646
1830
3467
445
398
1579
2530
1449
3500
588
1399
2104
2281
2904
1391
2050
3862
3367
2747
228
3076
1553
3229
52
1767
494
1050
2748
3113
473
801
3635
2947
2556
999
2307
2695
943
649
1078
3049
1024
3217
703
548
3218
2147
3578
1851
2947
1691
1510
2168
1200
2449
1392
2015
3555
1846
78
1770
3652
2615
805
3734
2123
1682
425
3018
338
3159
3500
2403
2868
1482
1626
2480
2194
563
3472
2345
795
763
267
3546
2465
1227
2350
526
1876
936
2558
3995
3190
1647
3959
809
2802
1788
3615
3380
170
1527
2688
3305
3916
3719
2784
2244
1775
2656
3363
1323
1403
2817
1541
3828
3856
879
1141
2725
898
2806
3123
123
3098
1640
3140
1569
755
3401
3171
3348
3491
3030
2197
3469
512
1185
1609
3241
1060
1718
1376
2831
1803
2344
181
689
567
2699
1257
2020
4071
1299
3634
1671
1553
786
2687
1710
2968
916
509
2696
971
529
2797
3093
1575
2994
1174
3655
2549
604
828
2512
493
2199
1973
1998
3534
982
2423
348
2689
3695
3796
3730
3419
3400
3575
2109
995
240
3476
2046
923
1362
2045
2470
1902
1430
1476
3609
2149
581
3807
1988
3764
1145
3558
928
993
2140
1181
1288
4098
2857
1287
3613
3718
3417
1580
2076
2343
2407
3745
3834
455
3896
1714
3934
2362
455
397
3939
196
3749
1143
1367
1969
3018
1188
3346
3295
1947
1980
3756
3699
1847
2082
1955
1284
699
1426
2649
94
3396
1899
3307
2744
130
2965
2113
3599
1856
2525
2925
390
82
1607
1974
2090
3942
2332
2896
2877
3981
303
3355
2083
2895
3483
2677
2892
383
544
1956
206
317
1866
1626
3775
1847
1804
715
1415
1316
3303
1693
3752
1220
3289
3458
2517
4060
3374
2228
768
3360
3341
2451
351
2030
2636
127
3359
2072
2151
1991
2226
566
714
35
4020
1459
3597
80
3163
2065
2119
581
2455
724
2768
922
912
2804
2516
3696
2839
1977
1821
1256
2799
3719
2568
3584
3764
2396
1785
379
2028
3436
1511
3560
3321
3359
762
1034
141
1561
2326
1346
2276
557
2097
816
3546
3015
566
3029
2444
385
3592
424
2654
984
1098
2334
2812
1458
827
3274
398
130
3240
2183
1762
208
1962
2126
2818
3293
3905
2674
224
310
1566
3478
2226
3289
3426
3859
640
2377
1279
3788
953
3670
2909
1974
565
2956
2146
1552
2926
1502
2250
621
4071
80
1907
2865
757
801
2684
3589
975
598
3252
1551
1647
2535
1928
3950
3345
3844
1309
2036
1893
2722
759
2924
2808
2064
1670
785
3110
1332
1954
979
1523
2568
2545
2057
3170
2699
3409
3360
737
796
768
1190
278
1496
1759
3118
3024
2986
1550
821
2963
3858
792
3760
136
2301
1486
1994
1994
3843
85
3487
3242
1005
3233
3060
844
1699
1046
2854
2510
1704
2219
2057
90
3530
909
3539
1811
2022
2565
3661
2870
3688
3922
1413
963
1151
3839
1515
1287
3012
3458
3803
1534
3108
3675
3894
506
3414
1771
795
1148
2203
1387
199
1871
3405
2137
3465
892
2375
1831
2789
1386
355
3853
3465
734
1276
2571
1920
3354
71
2393
3606
196
3497
416
1444
4031
1642
56
2079
2798
435
2688
1647
87
4107
1637
2224
973
3217
1261
3423
664
2259
3040
2360
1031
19
2394
3235
3358
1153
2836
2353
698
468
2685
2224
1805
1866
3885
2444
2548
1903
726
3456
3653
1237
2631
2412
3084
1543
3711
3561
2273
3080
3466
2605
697
3505
2656
3091
847
496
721
1473
3172
546
3180
2269
2176
539
321
298
2494
3217
2627
2267
24
2259
2030
639
2112
3715
499
1041
3170
1942
3701
2477
3612
3819
978
3129
1154
3799
1028
328
1005
1311
1856
1930
1363
2832
3608
3040
1454
3462
1270
1059
3547
1196
1172
2272
1282
3336
2754
2343
2628
350
1156
2656
3407
3352
1879
2050
285
3290
3075
3453
2630
2955
125
256
3627
2600
1521
2310
1661
1279
597
50
3746
2486
763
1164
936
3374
3290
1066
1830
3499
2535
3969
3630
2424
1545
1780
70
1702
732
1061
3382
3108
2158
3271
1871
2855
1411
1536
1939
1688
547
4016
3392
2025
2120
3692
3527
2406
3525
1417
902
1627
95
1014
1401
1779
763
3154
1209
3656
3272
2952
2955
556
2287
3787
1022
310
2968
1605
401
3635
1579
1855
3561
3215
3383
1135
1270
2218
2146
3526
1648
2885
70
3843
3025
2498
1843
2066
3080
3399
38
3272
239
1076
384
296
1030
513
3164
31
1901
75
3281
2555
1565
2031
432
3532
2022
732
3255
2213
2750
2626
3644
817
2111
1531
3449
3406
1324
309
2589
3189
1087
1072
2058
2218
969
1339
3110
2014
3381
3596
1848
1424
3412
875
3583
326
130
941
1507
1934
2137
2498
1958
2949
3195
370
3301
437
1135
526
3601
222
3761
2966
2168
209
738
990
2489
2099
3625
2941
3255
3461
2695
3301
2870
654
1737
1610
1720
1589
1232
3105
2288
394
821
3278
3357
3989
991
740
1445
1237
1289
1850
3184
1559
53
2754
213
1856
898
2514
608
213
3087
1364
2078
3268
306
3805
3408
1601
113
3488
491
1388
856
2758
757
3911
1147
2631
3335
3330
1342
2312
1717
2008
1754
948
1484
2221
1903
2293
70
3214
2771
1637
1649
2231
1697
3118
993
1985
2687
2918
48
3435
3068
2854
297
2549
2792
3395
3615
672
928
257
3560
2645
212
1580
837
1043
3623
3529
654
1866
2415
2678
2169
1684
2566
2189
2320
2089
3125
2175
3613
2754
3117
64
3867
304
2286
2597
2126
3626
1042
2698
2962
3007
3184
1641
125
2490
2385
2701
3786
1589
3894
2139
2628
117
813
1311
2415
2737
2878
3349
2175
3334
1865
2791
402
2707
3104
1658
958
2990
3009
1751
3072
1936
2484
2853
141
2020
2372
2848
2619
261
1689
3772
2474
1473
1306
3057
1141
623
2565
70
281
3809
1115
3479
3613
1275
1208
1026
2069
2934
2864
490
3044
3139
380
352
1423
63
3928
3457
3321
3179
2958
670
1720
1412
2408
3309
3000
222
2088
2592
1202
3107
2805
2173
259
2142
64
3430
3922
2993
2585
1788
1180
3362
3259
2542
2480
441
3868
3339
427
2370
2675
2105
2185
813
536
3425
418
94
655
3050
1913
562
329
3344
1286
3872
1490
1915
357
3872
1050
1933
2692
1071
2350
2630
3308
2732
203
2166
271
2096
1839
523
1624
3111
2698
2751
2065
2669
3926
1560
499
2852
2108
2708
3256
2093
379
1197
3629
3344
2666
3170
1678
1809
3708
1821
2147
2687
2185
2833
2684
979
3592
3283
3165
3327
2726
2112
1316
2699
2877
3754
1524
802
1118
3805
1977
1361
3294
731
3143
545
1023
1873
3376
689
2606
2812
323
3053
448
2262
2786
3685
2486
2144
2904
3415
378
189
3435
3926
3284
3327
3471
3373
2929
3437
410
3026
3598
2891
196
408
719
1973
1026
2025
1823
1783
3349
3239
1290
882
2938
1533
2507
3470
1130
1806
744
3163
2907
1340
433
1286
3457
3039
814
893
3413
1409
1708
3752
3335
2250
1556
1814
146
1463
385
1415
1960
436
2528
2288
2277
1390
1039
3131
3305
2958
2563
1455
3519
3996
3435
918
1023
2127
3798
2451
2606
1288
1768
3763
2433
1661
3219
1724
410
2659
1071
3628
475
3241
270
2945
2897
863
3864
3356
2609
1694
3127
2141
2509
1192
3143
1447
2340
657
3256
3311
1464
2172
3190
3040
2569
2198
3479
1815
2612
1888
981
689
2838
2256
2806
615
229
1853
1811
898
3249
1950
200
394
3281
2256
3669
1386
2874
2199
3072
119
52
1487
2739
2770
129
1787
2032
1097
2238
3503
3014
2981
2090
994
1972
1428
1066
2149
839
119
3306
775
3495
3992
2670
3576
3101
1313
2023
2012
2363
1354
119
2245
2911
1097
1219
1398
1037
3753
3825
3890
1194
1713
2941
2224
2429
264
2114
2684
1246
3088
3014
3307
3586
2601
3479
2556
506
2157
1498
625
2801
1956
3672
3968
2780
4081
129
3211
2536
1842
2051
3153
1830
4043
2571
3909
2423
977
886
562
804
1129
654
3212
2732
496
1592
1980
2878
315
1888
2081
1949
2154
2125
319
32
3353
3348
3045
889
858
1860
2986
2998
3418
1389
2071
2916
2310
2072
2469
18
1233
3853
3735
515
3237
2938
3006
1566
3112
1778
1010
3818
2950
978
142
718
2267
3181
2930
1761
2824
721
653
3423
174
171
3510
1572
2314
2405
2462
1119
3368
528
3303
1740
3085
2090
2840
1865
1976
3671
389
1657
3026
3389
3298
813
1592
1385
3185
2645
525
3619
214
888
3473
3831
2254
1584
105
1237
2553
3241
1476
3952
1394
796
2615
1021
296
1473
1707
3521
810
2560
3831
3918
2737
1379
742
1808
1212
3828
2302
2217
109
194
585
585
3481
2293
2292
2619
1933
795
121
3440
1023
3313
2352
3493
558
3659
1773
2079
3177
4018
2947
3438
3522
1816
1212
883
483
1188
2875
3547
2322
1507
3554
2673
607
3462
3453
2723
788
2179
3026
3230
352
709
3297
2919
2002
254
371
2463
3763
2083
2335
2339
1902
3055
1507
1723
2799
2672
3334
601
1895
1443
2335
3735
1034
1939
2693
470
2558
3344
3129
579
2554
780
1414
1666
3556
2591
184
13
1410
1159
2781
3394
3453
3653
2147
2938
1399
1073
937
2584
3657
2003
3395
2318
188
2311
681
2138
1180
188
2803
624
2866
306
2394
623
2982
1009
3338
148
2038
2655
2183
1947
1470
3622
853
2979
892
1531
2714
1649
1077
185
2767
3640
3295
1360
531
2922
1169
1343
4056
3246
3295
1876
2730
2029
2518
1808
3518
2661
3858
2119
3329
3966
3608
815
2061
1609
1773
3381
1560
1543
3714
2303
2918
3896
2701
3272
354
3316
2443
661
3478
882
1226
2391
192
2067
614
2956
206
2972
3223
2794
821
3215
3492
2693
1286
862
2935
3511
564
3208
2123
386
2429
2149
2716
68
3421
2006
2005
627
1213
3730
2810
2863
325
2013
1785
1351
1459
3571
416
3600
1746
3802
141
1624
1396
1011
1387
948
2242
3002
3722
2220
3353
3195
3847
3519
1972
3735
2809
1365
451
2084
1411
1245
3373
3229
2170
2778
2508
1984
2181
924
2163
3818
3736
905
2685
3861
1560
3626
2269
2451
2136
3246
2410
2951
2346
3466
1470
1764
1381
1669
1806
1087
2897
1164
1238
2294
3562
2277
3185
3389
2692
3240
2317
3395
1338
2549
1906
2569
3141
2885
800
3644
368
1213
733
3683
1449
2286
3975
3677
1231
1774
2034
1879
653
2493
2516
2549
2833
1766
2331
3406
1749
1945
1588
360
3562
1045
823
980
2306
3693
1999
2785
2462
392
2985
2527
2188
1744
847
1376
2418
3613
2097
2485
3165
506
318
2429
1493
2280
2470
1900
2361
3106
2030
3262
2000
3924
3902
3672
2381
547
2681
2361
49
3081
2715
130
64
3667
672
2364
3484
3444
2110
2571
3885
521
2778
2024
2478
3352
2570
1710
105
2507
10
212
2893
2614
844
570
3215
922
2509
3507
3397
3747
2700
2822
830
3279
3367
3806
1351
1759
2364
280
1028
2553
2567
1523
1017
2244
3346
731
1103
2534
658
2848
2145
2812
3613
3648
498
3931
3239
453
778
4052
583
1982
3190
3185
1571
2749
1648
3188
2853
3377
1975
1069
3093
1857
2203
2639
1396
2024
1666
2328
1565
565
2646
1793
1312
839
3747
588
627
1605
3339
2363
2905
2892
215
3732
3921
1310
1197
2796
3360
2026
2516
617
1938
312
3500
1897
3930
219
1164
618
1831
98
2853
3168
933
606
3487
2319
2819
306
3781
3634
2364
1980
1809
2773
772
1376
2658
3315
2478
2577
959
1070
2466
1671
3313
3098
3693
3679
3111
3013
668
3626
746
3529
2006
1192
2162
354
3542
283
1937
3659
2269
2143
2875
2479
1646
2133
3328
2272
448
1091
1517
1839
2000
3990
2348
3410
428
1337
1010
3395
1348
2302
763
3417
262
3094
509
2449
3556
2788
2125
3475
1999
1274
1261
456
456
2463
1112
1321
322
540
3360
1057
2211
2739
3989
1225
3410
282
1055
2093
1185
3055
1404
3434
496
1937
3341
3137
1496
1367
2562
853
1642
752
960
3120
1424
760
3718
847
2000
3775
529
2763
806
1025
751
1733
2430
1603
1630
2594
178
1306
2657
1706
1958
3455
2702
3235
2443
853
2039
3651
2003
2807
1161
1142
2078
3236
1560
1226
353
1500
3192
2310
924
2678
1291
2099
1634
1279
1358
193
976
2255
519
2339
336
999
3683
1970
976
3590
405
3777
3079
2388
1757
725
1985
1174
1999
2494
379
504
2956
3203
2930
3361
3582
1416
3526
2651
2259
367
3387
745
1218
1561
2680
147
955
1121
1848
1905
2721
1948
2540
1403
3142
1479
1954
3479
30
560
3473
3682
2560
2172
1461
257
358
2812
3777
3206
777
3899
2893
216
2649
2642
2465
3775
3443
2524
29
122
3209
18
1880
3578
659
1132
1569
2407
3810
3304
3504
2473
173
287
723
727
2682
544
2196
461
1600
3083
2478
1743
2638
2447
2208
1035
3966
2933
1961
4028
31
1888
2275
1631
1273
1203
2305
2126
3772
3652
1895
2219
1013
56
2877
1611
410
1788
2823
3534
3899
3991
3350
2155
1124
302
2945
3449
2913
3337
2304
1879
1245
917
1503
114
3010
3609
1925
2825
474
1279
3432
506
1725
2577
27
2216
2255
3408
2786
1589
1839
3658
2861
59
3192
722
565
3400
2349
3913
1698
1757
119
183
142
2745
2658
2253
928
3854
1903
2069
2576
99
932
2871
305
2720
455
2337
3381
1859
679
857
254
899
829
3785
1897
3322
2345
2511
3570
2843
3893
3471
1204
368
615
2306
2276
1888
439
1915
2945
73
3649
2403
3473
2690
2384
1126
2673
1411
2406
1951
2063
1320
1483
231
4040
1133
2884
842
1825
936
1451
2560
2935
2808
3627
1567
2391
2829
2606
3206
3333
227
3557
2967
3615
374
1754
618
3023
3370
760
3508
1851
1098
2572
2883
1758
1320
2096
1961
1125
1872
56
1324
2814
3275
2644
2159
663
65
2217
3496
2042
1562
418
719
3571
1109
3357
2112
685
2164
3537
1448
3520
4014
362
347
3011
3939
2797
1608
3443
3561
1720
3301
2493
1188
2397
3741
2046
1826
1145
1351
436
1411
2961
2216
3239
2871
961
1255
1271
3186
1960
1327
3170
2950
3787
3393
3249
687
323
694
2228
1527
613
1860
1078
2927
1456
1190
1014
409
983
3950
1091
842
2629
3977
231
3363
456
3984
1456
2779
182
437
2907
2332
1109
2088
1235
3412
2812
2488
1340
3005
1832
1476
3329
3560
1582
881
2941
4065
1881
2535
1684
1401
1098
951
2088
800
561
2101
2446
2743
1125
2273
2967
3922
553
3695
2919
2273
2568
690
1115
3929
1159
1934
3052
1579
2524
2282
490
1025
3952
4006
624
3877
2601
2384
2240
2504
3806
2896
455
2728
1730
3193
1662
1570
1223
3174
3369
2741
1489
1666
3157
3879
1532
2539
1484
671
3366
3126
1949
1051
3246
2997
1623
3205
2658
2051
2999
3651
3592
2816
3341
1730
2283
914
108
1499
1539
2770
178
1023
1957
2830
2328
3140
1706
2298
3276
2585
796
1331
1691
3128
3945
2789
666
1925
1098
3115
1477
2868
1101
2875
2744
549
908
3020
842
3711
2121
2666
3546
243
1054
3359
313
440
1533
1882
2301
2987
1952
2899
1761
3344
1875
2024
572
1046
2527
67
3864
3932
2334
3515
633
799
3787
2928
489
1819
3253
1902
3935
2037
2668
1550
3243
1147
225
1479
3139
3513
2942
2998
1907
3486
3023
3597
1706
2081
2489
2148
2510
1339
2196
3209
1382
784
2385
2284
3211
2891
1784
2591
3057
1592
3217
3598
2677
304
2479
2281
3070
3610
927
1987
1401
2019
2194
298
3452
3110
2957
163
1783
892
3781
290
2833
2421
3719
1890
1915
753
3046
2834
2672
285
2296
1274
2479
2089
26
1114
527
3043
1880
2096
2059
3497
1231
1950
1791
2108
2927
3252
2806
2194
771
3621
3101
3905
33
3302
3167
729
2186
63
800
3279
2480
2193
928
1625
1215
3475
1125
3712
3125
3257
1038
399
2715
3685
2236
2110
1370
1340
1714
2012
2629
306
1560
3195
2338
1392
3831
2852
1580
1474
299
1206
1686
2617
3586
3451
3445
898
3981
864
3589
1408
1073
918
1411
2219
3679
929
231
1880
1531
1239
3418
53
3198
3332
2992
402
232
3172
3930
1909
2970
3121
3008
3083
2794
3097
322
2702
934
3772
932
1668
1765
2943
165
2418
1936
1800
4005
3877
2289
2520
3602
2553
2112
2850
3958
3416
963
999
1277
2244
1687
3535
3485
2775
1365
1805
295
550
2563
3170
2814
1237
3813
3378
138
88
2132
512
2590
821
953
796
2621
3740
3494
3349
3112
2252
1878
705
865
3222
1765
2186
401
1198
232
626
1939
3127
3821
3605
1824
1945
881
1573
417
2055
3681
231
677
2371
1141
2851
1729
883
1540
2002
955
2184
3060
3350
1469
1319
513
3694
3247
736
593
2216
2668
3294
1335
648
1003
1604
815
3207
1170
3081
3659
3180
3825
3343
3717
2555
713
3299
3696
1846
3184
2412
3724
514
1201
1784
2000
1463
993
2795
1721
2353
2346
1489
2983
160
3656
524
1055
1960
3708
2626
693
2010
3668
2196
159
3020
1531
394
2280
3590
1562
810
2751
1871
1479
869
3393
1154
1829
2981
1365
1641
2903
1453
986
2359
2158
2828
1682
3728
1986
1601
3637
277
1974
1935
825
3313
2014
3429
2561
1621
2672
1016
990
1698
2773
691
1459
3448
1470
3033
276
1709
2547
1197
530
3241
686
3372
3560
99
3786
770
229
923
2613
3566
260
3288
3670
778
2484
1146
187
2494
3229
2118
709
3392
2309
3511
3152
365
2980
922
2061
3246
1986
1591
948
3322
2820
1845
3171
3187
2663
9
667
3543
3546
2675
2122
3506
3175
3319
2534
1302
703
1152
2733
244
3780
1301
3643
1006
3320
1870
2402
1690
2086
358
2994
2709
1773
161
667
33
2707
2578
554
848
1564
2936
3755
1382
767
1662
2724
3690
500
2927
1207
2258
2723
191
729
2147
1471
2740
1870
2708
2286
1124
2890
698
631
1012
532
1304
769
1357
2237
3117
3683
3575
2456
483
3503
3469
1319
3028
739
323
2885
1259
1914
2502
1869
1881
1499
1333
3540
1303
1873
1809
178
2606
2769
72
3258
1183
1203
149
567
2718
3265
1523
3241
3292
2908
2885
1545
2538
3177
1734
2143
2328
3514
1732
3637
3046
3355
2099
1997
1119
868
3472
2109
3946
985
1186
795
3645
1174
272
352
3138
1846
282
806
3733
1557
3732
2468
2229
3759
746
1738
1655
3885
3115
1309
2799
3928
1427
2465
2763
1361
1089
3376
3234
2222
3068
3434
2188
3000
1143
2230
3306
994
3303
2269
2802
2922
2521
512
1074
2357
1200
2954
2807
1874
1268
2149
1316
949
46
3888
316
3728
2478
1102
3533
2397
2567
1369
331
2517
3702
550
2014
569
1558
460
3260
1611
793
1233
2268
1074
1320
915
1220
1074
153
1885
1341
2832
3921
2475
77
2848
2895
2483
2855
1163
883
2329
166
1244
2119
1107
3632
3931
3465
2083
1537
2712
3077
216
1796
3347
354
3386
1687
1483
3193
2077
428
2778
2552
3821
2560
3735
2134
901
3772
1604
2274
1849
3859
1959
3264
2228
2835
575
1883
2748
2522
947
501
3265
1469
2677
2264
1050
1633
1142
1422
1606
3051
3404
874
629
3748
3484
3686
1245
1167
2128
417
1463
2813
1589
2499
3923
1397
968
2742
3395
1336
2962
4
1288
3287
3538
3719
2383
2356
3314
2894
3577
1627
2940
3284
970
92
3776
2928
1651
2464
1910
3666
2447
1997
4029
2123
991
3857
327
2772
1720
2823
2712
1669
1819
2377
1605
2015
1970
1316
2137
3421
2080
3605
2489
680
1242
1217
400
713
2548
766
3494
1807
2686
2544
1854
3034
3616
3584
1133
551
3635
212
3385
1939
1672
2600
3440
3172
2628
1591
3531
3076
2593
2491
705
860
3670
2689
1274
1616
632
568
1292
3347
2606
3296
3112
2715
3244
2295
1116
1381
1978
2347
1729
2714
3911
3081
527
2583
2097
1065
613
2738
47
1920
3730
2974
1237
1938
2485
2494
537
3148
403
1151
1181
2604
353
1900
392
1869
1387
2586
1462
36
2025
4055
3509
2196
482
1254
1390
930
2579
2801
914
3696
488
1146
22
1928
2023
1570
3328
652
497
2798
107
3606
2077
529
3813
850
3352
1108
1867
1008
2746
915
3751
1293
3191
1126
1162
2170
2597
3248
458
880
1276
1474
556
495
3412
1249
2748
1903
2943
2829
202
695
3500
3097
3738
1183
2759
2896
3142
730
1801
2066
435
3008
1388
4026
9
3141
3380
208
3494
1661
1848
1035
935
1597
3109
3242
1436
3877
3319
1755
3535
3576
2548
896
2536
831
3357
3226
1135
3779
1135
2762
1321
1799
3964
3317
1827
2251
2294
883
885
373
192
345
120
2295
2250
2872
3443
1457
139
2396
2831
3965
1034
2837
2911
1805
1593
1692
1673
1777
3445
1484
2153
3184
192
833
1223
1757
3788
3464
3297
744
1232
3182
1215
3523
2502
3492
3004
1409
3573
2306
1040
1821
4031
2607
3647
2507
1592
3128
1843
1791
2726
637
2983
2271
1866
261
2809
339
3539
3460
2294
190
2959
2471
3503
3583
303
1923
2950
144
3788
2902
2048
2120
28
1907
3962
2004
2850
2004
2539
3195
2320
2683
3041
1898
2897
1604
2201
3814
2523
945
2553
3717
1908
484
3518
3974
726
1566
1572
1199
1694
3002
2929
1347
3929
3342
3388
2346
1941
733
3661
1814
3219
3331
152
2336
1406
2749
3351
2790
1431
535
2585
700
837
2494
2569
1287
732
682
1991
1011
838
3020
2823
2190
1120
313
2015
2521
354
471
1306
2368
1542
2470
1219
1542
540
3565
684
3134
1254
3785
3505
255
2969
1661
3292
3363
2452
875
514
3832
2739
1725
1631
2804
224
1975
1968
3343
123
1005
2822
415
1024
1804
3433
3718
840
1851
173
1668
3769
4001
3407
3675
588
2525
3008
2560
1355
2942
1591
1951
3679
3492
2057
887
1103
1117
1366
3151
3179
731
3461
1775
1010
2214
2772
1452
1752
2022
1362
1042
508
1756
1677
3423
109
2212
1818
2923
3595
1653
282
981
2787
1603
472
3145
817
1639
2386
1730
421
1670
1739
323
2943
801
1575
2423
2926
1959
1134
1573
3557
207
1755
1511
2319
2478
1502
3474
3160
3617
330
1785
2031
3741
945
2468
3613
146
3283
2103
2150
646
691
1438
3058
886
1801
3580
1663
3787
1518
3615
636
2295
1680
2615
2078
3817
1810
513
3532
457
3007
2988
935
1673
2987
36
2421
3197
3605
3164
2150
3180
264
3260
2951
3059
3924
2496
979
2563
1125
2409
2223
911
2661
3930
209
1884
3318
2337
3163
730
3624
2237
3647
1334
540
3400
667
2101
1757
3426
2830
1324
3762
113
3096
161
2596
1033
3961
295
3038
3253
1362
2953
895
1954
3893
1947
3525
2200
817
365
2683
125
920
1964
973
322
3735
1874
2884
3301
359
3211
2354
97
1129
2926
1869
1933
3530
582
1811
2186
1434
1813
2407
2266
1766
2856
615
1039
2259
1747
203
620
3594
3316
2665
1711
715
1414
3725
1293
169
3296
2673
3826
2297
1026
1080
3594
2335
775
669
2104
2393
1616
3408
1827
2590
782
2663
195
1941
127
3937
3039
1163
1578
1833
2290
3474
1580
712
651
3245
93
2190
1165
3457
3326
1151
1306
2280
2127
2548
2211
2865
3392
187
417
3918
2333
3623
3061
746
1015
1106
1320
3837
1452
1911
2835
3294
144
176
2852
3004
1474
3401
2716
1702
2901
3792
266
2622
849
2799
708
3758
3408
1948
1545
2094
1359
620
2228
2495
2906
1662
3031
642
896
3212
1066
1482
659
1112
1229
2479
3154
875
2864
3472
2700
838
2206
950
96
1870
1514
1383
3664
1779
3340
2556
1749
2934
1996
3456
312
3669
1932
726
1731
890
3008
3239
3117
2167
773
2689
3416
3391
4068
1560
504
199
548
1139
3994
484
3364
1624
722
3994
2967
1895
2036
1561
3517
3907
2807
1974
1043
3186
3544
2841
2058
682
1171
1717
2635
408
1910
2550
3327
2735
2824
2719
3349
1225
2141
2521
3749
135
3475
478
1897
2877
256
254
2234
2538
3140
1369
3127
781
2418
1485
2645
685
1701
2797
2502
2007
2581
900
2842
172
1739
1676
1788
3226
2740
3909
303
70
909
1769
1045
787
2955
765
1926
2534
3726
1536
3465
464
1370
2240
272
2452
3023
2332
3038
917
2928
351
1686
2117
3736
982
3546
603
1373
1257
2127
876
1983
2489
2630
1804
3051
1655
46
2816
1062
2406
3161
3789
1429
3261
886
580
502
2309
3383
309
3226
3403
1974
2009
122
535
2525
3986
1966
2572
1152
644
1802
1687
2921
986
1260
2720
2441
1326
3639
121
1146
2949
4120
