883 1456
167 403 284 71 344 420 213 435 399 72 362 142 384 217 103 355 44 1 321 362 353 416 279 82 261 135 340 111 261 417 337 322 425 67 320 403 227 117 329 142 130 339 199 44 335 81 43 361 327 300 162 161 272 349 101 141 276 28 385 260 292 438 351 119 48 343 289 435 249 397 242 191 164 375 241 62 225 32 65 253 154 109 355 181 138 348 77 291 167 130 153 236 248 313 207 39 404 73 399 425 59 390 431 107 98 177 192 40 270 110 49 182 264 74 38 148 202 85 397 260 19 377 263 46 406 260 94 151 13 20 129 217 266 418 250 179 395 27 36 198 162 300 47 292 399 301 127 253 348 160 15 409 22 398 383 67 17 165 141 304 145 199 422 387 345 346 92 130 360 364 391 199 74 95 341 68 352 329 109 336 344 341 105 99 38 237 377 299 284 14 230 364 40 369 394 152 390 106 111 170 346 424 173 330 50 45 108 34 399 279 342 11 321 130 339 87 59 338 116 192 215 192 237 186 418 315 425 420 236 392 424 107 425 430 28 438 92 120 3 155 185 227 27 283 10 8 177 169 210 15 62 223 182 121 236 346 211 425 48 429 296 260 47 370 244 398 32 50 296 31 261 15 295 280 243 413 87 404 408 415 335 253 414 59 278 143 28 263 120 377 37 312 56 384 314 172 37 223 90 375 85 401 72 290 84 410 20 106 184 343 405 387 70 305 195 207 300 409 93 80 276 194 54 93 161 274 252 162 52 227 133 398 101 103 372 17 16 182 5 235 135 324 325 179 163 244 110 7 12 373 27 335 289 97 68 322 187 381 161 394 288 227 20 40 437 157 75 360 137 251 211 373 332 252 284 48 315 360 377 100 270 175 216 344 319 440 432 214 201 400 183 368 392 106 186 249 280 347 168 8 328 401 25 86 76 10 314 174 316 370 401 184 241 218 9 298 434 174 256 335 8 258 197 99 342 266 200 297 67 264 324 186 262 308 23 306 270 416 327 429 20 104 250 331 82 203 104 345 190 39 226 374 98 86 333 42 348 137 409 165 440 17 64 138 136 82 334 125 318 335 48 15 301 250 391 371 162 264 103 429 146 153 232 384 182 222 337 252 169 7 24 39 165 1 56 23 213 363 19 358 397 343 435 397 228 140 251 411 388 117 217 349 106 87 4 263 173 77 331 22 200 375 174 438 23 113 310 412 352 146 338 285 184 334 193 281 413 324 428 169 280 409 116 73 97 377 192 311 172 255 373 138 191 361 250 42 24 155 137 254 278 187 74 153 409 161 264 333 391 381 225 141 425 434 76 51 79 377 68 46 366 180 401 417 421 3 279 300 256 349 432 275 435 398 192 198 294 404 145 266 215 408 123 257 147 156 228 300 439 225 355 197 158 8 384 186 298 224 123 161 62 387 177 240 341 415 345 329 145 335 33 228 315 35 278 315 227 236 218 400 376 303 70 278 25 56 188 186 339 105 103 328 300 56 245 354 427 209 271 437 428 349 97 246 89 48 312 244 282 141 24 149 362 122 11 311 42 112 23 221 11 285 140 410 368 88 8 157 183 120 87 269 164 348 408 236 12 217 22 119 374 183 344 343 114 72 221 436 307 346 191 162 286 409 191 29 47 203 37 437 154 82 234 199 124 8 401 423 264 329 88 366 213 87 298 363 33 82 385 141 121 414 38 155 438 357 318 427 336 145 332 148 99 378 4 133 198 155 339 216 228 254 107 428 394 160 120 434 232 159 112 129 328 359 221 272 288 182 62 413 348 400 437 300 152 238 336 308 237 99 284 314 92 35 214 233 248 37 29 133 213 425 10 28 193 198 76 61 328 225 314 264 35 74 130 122 55 216 20 228 148 8 397 341 198 72 27 53 293 90 42 423 118 220 147 18 167 312 397 109 11 37 141 166 192 275 411 424 95 135 87 138 423 405 216 197 181 155 389 389 326 415 384 288 11 65 418 403 26 162 343 220 270 247 148 139 3 294 396 241 102 348 130
2 303 840
2 589 829
2 400 357
2 60 742
1 213 287
2 849 672
2 286 129
1 410 742
2 408 290
1 27 528
1 261 767
1 326 420
2 480 89
2 515 306
1 221 330
2 848 697
1 220 816
1 40 704
1 152 304
1 231 320
2 139 4
1 129 319
1 146 559
1 590 781
2 131 318
2 204 23
1 603 818
2 226 18
1 8 84
1 154 492
2 4 40
1 240 624
2 129 419
2 461 243
1 390 836
2 663 103
2 462 857
1 612 663
2 881 444
2 699 637
1 688 767
2 860 845
2 548 844
1 337 623
2 830 839
1 203 483
2 23 432
1 70 677
2 304 406
2 815 412
2 316 534
2 292 563
1 54 414
1 420 722
1 86 432
1 384 603
2 334 269
1 643 779
2 296 694
2 865 569
2 205 573
2 711 645
1 231 834
1 139 338
1 296 429
1 304 862
1 93 676
2 453 111
1 87 598
1 565 861
1 272 599
1 59 844
1 529 609
2 159 573
1 66 358
1 229 290
1 48 581
2 24 195
2 673 7
2 450 614
2 417 122
2 769 703
1 568 797
2 823 88
2 690 298
2 190 160
2 474 58
2 403 696
1 259 712
1 69 172
2 643 19
2 463 204
2 14 258
1 191 432
2 489 223
2 335 290
1 58 821
2 529 585
1 423 741
2 785 479
1 124 820
1 564 824
2 221 847
2 302 844
2 326 346
2 518 620
2 494 132
1 170 374
2 379 306
1 199 489
1 205 342
1 193 256
2 879 674
2 59 737
1 117 370
1 156 261
1 609 741
2 189 33
1 303 631
1 153 743
2 530 158
2 684 648
1 561 605
1 108 433
2 640 195
1 93 336
1 178 580
2 271 111
2 240 563
2 450 518
2 793 705
2 207 332
1 709 861
2 870 233
1 630 724
1 190 441
2 272 445
1 372 654
1 4 257
1 205 859
2 553 3
2 733 714
1 336 545
1 63 134
1 522 742
2 102 0
1 1 415
1 337 660
2 515 527
1 116 202
2 873 771
1 519 833
2 592 238
1 240 612
1 322 532
1 27 75
1 280 678
1 591 790
1 104 156
1 510 852
2 693 59
1 342 781
2 283 106
2 296 218
1 193 429
1 272 296
2 263 552
1 46 471
2 515 152
2 448 312
1 680 757
1 230 240
2 2 792
1 239 475
1 140 792
1 509 625
1 491 623
1 221 310
1 2 551
1 246 714
1 106 157
2 130 306
2 285 82
2 357 723
2 580 534
1 196 485
1 758 834
1 410 686
2 488 518
2 857 349
1 139 464
1 646 756
1 343 496
2 784 581
1 438 494
2 478 370
2 38 8
2 646 738
2 787 696
1 694 751
1 529 567
1 396 504
1 464 642
2 181 24
2 714 49
2 79 30
2 396 118
2 651 166
2 449 643
1 270 801
1 722 843
1 584 720
1 374 785
2 345 441
1 509 719
2 654 28
2 773 582
1 241 725
1 82 140
1 187 834
2 369 431
1 482 591
1 197 683
2 36 574
2 360 546
2 852 496
2 854 188
2 406 574
2 726 783
2 626 850
2 225 103
2 325 824
1 400 816
2 549 3
2 760 872
1 352 797
2 404 846
1 212 473
1 352 613
2 873 259
2 20 751
1 325 401
1 319 656
1 655 658
1 25 200
1 436 562
2 418 867
1 122 456
1 223 706
1 124 797
2 81 136
1 233 480
2 405 337
1 177 275
1 321 333
2 495 678
1 186 420
1 157 673
2 463 651
2 760 265
1 400 541
1 476 715
1 353 830
2 771 318
2 609 447
1 75 451
1 300 519
1 27 813
1 13 394
1 388 594
2 535 810
2 825 760
2 631 848
1 201 813
2 507 769
2 137 146
2 639 851
2 256 186
2 1 802
1 120 357
2 787 138
2 544 438
2 753 240
2 486 105
1 261 346
2 57 504
2 249 398
1 224 417
1 244 429
1 156 383
2 177 52
1 454 782
2 346 327
2 52 324
1 558 639
1 8 638
2 389 339
1 127 284
2 696 224
2 196 882
2 207 349
1 325 822
2 555 672
1 180 383
2 454 368
1 406 766
2 253 398
2 58 125
1 616 742
2 733 432
2 364 427
1 553 646
1 256 625
1 143 282
2 471 567
2 555 504
2 231 19
1 262 466
1 295 588
1 301 375
1 92 381
2 494 109
1 623 783
2 81 814
1 83 520
1 568 828
1 223 373
1 571 835
2 261 179
2 489 424
1 76 128
1 273 443
2 788 851
2 343 668
1 380 710
2 621 583
2 1 103
2 542 254
2 425 84
1 1 90
1 77 300
1 83 251
1 484 709
1 322 685
2 299 185
1 39 241
1 596 641
2 442 86
2 75 787
1 22 840
1 504 525
1 669 719
1 131 327
2 90 254
2 125 450
1 111 407
1 267 677
1 42 586
1 224 414
1 672 739
2 502 321
2 338 364
2 57 417
2 364 770
2 77 559
2 111 519
1 225 691
1 425 432
1 713 716
2 190 843
2 197 27
2 668 645
1 442 703
2 240 327
2 210 664
1 130 343
2 844 71
2 135 21
1 12 411
1 61 686
2 51 818
2 58 676
1 365 529
1 93 837
1 81 666
1 269 309
2 509 570
2 150 567
1 3 296
1 206 256
2 252 203
2 625 120
2 512 320
1 77 362
2 639 527
2 209 222
1 569 852
2 86 189
2 810 335
2 397 792
2 246 94
2 59 576
1 781 821
1 142 693
1 527 697
2 580 856
1 97 790
1 695 837
2 49 576
2 874 560
2 206 839
1 219 661
1 8 39
2 16 540
2 403 268
2 851 136
2 587 566
2 760 165
2 375 646
1 393 436
1 669 869
2 860 139
2 544 424
1 128 320
1 764 776
2 396 78
2 258 467
2 604 442
1 334 641
2 727 4
2 757 225
1 472 535
2 29 460
2 774 42
2 782 303
2 759 535
2 685 237
1 41 113
1 30 74
1 307 867
2 509 490
1 142 591
2 867 712
1 81 569
2 429 213
2 796 705
1 57 756
1 395 857
1 589 672
1 195 641
2 703 424
1 4 540
1 21 185
2 101 555
2 573 348
1 239 344
2 753 416
1 713 798
2 158 577
1 735 845
1 294 387
1 152 378
1 526 551
2 566 369
2 23 814
2 234 31
2 866 422
1 53 623
1 204 609
1 133 182
1 206 257
2 737 810
2 5 166
1 248 820
1 309 503
1 131 198
2 745 182
2 17 374
1 334 603
2 168 62
1 155 844
2 289 593
1 68 869
1 194 311
2 470 365
2 690 238
2 704 711
2 613 177
2 731 631
2 508 114
2 302 860
2 408 149
1 97 604
1 822 837
1 250 863
2 555 627
2 300 815
2 130 101
1 122 784
2 469 844
1 208 697
2 706 381
1 409 467
1 133 338
1 133 843
1 133 183
2 36 187
1 308 471
2 86 27
1 689 704
1 404 492
1 513 818
2 532 409
2 553 165
1 145 352
1 291 546
1 262 442
2 609 252
2 810 297
1 91 593
2 21 747
1 112 191
1 14 44
1 295 519
2 470 82
1 432 735
2 611 233
1 604 818
1 34 852
1 542 595
1 778 796
1 359 573
1 20 846
1 137 162
2 139 844
2 743 379
2 125 601
2 613 1
2 13 852
2 580 499
2 169 587
1 343 815
2 213 8
1 122 490
1 569 807
1 179 573
2 528 194
1 119 445
1 187 316
2 553 75
2 102 573
1 487 657
2 649 677
2 677 50
2 137 423
2 101 694
1 123 330
2 70 119
1 90 159
1 79 782
2 150 222
2 495 365
2 335 493
1 670 693
1 491 784
1 57 484
2 160 157
1 21 112
2 344 614
2 368 411
1 746 845
2 641 735
1 51 123
1 695 752
1 80 696
2 294 366
1 12 28
2 568 142
2 6 246
2 762 818
1 211 650
1 355 842
1 126 717
2 595 358
2 34 355
2 151 753
1 106 712
1 33 443
2 434 696
1 651 779
1 38 544
2 200 225
2 116 318
1 331 833
1 200 831
1 449 830
1 49 238
1 141 656
2 506 324
2 767 835
1 245 330
2 24 215
2 331 665
2 83 126
1 268 858
2 640 800
1 64 230
1 162 302
2 721 124
2 693 234
2 87 807
1 98 861
2 552 229
1 504 587
1 547 859
2 347 675
2 817 527
1 704 746
2 358 867
2 234 146
2 752 290
2 266 807
1 280 502
2 514 333
2 134 660
1 428 667
1 579 824
2 522 358
1 139 291
2 753 169
2 509 518
2 80 280
2 369 7
1 121 239
1 319 759
2 751 285
1 33 714
2 351 751
1 118 415
2 103 839
1 306 759
1 463 621
1 60 704
1 239 726
2 565 119
2 844 606
1 281 402
2 381 294
2 796 48
2 538 286
2 833 236
1 186 472
2 616 692
1 769 813
1 170 305
2 55 728
1 534 650
1 663 853
1 161 422
1 115 633
1 847 858
1 270 402
2 705 698
1 284 607
2 12 286
1 447 599
1 354 431
1 60 285
1 241 836
1 513 633
1 64 533
2 290 245
2 366 446
2 464 172
1 545 810
1 504 808
1 396 502
2 353 502
2 601 579
1 69 439
2 399 733
2 496 336
2 257 217
1 107 277
1 353 747
2 438 121
2 881 203
2 447 158
2 420 729
2 494 397
2 386 511
1 125 144
1 498 606
1 319 531
1 514 565
2 177 303
1 561 736
1 137 551
2 27 152
2 446 53
1 222 653
1 313 502
2 200 573
2 712 164
1 126 351
2 85 522
1 37 607
2 346 90
2 459 372
2 531 311
1 511 574
1 334 850
2 843 284
2 851 762
1 585 837
1 734 866
2 295 851
1 471 559
2 813 138
1 105 113
2 640 458
2 708 848
1 699 838
2 338 293
2 65 320
1 203 214
1 285 308
2 463 622
2 447 77
1 646 699
2 27 599
2 551 695
2 710 814
2 499 557
2 239 813
2 46 238
1 19 51
1 292 696
2 112 675
2 257 218
1 477 485
1 108 671
2 410 347
2 749 791
2 817 866
2 24 423
1 151 829
1 16 580
2 54 746
2 463 704
2 803 147
1 88 567
2 508 271
2 739 184
1 599 830
2 272 666
2 30 159
1 660 860
1 112 372
1 602 791
1 390 637
1 283 377
1 33 239
2 306 287
1 168 327
2 151 546
2 674 76
1 350 636
2 388 233
2 455 793
1 237 877
2 462 282
2 738 501
1 586 784
2 355 837
2 769 255
2 571 794
1 95 867
2 734 37
2 64 58
1 343 792
2 192 69
2 192 536
2 733 532
1 369 536
2 465 210
1 302 511
1 434 663
1 328 780
1 209 492
2 94 640
1 117 557
1 276 660
1 115 291
2 230 745
1 431 583
2 57 22
2 24 433
2 8 25
2 373 714
1 35 881
2 879 121
2 704 786
1 427 462
1 435 508
2 393 420
1 55 477
2 753 842
2 169 824
2 431 236
1 618 839
2 394 573
2 695 448
2 106 241
1 713 859
2 740 436
1 614 800
2 141 114
1 18 567
2 500 745
1 245 828
1 714 873
1 291 360
2 395 265
1 188 530
1 498 540
1 541 830
1 89 440
1 304 366
1 65 783
1 98 414
1 137 479
2 425 774
1 618 869
2 864 124
1 262 711
2 245 845
2 791 753
2 769 781
1 305 566
2 763 512
2 802 767
1 87 881
2 147 419
1 127 267
2 551 545
1 275 737
2 387 527
1 20 301
1 274 787
2 312 258
1 103 215
1 54 601
2 876 462
1 282 865
1 454 622
2 719 120
1 104 698
1 214 602
2 55 262
1 432 581
1 327 418
2 228 685
1 318 549
1 524 705
2 24 728
1 28 294
1 723 829
2 862 206
2 19 773
2 151 809
1 273 689
1 191 314
2 772 710
2 724 674
2 838 801
1 69 345
1 45 388
1 203 250
1 556 605
2 495 278
1 731 788
2 783 558
1 503 744
1 35 625
2 477 160
1 27 600
1 120 379
1 298 593
1 273 491
2 437 368
1 25 114
1 140 796
1 204 351
2 380 390
1 166 639
2 426 712
2 825 865
1 19 794
2 641 205
2 56 612
2 298 625
2 38 227
1 655 868
2 143 774
2 190 25
1 10 414
2 82 6
2 100 681
1 106 436
1 66 112
2 390 132
1 39 729
2 244 308
1 361 839
1 17 503
1 574 668
2 170 846
2 584 677
2 333 785
1 528 651
2 419 520
1 198 743
1 334 545
2 381 837
2 746 231
1 36 550
2 503 689
1 525 737
2 87 626
2 491 778
2 554 662
1 518 741
2 664 817
1 180 475
2 617 229
2 82 327
2 643 407
2 504 556
1 128 556
1 236 863
1 546 691
2 720 566
2 762 26
2 342 7
2 242 575
2 710 417
1 170 185
1 209 492
2 383 507
2 840 299
2 79 520
1 290 384
2 205 6
1 239 728
2 174 328
2 2 290
1 247 251
2 441 730
2 730 358
1 134 497
2 534 150
2 472 13
2 117 140
1 637 656
2 503 680
2 480 598
1 443 452
2 92 741
1 660 783
2 123 866
1 199 342
1 15 782
2 484 692
1 231 622
2 502 68
1 237 735
1 106 148
1 559 694
1 278 642
2 465 150
2 265 623
1 450 847
1 163 173
1 187 439
2 702 438
2 476 452
2 61 330
2 708 547
1 137 583
2 341 599
2 501 439
1 99 320
1 540 650
2 860 325
2 480 80
1 521 764
2 148 261
1 744 875
2 571 462
2 844 541
1 390 874
2 555 597
1 62 723
1 399 567
2 446 524
2 196 290
1 550 661
2 343 320
2 200 350
2 134 108
1 382 688
2 643 439
1 47 616
2 620 582
1 328 389
1 156 454
2 550 133
1 73 167
1 58 236
2 119 105
2 370 107
2 51 581
1 466 714
1 38 531
2 531 855
2 428 733
2 499 263
1 420 772
1 161 598
1 248 858
2 16 702
1 166 655
2 749 156
2 170 518
2 534 532
1 154 204
1 723 809
1 10 123
1 421 475
1 307 380
2 684 231
2 245 746
2 437 378
1 587 824
1 427 864
1 113 147
2 117 648
1 644 753
1 290 401
2 294 64
1 112 610
2 525 660
2 359 516
2 440 647
2 131 4
2 153 852
1 107 116
2 608 682
2 569 208
1 510 734
2 170 638
1 124 635
2 392 527
2 568 721
2 389 162
2 605 853
1 221 592
2 205 234
1 158 221
2 559 456
2 624 844
2 182 524
1 141 463
2 511 327
1 84 738
1 34 624
2 803 756
2 581 38
2 513 448
1 404 623
2 683 697
2 292 362
2 787 833
2 864 424
1 711 869
1 701 874
1 23 454
2 41 807
2 175 853
1 272 653
2 18 112
2 820 437
2 38 542
1 294 396
2 140 582
1 108 645
2 726 384
1 153 290
2 459 447
1 383 866
1 512 778
2 490 311
2 652 369
2 594 692
1 115 816
1 31 97
1 715 859
2 557 134
1 495 578
1 230 832
2 505 664
1 59 191
1 515 833
1 344 554
2 282 65
2 317 254
1 512 581
1 158 376
1 144 218
2 699 277
1 137 332
1 476 682
1 240 351
2 494 474
2 791 815
1 315 515
2 593 453
2 191 666
1 257 411
2 32 706
1 481 730
1 505 839
2 604 869
1 637 863
2 362 844
1 635 814
1 40 305
1 200 612
2 825 337
2 721 712
2 585 745
1 410 530
1 227 275
2 233 739
2 509 571
2 408 194
2 765 799
1 769 833
1 443 613
2 629 818
1 689 859
1 203 366
1 127 326
1 540 657
2 551 329
1 305 701
1 323 350
1 356 359
2 674 841
2 880 840
2 521 570
2 480 485
2 633 10
1 493 775
2 372 358
1 102 682
1 795 815
2 672 634
2 66 640
1 75 758
1 52 426
1 214 721
1 406 476
1 701 831
2 71 753
1 373 806
2 186 481
2 553 163
2 235 640
1 327 688
1 251 508
2 321 752
1 308 445
2 648 202
2 240 641
2 95 272
2 824 102
2 737 531
2 128 781
1 763 796
1 159 582
2 89 73
1 337 602
2 771 676
1 15 125
1 23 535
2 249 781
2 532 506
1 42 166
2 116 877
2 202 424
2 596 20
1 136 749
1 455 538
2 516 424
2 375 495
2 862 309
1 392 430
2 708 221
1 670 811
2 112 273
1 212 374
2 644 387
2 741 22
2 380 368
2 104 869
2 477 848
2 181 283
2 449 839
2 583 345
1 108 305
2 623 433
1 115 772
1 84 332
2 672 593
2 701 766
1 57 265
1 241 511
2 630 617
1 176 401
2 800 692
2 665 827
1 100 761
2 739 374
1 403 861
2 723 8
2 639 501
1 122 608
2 93 337
2 274 211
2 541 10
2 773 618
1 768 807
1 516 814
2 478 210
1 69 288
1 524 536
1 393 875
1 63 64
2 571 659
2 805 868
1 158 680
2 95 500
2 25 4
2 101 461
2 793 395
1 432 695
1 280 565
1 429 573
1 538 818
2 254 48
2 708 635
1 125 138
1 80 623
2 326 483
2 239 714
1 231 391
1 291 393
2 64 862
1 606 717
2 417 828
2 693 415
2 493 782
2 622 150
2 223 882
1 237 495
1 523 819
2 68 625
1 614 661
1 476 514
1 95 708
2 704 573
2 505 169
2 394 125
2 64 731
1 31 674
1 46 778
2 380 805
1 182 246
1 197 443
2 732 738
1 97 319
2 371 395
2 81 397
2 794 620
2 132 415
1 170 342
2 711 697
1 461 801
2 130 580
2 378 522
2 323 510
2 106 723
1 13 89
1 47 581
1 596 721
1 193 877
2 677 52
2 493 534
2 605 153
2 178 108
2 87 287
2 138 812
2 203 55
1 559 648
1 839 866
1 124 131
1 591 616
2 744 606
2 748 58
1 376 474
1 256 814
2 780 405
2 846 873
2 278 670
2 607 4
1 335 760
2 700 80
2 209 578
2 460 40
2 726 695
1 171 241
1 122 500
2 61 87
1 19 243
2 197 797
2 774 506
2 506 413
1 614 618
2 857 621
2 298 244
2 381 851
1 186 652
1 252 463
1 786 792
2 603 668
2 303 837
1 325 385
2 156 78
1 335 698
2 713 544
1 366 701
2 630 411
1 116 285
2 65 427
1 3 526
2 728 774
2 746 355
2 608 508
1 826 827
1 562 637
1 102 828
1 600 784
1 171 511
2 664 748
2 619 392
1 274 526
1 365 489
2 134 819
2 481 604
1 435 510
1 585 661
2 45 187
2 484 609
1 176 234
2 191 4
1 75 160
1 32 579
1 286 580
2 865 126
1 243 457
2 815 230
1 147 466
2 664 797
1 73 597
2 315 1
2 634 756
2 350 4
1 40 710
1 512 766
1 355 629
1 48 109
1 40 188
2 241 20
1 297 849
2 666 786
1 462 516
1 248 809
1 44 367
2 155 86
1 759 823
2 164 675
1 145 757
2 318 286
2 249 336
2 309 759
1 283 610
1 549 671
2 839 606
1 523 553
2 667 543
1 185 542
1 169 752
2 642 125
1 230 559
2 347 729
1 281 396
2 82 541
1 77 460
1 381 558
1 688 879
1 272 786
1 438 852
2 383 501
1 513 779
1 302 542
2 445 824
1 313 325
2 834 642
2 341 356
1 523 555
1 224 687
2 149 406
1 445 759
2 654 386
2 141 75
1 406 481
1 336 345
2 50 91
2 401 84
1 243 789
1 66 361
2 363 370
1 472 813
2 346 678
2 466 749
1 92 281
1 608 878
2 244 658
1 16 653
1 518 679
1 241 710
2 646 857
2 243 321
1 1 882
