Huoyu
500
2 1 1000 
2 2 999 
2 3 998 
2 4 997 
2 5 996 
2 6 995 
2 7 994 
2 8 993 
2 9 992 
2 10 991 
2 11 990 
2 12 989 
2 13 988 
2 14 987 
2 15 986 
2 16 985 
2 17 984 
2 18 983 
2 19 982 
2 20 981 
2 21 980 
2 22 979 
2 23 978 
2 24 977 
2 25 976 
2 26 975 
2 27 974 
2 28 973 
2 29 972 
2 30 971 
2 31 970 
2 32 969 
2 33 968 
2 34 967 
2 35 966 
2 36 965 
2 37 964 
2 38 963 
2 39 962 
2 40 961 
2 41 960 
2 42 959 
2 43 958 
2 44 957 
2 45 956 
2 46 955 
2 47 954 
2 48 953 
2 49 952 
2 50 951 
2 51 950 
2 52 949 
2 53 948 
2 54 947 
2 55 946 
2 56 945 
2 57 944 
2 58 943 
2 59 942 
2 60 941 
2 61 940 
2 62 939 
2 63 938 
2 64 937 
2 65 936 
2 66 935 
2 67 934 
2 68 933 
2 69 932 
2 70 931 
2 71 930 
2 72 929 
2 73 928 
2 74 927 
2 75 926 
2 76 925 
2 77 924 
2 78 923 
2 79 922 
2 80 921 
2 81 920 
2 82 919 
2 83 918 
2 84 917 
2 85 916 
2 86 915 
2 87 914 
2 88 913 
2 89 912 
2 90 911 
2 91 910 
2 92 909 
2 93 908 
2 94 907 
2 95 906 
2 96 905 
2 97 904 
2 98 903 
2 99 902 
2 100 901 
2 101 900 
2 102 899 
2 103 898 
2 104 897 
2 105 896 
2 106 895 
2 107 894 
2 108 893 
2 109 892 
2 110 891 
2 111 890 
2 112 889 
2 113 888 
2 114 887 
2 115 886 
2 116 885 
2 117 884 
2 118 883 
2 119 882 
2 120 881 
2 121 880 
2 122 879 
2 123 878 
2 124 877 
2 125 876 
2 126 875 
2 127 874 
2 128 873 
2 129 872 
2 130 871 
2 131 870 
2 132 869 
2 133 868 
2 134 867 
2 135 866 
2 136 865 
2 137 864 
2 138 863 
2 139 862 
2 140 861 
2 141 860 
2 142 859 
2 143 858 
2 144 857 
2 145 856 
2 146 855 
2 147 854 
2 148 853 
2 149 852 
2 150 851 
2 151 850 
2 152 849 
2 153 848 
2 154 847 
2 155 846 
2 156 845 
2 157 844 
2 158 843 
2 159 842 
2 160 841 
2 161 840 
2 162 839 
2 163 838 
2 164 837 
2 165 836 
2 166 835 
2 167 834 
2 168 833 
2 169 832 
2 170 831 
2 171 830 
2 172 829 
2 173 828 
2 174 827 
2 175 826 
2 176 825 
2 177 824 
2 178 823 
2 179 822 
2 180 821 
2 181 820 
2 182 819 
2 183 818 
2 184 817 
2 185 816 
2 186 815 
2 187 814 
2 188 813 
2 189 812 
2 190 811 
2 191 810 
2 192 809 
2 193 808 
2 194 807 
2 195 806 
2 196 805 
2 197 804 
2 198 803 
2 199 802 
2 200 801 
2 201 800 
2 202 799 
2 203 798 
2 204 797 
2 205 796 
2 206 795 
2 207 794 
2 208 793 
2 209 792 
2 210 791 
2 211 790 
2 212 789 
2 213 788 
2 214 787 
2 215 786 
2 216 785 
2 217 784 
2 218 783 
2 219 782 
2 220 781 
2 221 780 
2 222 779 
2 223 778 
2 224 777 
2 225 776 
2 226 775 
2 227 774 
2 228 773 
2 229 772 
2 230 771 
2 231 770 
2 232 769 
2 233 768 
2 234 767 
2 235 766 
2 236 765 
2 237 764 
2 238 763 
2 239 762 
2 240 761 
2 241 760 
2 242 759 
2 243 758 
2 244 757 
2 245 756 
2 246 755 
2 247 754 
2 248 753 
2 249 752 
2 250 751 
2 251 750 
2 252 749 
2 253 748 
2 254 747 
2 255 746 
2 256 745 
2 257 744 
2 258 743 
2 259 742 
2 260 741 
2 261 740 
2 262 739 
2 263 738 
2 264 737 
2 265 736 
2 266 735 
2 267 734 
2 268 733 
2 269 732 
2 270 731 
2 271 730 
2 272 729 
2 273 728 
2 274 727 
2 275 726 
2 276 725 
2 277 724 
2 278 723 
2 279 722 
2 280 721 
2 281 720 
2 282 719 
2 283 718 
2 284 717 
2 285 716 
2 286 715 
2 287 714 
2 288 713 
2 289 712 
2 290 711 
2 291 710 
2 292 709 
2 293 708 
2 294 707 
2 295 706 
2 296 705 
2 297 704 
2 298 703 
2 299 702 
2 300 701 
2 301 700 
2 302 699 
2 303 698 
2 304 697 
2 305 696 
2 306 695 
2 307 694 
2 308 693 
2 309 692 
2 310 691 
2 311 690 
2 312 689 
2 313 688 
2 314 687 
2 315 686 
2 316 685 
2 317 684 
2 318 683 
2 319 682 
2 320 681 
2 321 680 
2 322 679 
2 323 678 
2 324 677 
2 325 676 
2 326 675 
2 327 674 
2 328 673 
2 329 672 
2 330 671 
2 331 670 
2 332 669 
2 333 668 
2 334 667 
2 335 666 
2 336 665 
2 337 664 
2 338 663 
2 339 662 
2 340 661 
2 341 660 
2 342 659 
2 343 658 
2 344 657 
2 345 656 
2 346 655 
2 347 654 
2 348 653 
2 349 652 
2 350 651 
2 351 650 
2 352 649 
2 353 648 
2 354 647 
2 355 646 
2 356 645 
2 357 644 
2 358 643 
2 359 642 
2 360 641 
2 361 640 
2 362 639 
2 363 638 
2 364 637 
2 365 636 
2 366 635 
2 367 634 
2 368 633 
2 369 632 
2 370 631 
2 371 630 
2 372 629 
2 373 628 
2 374 627 
2 375 626 
2 376 625 
2 377 624 
2 378 623 
2 379 622 
2 380 621 
2 381 620 
2 382 619 
2 383 618 
2 384 617 
2 385 616 
2 386 615 
2 387 614 
2 388 613 
2 389 612 
2 390 611 
2 391 610 
2 392 609 
2 393 608 
2 394 607 
2 395 606 
2 396 605 
2 397 604 
2 398 603 
2 399 602 
2 400 601 
2 401 600 
2 402 599 
2 403 598 
2 404 597 
2 405 596 
2 406 595 
2 407 594 
2 408 593 
2 409 592 
2 410 591 
2 411 590 
2 412 589 
2 413 588 
2 414 587 
2 415 586 
2 416 585 
2 417 584 
2 418 583 
2 419 582 
2 420 581 
2 421 580 
2 422 579 
2 423 578 
2 424 577 
2 425 576 
2 426 575 
2 427 574 
2 428 573 
2 429 572 
2 430 571 
2 431 570 
2 432 569 
2 433 568 
2 434 567 
2 435 566 
2 436 565 
2 437 564 
2 438 563 
2 439 562 
2 440 561 
2 441 560 
2 442 559 
2 443 558 
2 444 557 
2 445 556 
2 446 555 
2 447 554 
2 448 553 
2 449 552 
2 450 551 
2 451 550 
2 452 549 
2 453 548 
2 454 547 
2 455 546 
2 456 545 
2 457 544 
2 458 543 
2 459 542 
2 460 541 
2 461 540 
2 462 539 
2 463 538 
2 464 537 
2 465 536 
2 466 535 
2 467 534 
2 468 533 
2 469 532 
2 470 531 
2 471 530 
2 472 529 
2 473 528 
2 474 527 
2 475 526 
2 476 525 
2 477 524 
2 478 523 
2 479 522 
2 480 521 
2 481 520 
2 482 519 
2 483 518 
2 484 517 
2 485 516 
2 486 515 
2 487 514 
2 488 513 
2 489 512 
2 490 511 
2 491 510 
2 492 509 
2 493 508 
2 494 507 
2 495 506 
2 496 505 
2 497 504 
2 498 503 
2 499 502 
2 500 501 
Huoyu
500
2 6 993 
2 26 922 
2 30 920 
2 42 915 
2 63 970 
2 75 971 
2 87 913 
2 127 995 
2 129 964 
2 156 988 
2 170 956 
2 175 909 
2 188 994 
2 3 899 
2 226 935 
2 29 874 
2 51 979 
2 60 898 
2 239 925 
2 32 848 
2 2 937 
2 25 997 
2 12 923 
2 92 980 
2 28 953 
2 38 996 
2 53 975 
2 10 941 
2 70 889 
2 246 998 
2 59 919 
2 41 823 
2 5 926 
2 20 946 
2 13 981 
2 40 921 
2 104 960 
2 14 989 
2 88 916 
2 17 795 
2 21 917 
2 52 942 
2 22 844 
2 116 879 
2 151 955 
2 48 978 
2 124 905 
2 61 783 
2 46 864 
2 67 894 
2 45 839 
2 122 850 
2 157 952 
2 56 944 
2 159 901 
2 115 781 
2 86 986 
2 100 1000 
2 37 982 
2 16 890 
2 71 883 
2 263 987 
2 68 873 
2 79 963 
2 44 959 
2 15 817 
2 11 976 
2 64 974 
2 97 822 
2 1 862 
2 73 861 
2 286 985 
2 72 859 
2 102 940 
2 80 949 
2 65 815 
2 36 912 
2 74 965 
2 110 799 
2 4 826 
2 77 853 
2 295 984 
2 18 977 
2 81 830 
2 107 938 
2 99 930 
2 187 798 
2 95 903 
2 78 951 
2 120 791 
2 23 825 
2 90 833 
2 297 948 
2 27 895 
2 174 804 
2 132 856 
2 103 927 
2 199 737 
2 135 896 
2 128 950 
2 150 754 
2 31 808 
2 113 752 
2 333 924 
2 33 837 
2 212 793 
2 186 829 
2 105 911 
2 221 728 
2 161 840 
2 147 881 
2 173 716 
2 54 806 
2 181 729 
2 339 910 
2 39 764 
2 218 774 
2 49 855 
2 149 759 
2 108 892 
2 142 983 
2 83 887 
2 7 954 
2 82 969 
2 192 842 
2 160 943 
2 34 947 
2 58 933 
2 178 992 
2 194 821 
2 106 878 
2 225 707 
2 69 973 
2 136 831 
2 19 939 
2 89 966 
2 201 836 
2 8 668 
2 409 906 
2 84 749 
2 285 767 
2 91 809 
2 197 751 
2 134 843 
2 143 999 
2 164 820 
2 183 849 
2 200 699 
2 144 800 
2 182 958 
2 176 931 
2 50 888 
2 62 904 
2 208 882 
2 195 819 
2 114 877 
2 242 692 
2 131 968 
2 35 818 
2 191 845 
2 206 660 
2 223 788 
2 230 934 
2 177 914 
2 96 871 
2 76 863 
2 231 869 
2 282 777 
2 125 858 
2 254 680 
2 138 957 
2 47 796 
2 216 807 
2 261 653 
2 269 763 
2 240 902 
2 179 907 
2 123 870 
2 158 828 
2 235 832 
2 283 757 
2 145 854 
2 344 655 
2 146 932 
2 55 784 
2 228 770 
2 288 652 
2 270 740 
2 248 897 
2 234 893 
2 209 778 
2 204 765 
2 284 810 
2 314 726 
2 162 811 
2 358 648 
2 154 884 
2 112 773 
2 244 766 
2 292 639 
2 291 733 
2 253 743 
2 273 885 
2 306 761 
2 219 742 
2 305 771 
2 317 718 
2 190 801 
2 360 588 
2 213 827 
2 121 772 
2 267 724 
2 296 633 
2 309 731 
2 265 705 
2 276 875 
2 338 747 
2 238 725 
2 327 760 
2 371 672 
2 232 762 
2 365 582 
2 262 824 
2 168 675 
2 301 722 
2 340 583 
2 318 713 
2 311 674 
2 298 868 
2 370 684 
2 257 683 
2 337 704 
2 373 670 
2 243 756 
2 366 545 
2 275 812 
2 172 594 
2 329 671 
2 346 550 
2 334 664 
2 319 673 
2 361 865 
2 393 658 
2 279 663 
2 341 690 
2 426 662 
2 250 735 
2 378 537 
2 280 797 
2 184 570 
2 345 640 
2 355 546 
2 376 595 
2 321 642 
2 363 852 
2 394 614 
2 325 654 
2 353 679 
2 433 650 
2 307 727 
2 403 529 
2 407 775 
2 241 549 
2 351 625 
2 369 521 
2 401 560 
2 328 615 
2 374 847 
2 396 486 
2 350 651 
2 384 622 
2 434 630 
2 379 709 
2 417 514 
2 464 769 
2 454 493 
2 368 609 
2 381 520 
2 425 531 
2 348 599 
2 415 814 
2 440 456 
2 387 602 
2 397 575 
2 469 613 
2 386 696 
2 422 508 
2 480 741 
2 487 492 
2 372 608 
2 408 518 
2 447 523 
2 362 564 
2 421 779 
2 411 498 
2 392 589 
2 414 551 
2 484 601 
2 441 688 
2 428 505 
2 500 732 
2 452 554 
2 413 606 
2 443 489 
2 512 524 
2 388 540 
2 449 721 
2 320 559 
2 398 553 
2 436 539 
2 542 600 
2 451 519 
2 473 496 
2 515 714 
2 380 571 
2 423 497 
2 429 461 
2 502 526 
2 391 482 
2 453 691 
2 300 591 
2 410 547 
2 457 534 
2 501 544 
2 460 504 
2 475 479 
2 533 706 
2 316 618 
2 437 490 
2 399 476 
2 495 635 
2 405 442 
2 485 687 
2 258 659 
2 444 528 
2 463 478 
2 481 558 
2 466 507 
2 468 477 
2 552 701 
2 294 643 
2 448 462 
2 395 503 
2 491 649 
2 439 467 
2 516 646 
2 220 665 
2 470 509 
2 431 483 
2 458 578 
2 445 556 
2 438 536 
2 573 694 
2 264 676 
2 424 506 
2 383 541 
2 465 657 
2 419 525 
2 577 620 
2 214 693 
2 471 499 
2 402 511 
2 427 586 
2 435 561 
2 367 572 
2 538 574 
2 259 689 
2 385 566 
2 347 548 
2 459 677 
2 412 530 
2 579 598 
2 211 736 
2 472 535 
2 377 527 
2 416 621 
2 430 562 
2 356 581 
2 522 611 
2 229 730 
2 357 616 
2 332 557 
2 389 678 
2 274 532 
2 593 597 
2 189 776 
2 450 543 
2 354 563 
2 336 632 
2 400 568 
2 343 631 
2 494 617 
2 224 768 
2 313 623 
2 312 585 
2 375 717 
2 236 555 
2 590 603 
2 180 794 
2 432 592 
2 335 567 
2 326 637 
2 390 580 
2 331 636 
2 488 739 
2 222 785 
2 303 629 
2 308 587 
2 359 738 
2 233 610 
2 584 607 
2 169 802 
2 420 604 
2 255 569 
2 324 667 
2 342 596 
2 289 682 
2 474 755 
2 205 876 
2 302 634 
2 266 702 
2 352 745 
2 101 627 
2 565 612 
2 167 838 
2 418 641 
2 215 576 
2 323 686 
2 281 605 
2 287 697 
2 406 835 
2 202 880 
2 245 681 
2 247 786 
2 349 753 
2 93 669 
2 517 624 
2 130 841 
2 382 644 
2 171 645 
2 322 700 
2 260 619 
2 277 703 
2 404 928 
2 193 886 
2 237 698 
2 196 846 
2 293 782 
2 57 708 
2 513 626 
2 119 860 
2 330 685 
2 166 661 
2 290 719 
2 249 638 
2 271 748 
2 364 929 
2 163 900 
2 210 715 
2 140 872 
2 278 816 
2 43 723 
2 510 628 
2 118 866 
2 310 711 
2 165 695 
2 272 750 
2 227 666 
2 203 789 
2 315 945 
2 155 962 
2 148 734 
2 133 908 
2 268 851 
2 24 805 
2 455 647 
2 111 867 
2 304 712 
2 117 744 
2 252 792 
2 141 710 
2 185 790 
2 217 967 
2 153 972 
2 85 780 
2 126 918 
2 256 857 
2 9 834 
2 446 656 
2 109 891 
2 299 746 
2 98 758 
2 251 803 
2 139 720 
2 152 813 
2 198 991 
2 137 990 
2 66 787 
2 94 936 
2 207 961 
Huoyu
500
2 24 1000 
2 49 934 
2 51 907 
2 69 964 
2 73 883 
2 17 952 
2 107 820 
2 30 996 
2 2 995 
2 1 979 
2 4 973 
2 58 970 
2 23 992 
2 81 977 
2 7 950 
2 59 921 
2 64 959 
2 94 968 
2 14 984 
2 28 993 
2 36 944 
2 168 787 
2 70 990 
2 25 903 
2 60 912 
2 88 989 
2 172 751 
2 99 926 
2 40 897 
2 8 961 
2 38 938 
2 26 953 
2 80 955 
2 104 967 
2 15 945 
2 48 998 
2 11 920 
2 44 918 
2 22 971 
2 29 951 
2 178 724 
2 119 862 
2 43 975 
2 85 974 
2 13 909 
2 75 830 
2 46 919 
2 79 911 
2 228 681 
2 123 853 
2 68 931 
2 97 942 
2 39 875 
2 77 826 
2 54 902 
2 108 895 
2 233 997 
2 53 666 
2 158 848 
2 95 910 
2 111 988 
2 16 980 
2 98 898 
2 106 994 
2 57 946 
2 109 923 
2 42 829 
2 145 956 
2 27 940 
2 6 894 
2 138 892 
2 50 874 
2 121 819 
2 61 890 
2 127 870 
2 261 987 
2 65 663 
2 193 834 
2 166 889 
2 115 963 
2 41 965 
2 113 885 
2 125 986 
2 66 943 
2 110 917 
2 47 822 
2 202 936 
2 93 939 
2 18 888 
2 140 877 
2 62 981 
2 185 876 
2 148 947 
2 5 887 
2 165 859 
2 270 985 
2 130 660 
2 206 813 
2 194 831 
2 133 929 
2 96 914 
2 10 960 
2 196 872 
2 173 915 
2 56 978 
2 76 935 
2 131 886 
2 74 816 
2 210 930 
2 101 925 
2 34 852 
2 163 867 
2 72 972 
2 32 841 
2 122 809 
2 71 991 
2 19 861 
2 181 817 
2 286 982 
2 136 648 
2 215 742 
2 223 794 
2 142 878 
2 126 825 
2 52 999 
2 33 821 
2 151 782 
2 114 983 
2 20 838 
2 217 790 
2 288 933 
2 170 639 
2 250 739 
2 252 763 
2 147 851 
2 155 823 
2 55 969 
2 35 766 
2 153 776 
2 139 976 
2 21 837 
2 247 780 
2 292 901 
2 240 621 
2 259 726 
2 349 757 
2 159 791 
2 174 805 
2 84 962 
2 116 765 
2 200 768 
2 156 958 
2 37 827 
2 254 704 
2 344 880 
2 243 618 
2 274 705 
2 355 745 
2 190 773 
2 187 795 
2 100 941 
2 129 759 
2 214 761 
2 157 957 
2 128 806 
2 260 688 
2 356 868 
2 359 605 
2 277 693 
2 405 706 
2 218 772 
2 192 767 
2 105 908 
2 160 754 
2 234 758 
2 207 937 
2 152 750 
2 299 686 
2 365 847 
2 375 596 
2 86 924 
2 124 913 
2 83 849 
2 180 833 
2 92 932 
2 12 954 
2 213 860 
2 182 906 
2 63 949 
2 91 884 
2 143 856 
2 150 797 
2 219 966 
2 283 690 
2 415 700 
2 276 720 
2 251 703 
2 167 879 
2 221 740 
2 262 714 
2 244 871 
2 161 747 
2 335 671 
2 401 844 
2 410 575 
2 132 916 
2 135 905 
2 3 682 
2 323 694 
2 258 695 
2 169 873 
2 225 730 
2 314 710 
2 245 866 
2 231 722 
2 337 661 
2 411 818 
2 412 568 
2 137 904 
2 197 900 
2 9 676 
2 389 687 
2 339 684 
2 179 865 
2 236 711 
2 315 708 
2 248 832 
2 241 673 
2 396 634 
2 456 762 
2 437 550 
2 141 893 
2 198 855 
2 31 664 
2 393 683 
2 347 670 
2 239 808 
2 267 685 
2 378 697 
2 256 749 
2 290 638 
2 423 617 
2 459 743 
2 443 527 
2 226 869 
2 201 850 
2 112 620 
2 395 665 
2 377 647 
2 249 803 
2 268 646 
2 388 626 
2 295 675 
2 306 615 
2 434 594 
2 468 736 
2 447 512 
2 229 857 
2 203 842 
2 118 577 
2 402 644 
2 384 637 
2 257 796 
2 293 623 
2 407 604 
2 308 658 
2 324 545 
2 479 587 
2 469 735 
2 495 519 
2 255 810 
2 209 840 
2 146 564 
2 450 630 
2 386 619 
2 287 721 
2 320 622 
2 409 592 
2 326 643 
2 325 534 
2 494 574 
2 489 728 
2 481 526 
2 266 798 
2 242 839 
2 195 561 
2 460 627 
2 422 609 
2 331 556 
2 353 600 
2 426 589 
2 385 633 
2 328 503 
2 533 570 
2 501 727 
2 478 537 
2 279 788 
2 278 815 
2 212 536 
2 467 517 
2 441 590 
2 334 508 
2 372 586 
2 449 552 
2 425 573 
2 476 498 
2 507 562 
2 535 601 
2 471 539 
2 322 716 
2 298 800 
2 246 522 
2 497 504 
2 444 580 
2 354 496 
2 383 529 
2 486 525 
2 475 572 
2 482 484 
2 419 631 
2 579 582 
2 470 540 
2 340 657 
2 304 779 
2 336 502 
2 500 516 
2 457 566 
2 357 455 
2 408 493 
2 488 514 
2 485 558 
2 483 490 
2 418 636 
2 551 595 
2 463 560 
2 368 645 
2 342 764 
2 361 474 
2 465 524 
2 515 559 
2 362 440 
2 461 506 
2 491 511 
2 492 557 
2 464 548 
2 414 653 
2 480 608 
2 433 602 
2 369 625 
2 367 741 
2 428 472 
2 427 541 
2 530 549 
2 391 451 
2 454 509 
2 380 603 
2 518 547 
2 436 581 
2 400 662 
2 477 640 
2 387 616 
2 399 597 
2 403 669 
2 431 452 
2 416 544 
2 505 571 
2 330 458 
2 421 521 
2 358 606 
2 513 585 
2 398 611 
2 373 672 
2 364 723 
2 376 624 
2 435 593 
2 404 668 
2 448 510 
2 413 553 
2 424 584 
2 319 462 
2 390 531 
2 343 614 
2 473 599 
2 382 641 
2 360 679 
2 363 729 
2 374 632 
2 442 588 
2 420 635 
2 406 523 
2 394 554 
2 417 678 
2 183 520 
2 379 565 
2 327 651 
2 446 613 
2 381 691 
2 350 738 
2 333 774 
2 352 654 
2 466 555 
2 429 612 
2 332 567 
2 317 578 
2 397 692 
2 164 542 
2 366 598 
2 301 652 
2 313 696 
2 371 701 
2 348 744 
2 310 783 
2 341 713 
2 487 528 
2 432 610 
2 312 576 
2 303 628 
2 370 707 
2 144 712 
2 346 656 
2 291 677 
2 280 698 
2 282 709 
2 318 771 
2 289 801 
2 311 731 
2 453 543 
2 445 569 
2 305 629 
2 271 659 
2 321 717 
2 134 737 
2 338 667 
2 273 689 
2 263 699 
2 275 715 
2 297 775 
2 284 804 
2 309 752 
2 439 607 
2 538 546 
2 294 650 
2 224 719 
2 300 756 
2 120 789 
2 329 733 
2 269 732 
2 149 702 
2 235 718 
2 281 777 
2 238 812 
2 307 753 
2 392 642 
2 532 563 
2 253 655 
2 208 734 
2 220 769 
2 103 828 
2 296 891 
2 232 746 
2 90 792 
2 199 725 
2 237 836 
2 211 814 
2 302 770 
2 351 781 
2 499 583 
2 176 674 
2 189 748 
2 216 778 
2 82 835 
2 285 922 
2 227 760 
2 89 793 
2 184 807 
2 205 845 
2 171 843 
2 264 785 
2 345 881 
2 438 591 
2 175 680 
2 188 784 
2 204 802 
2 78 882 
2 272 927 
2 222 824 
2 87 854 
2 102 896 
2 177 864 
2 154 846 
2 230 786 
2 316 899 
2 430 649 
2 117 755 
2 186 799 
2 162 811 
2 45 928 
2 265 948 
2 191 858 
2 67 863 
Huoyu
30
882 1 31 32 33 34 35 36 37 38 39 40 41 42 43 44 45 46 47 48 49 50 51 52 53 54 55 56 57 58 59 60 61 62 63 64 65 66 67 68 69 70 72 73 74 75 76 77 78 79 80 81 82 83 84 86 87 88 89 90 91 92 93 94 95 96 97 98 99 100 101 102 103 104 105 106 107 108 109 110 111 112 113 114 115 116 117 118 119 120 121 122 123 124 125 127 128 129 130 131 132 133 134 135 137 138 139 140 141 142 143 145 146 147 148 149 150 151 152 153 154 155 156 157 158 159 160 161 162 163 164 165 166 168 169 170 171 172 173 174 175 176 177 178 179 180 181 182 183 184 185 186 187 188 189 190 191 192 193 194 195 196 197 198 199 200 201 202 203 204 205 206 207 208 209 210 211 212 213 214 215 216 217 218 219 220 221 222 223 224 225 226 227 228 229 230 231 232 233 234 235 236 237 238 239 240 241 242 243 244 245 246 247 248 249 250 251 252 253 254 255 256 257 258 259 260 261 262 263 264 265 266 267 268 269 270 271 272 273 274 275 276 277 278 279 280 281 282 283 284 285 286 287 288 290 291 292 293 294 295 296 297 298 299 300 301 302 303 304 305 307 308 309 310 311 312 313 314 315 316 317 318 319 320 321 322 323 324 325 327 328 330 331 332 333 334 335 336 337 338 339 340 342 343 344 345 346 347 348 349 350 351 352 353 354 355 356 357 358 359 360 361 362 363 364 365 366 367 368 369 370 371 372 373 374 375 376 377 379 380 381 382 383 384 385 386 387 388 389 390 391 392 393 394 395 396 397 398 399 400 401 402 403 404 405 406 407 408 409 410 411 412 413 414 415 416 417 418 419 420 421 422 423 424 425 426 427 428 429 430 431 432 433 434 435 436 437 438 439 440 441 442 443 444 445 446 447 448 449 450 451 452 453 454 455 456 457 458 459 460 461 462 463 464 465 466 467 468 469 470 471 472 473 474 475 476 477 478 479 480 481 482 483 484 485 486 487 488 489 490 491 492 493 494 495 496 497 498 499 500 501 502 503 504 505 506 507 508 509 510 511 512 513 514 515 517 518 519 521 522 523 524 525 527 528 529 530 531 532 533 534 535 536 537 539 540 541 542 543 544 545 546 547 548 549 550 551 552 553 554 555 556 557 558 559 560 562 563 564 565 566 567 568 569 570 571 572 573 574 575 576 577 578 579 580 581 582 583 584 585 586 587 588 589 590 591 592 593 594 595 596 597 598 599 600 601 602 603 604 605 606 607 608 609 610 611 612 613 614 615 616 617 618 619 620 621 622 623 624 625 626 627 628 629 630 631 632 633 634 635 636 637 638 639 640 641 642 643 644 645 646 647 648 649 650 651 652 653 654 655 656 657 658 659 660 661 662 663 664 665 666 667 668 669 670 671 672 673 674 675 676 677 678 679 680 681 682 684 685 687 688 689 690 691 692 694 695 696 697 698 699 700 701 702 703 704 705 706 707 708 709 710 711 713 714 715 716 717 718 719 720 721 722 723 724 725 726 727 728 729 730 731 732 733 734 735 736 737 738 739 740 741 742 743 744 745 746 747 748 749 750 751 752 753 754 755 756 758 759 760 761 762 763 765 766 767 768 769 770 771 772 773 776 777 778 779 780 781 782 783 784 785 786 787 788 789 790 791 792 793 794 795 796 797 798 799 800 801 802 803 804 805 806 807 808 809 810 811 812 813 814 815 816 817 818 819 820 821 822 823 824 825 826 827 828 829 830 831 833 834 835 836 837 838 839 840 841 842 843 844 845 846 847 848 849 850 851 852 853 854 855 857 858 859 860 861 862 863 864 865 866 867 868 869 870 871 872 873 874 875 877 878 879 880 881 882 883 884 885 886 887 888 889 890 891 892 893 894 895 896 897 898 899 900 901 902 903 904 906 907 908 909 910 911 912 913 914 915 916 917 918 919 920 921 922 923 924 925 926 927 928 929 930 931 932 933 934 935 936 937 938 939 940 
2 2 905 
2 3 876 
2 4 856 
2 5 832 
2 6 775 
2 7 774 
2 8 764 
2 9 757 
2 10 712 
2 11 693 
2 12 686 
2 13 683 
2 14 561 
2 15 538 
2 16 526 
2 17 520 
2 18 516 
2 19 378 
2 20 341 
2 21 329 
2 22 326 
2 23 306 
2 24 289 
2 25 167 
2 26 144 
2 27 136 
2 28 126 
2 29 85 
62 30 71 941 942 943 944 945 946 947 948 949 950 951 952 953 954 955 956 957 958 959 960 961 962 963 964 965 966 967 968 969 970 971 972 973 974 975 976 977 978 979 980 981 982 983 984 985 986 987 988 989 990 991 992 993 994 995 996 997 998 999 1000 
Huoyu
20
937 1 21 22 23 24 25 26 27 28 29 30 31 32 33 34 35 36 37 38 39 40 41 42 43 44 45 46 47 48 49 50 51 52 53 54 55 56 57 58 59 60 61 62 63 64 65 66 67 68 69 70 71 72 73 74 75 76 77 78 79 80 81 82 83 84 85 86 87 88 89 90 91 92 93 94 95 96 97 98 99 100 101 102 103 104 105 106 107 108 109 110 111 112 113 114 115 116 117 118 119 120 122 123 124 125 126 127 128 129 130 131 132 133 134 135 136 137 138 139 140 141 142 143 144 145 146 147 148 149 150 151 152 153 154 155 156 157 158 159 160 161 162 163 164 165 166 167 168 169 170 171 172 173 174 175 176 177 178 179 180 181 182 183 184 185 186 187 188 189 190 191 192 193 194 195 196 197 198 199 200 201 202 203 204 205 206 207 208 209 210 211 213 214 215 216 217 218 219 220 221 222 223 224 225 226 227 228 229 230 231 232 233 234 235 236 237 238 239 240 241 242 243 244 245 246 247 248 249 250 251 252 253 254 255 256 257 258 259 260 261 262 263 264 265 266 268 269 270 272 273 274 275 276 277 278 279 280 281 282 283 284 285 286 287 288 289 290 291 292 293 295 296 297 298 299 300 301 302 303 304 305 306 307 308 309 310 311 312 313 314 315 316 317 318 319 320 321 322 323 325 326 327 328 329 330 331 332 333 334 335 336 337 338 339 340 341 342 343 344 345 346 347 348 349 350 351 352 353 354 355 356 357 358 359 360 361 362 363 366 367 368 369 370 371 372 373 374 375 376 377 378 379 380 381 382 383 384 385 386 387 388 389 390 391 392 393 394 395 396 397 398 399 400 401 402 403 404 405 406 407 408 409 410 411 412 413 414 415 416 417 418 419 420 421 422 423 424 425 426 427 428 429 430 432 433 434 435 436 437 438 439 440 441 442 443 444 445 446 447 448 450 451 452 453 454 455 456 457 458 459 460 461 462 463 464 465 466 467 468 469 470 471 472 473 474 475 476 477 478 479 480 481 482 483 484 485 486 487 488 489 490 491 492 493 494 495 496 497 498 499 500 501 502 503 504 505 506 507 508 509 510 511 512 513 514 515 516 517 518 519 520 521 522 523 524 525 526 527 528 529 530 531 532 533 534 535 536 537 538 539 540 541 542 543 544 545 546 547 548 549 550 551 552 554 555 556 557 558 559 560 561 562 563 564 565 566 567 568 569 570 571 572 573 574 575 576 577 578 579 580 581 582 583 584 585 586 587 588 589 590 591 592 593 594 595 596 597 598 599 600 601 602 603 604 605 606 607 608 609 610 611 612 613 614 615 616 617 618 619 620 621 622 623 624 625 626 628 629 630 631 632 633 634 635 636 637 638 639 640 641 642 643 644 645 646 647 648 649 650 651 652 653 654 655 656 657 658 659 660 661 662 663 664 665 666 667 668 669 670 671 672 673 674 675 676 677 678 679 680 681 682 683 684 686 687 688 689 690 691 692 693 694 695 696 697 698 699 700 701 702 703 704 705 706 707 709 710 711 712 713 714 715 716 717 718 719 720 721 722 723 724 725 726 727 728 729 730 731 732 733 734 735 736 737 738 739 740 741 742 743 744 745 746 747 748 749 750 751 752 753 754 755 756 757 758 759 760 761 762 763 764 765 766 767 769 770 771 772 773 774 775 777 778 779 780 781 782 783 784 785 786 787 788 789 790 791 792 793 794 795 796 797 798 799 800 801 802 803 804 805 806 807 808 809 810 811 812 813 814 815 816 817 818 819 820 821 822 823 824 825 827 828 829 830 831 832 833 834 835 836 837 838 839 840 841 842 843 844 845 846 847 848 849 850 851 852 853 854 855 856 857 858 859 860 861 862 863 864 865 866 867 868 869 870 871 872 873 874 875 876 877 878 879 880 881 882 883 884 885 886 887 888 889 890 891 892 893 894 895 896 897 898 899 900 901 902 903 904 905 906 907 908 909 910 911 912 913 914 915 916 917 918 919 920 921 922 925 926 927 928 929 930 931 932 933 934 935 936 937 938 939 940 941 942 943 944 945 946 947 948 949 950 951 952 953 954 955 956 957 958 959 960 961 962 963 964 965 966 967 968 969 970 971 972 973 974 975 
2 2 924 
2 3 923 
2 4 826 
2 5 776 
2 6 768 
2 7 708 
2 8 685 
2 9 627 
2 10 553 
2 11 449 
2 12 431 
2 13 365 
2 14 364 
2 15 324 
2 16 294 
2 17 271 
2 18 267 
2 19 212 
27 20 121 976 977 978 979 980 981 982 983 984 985 986 987 988 989 990 991 992 993 994 995 996 997 998 999 1000 
Huoyu
1
1000 1 2 3 4 5 6 7 8 9 10 11 12 13 14 15 16 17 18 19 20 21 22 23 24 25 26 27 28 29 30 31 32 33 34 35 36 37 38 39 40 41 42 43 44 45 46 47 48 49 50 51 52 53 54 55 56 57 58 59 60 61 62 63 64 65 66 67 68 69 70 71 72 73 74 75 76 77 78 79 80 81 82 83 84 85 86 87 88 89 90 91 92 93 94 95 96 97 98 99 100 101 102 103 104 105 106 107 108 109 110 111 112 113 114 115 116 117 118 119 120 121 122 123 124 125 126 127 128 129 130 131 132 133 134 135 136 137 138 139 140 141 142 143 144 145 146 147 148 149 150 151 152 153 154 155 156 157 158 159 160 161 162 163 164 165 166 167 168 169 170 171 172 173 174 175 176 177 178 179 180 181 182 183 184 185 186 187 188 189 190 191 192 193 194 195 196 197 198 199 200 201 202 203 204 205 206 207 208 209 210 211 212 213 214 215 216 217 218 219 220 221 222 223 224 225 226 227 228 229 230 231 232 233 234 235 236 237 238 239 240 241 242 243 244 245 246 247 248 249 250 251 252 253 254 255 256 257 258 259 260 261 262 263 264 265 266 267 268 269 270 271 272 273 274 275 276 277 278 279 280 281 282 283 284 285 286 287 288 289 290 291 292 293 294 295 296 297 298 299 300 301 302 303 304 305 306 307 308 309 310 311 312 313 314 315 316 317 318 319 320 321 322 323 324 325 326 327 328 329 330 331 332 333 334 335 336 337 338 339 340 341 342 343 344 345 346 347 348 349 350 351 352 353 354 355 356 357 358 359 360 361 362 363 364 365 366 367 368 369 370 371 372 373 374 375 376 377 378 379 380 381 382 383 384 385 386 387 388 389 390 391 392 393 394 395 396 397 398 399 400 401 402 403 404 405 406 407 408 409 410 411 412 413 414 415 416 417 418 419 420 421 422 423 424 425 426 427 428 429 430 431 432 433 434 435 436 437 438 439 440 441 442 443 444 445 446 447 448 449 450 451 452 453 454 455 456 457 458 459 460 461 462 463 464 465 466 467 468 469 470 471 472 473 474 475 476 477 478 479 480 481 482 483 484 485 486 487 488 489 490 491 492 493 494 495 496 497 498 499 500 501 502 503 504 505 506 507 508 509 510 511 512 513 514 515 516 517 518 519 520 521 522 523 524 525 526 527 528 529 530 531 532 533 534 535 536 537 538 539 540 541 542 543 544 545 546 547 548 549 550 551 552 553 554 555 556 557 558 559 560 561 562 563 564 565 566 567 568 569 570 571 572 573 574 575 576 577 578 579 580 581 582 583 584 585 586 587 588 589 590 591 592 593 594 595 596 597 598 599 600 601 602 603 604 605 606 607 608 609 610 611 612 613 614 615 616 617 618 619 620 621 622 623 624 625 626 627 628 629 630 631 632 633 634 635 636 637 638 639 640 641 642 643 644 645 646 647 648 649 650 651 652 653 654 655 656 657 658 659 660 661 662 663 664 665 666 667 668 669 670 671 672 673 674 675 676 677 678 679 680 681 682 683 684 685 686 687 688 689 690 691 692 693 694 695 696 697 698 699 700 701 702 703 704 705 706 707 708 709 710 711 712 713 714 715 716 717 718 719 720 721 722 723 724 725 726 727 728 729 730 731 732 733 734 735 736 737 738 739 740 741 742 743 744 745 746 747 748 749 750 751 752 753 754 755 756 757 758 759 760 761 762 763 764 765 766 767 768 769 770 771 772 773 774 775 776 777 778 779 780 781 782 783 784 785 786 787 788 789 790 791 792 793 794 795 796 797 798 799 800 801 802 803 804 805 806 807 808 809 810 811 812 813 814 815 816 817 818 819 820 821 822 823 824 825 826 827 828 829 830 831 832 833 834 835 836 837 838 839 840 841 842 843 844 845 846 847 848 849 850 851 852 853 854 855 856 857 858 859 860 861 862 863 864 865 866 867 868 869 870 871 872 873 874 875 876 877 878 879 880 881 882 883 884 885 886 887 888 889 890 891 892 893 894 895 896 897 898 899 900 901 902 903 904 905 906 907 908 909 910 911 912 913 914 915 916 917 918 919 920 921 922 923 924 925 926 927 928 929 930 931 932 933 934 935 936 937 938 939 940 941 942 943 944 945 946 947 948 949 950 951 952 953 954 955 956 957 958 959 960 961 962 963 964 965 966 967 968 969 970 971 972 973 974 975 976 977 978 979 980 981 982 983 984 985 986 987 988 989 990 991 992 993 994 995 996 997 998 999 1000
Huoyu
483
36 1 484 485 486 487 488 489 490 491 492 493 494 495 496 497 498 499 500 509 514 522 582 598 605 609 621 655 657 738 792 795 873 882 953 993 999 
2 2 959 
2 3 957 
2 4 923 
2 5 910 
2 6 895 
2 7 892 
2 8 980 
2 9 870 
2 10 982 
2 11 955 
2 12 998 
2 13 864 
2 14 939 
2 15 942 
2 16 946 
2 17 970 
2 18 840 
2 19 904 
2 20 912 
2 21 936 
2 22 928 
2 23 839 
2 24 888 
2 25 903 
2 26 930 
2 27 977 
2 28 900 
2 29 838 
2 30 871 
2 31 890 
2 32 951 
2 33 979 
2 34 878 
2 35 950 
2 36 968 
2 37 889 
2 38 991 
2 39 818 
2 40 865 
2 41 884 
2 42 909 
2 43 971 
2 44 876 
2 45 984 
2 46 899 
2 47 972 
2 48 932 
2 49 997 
2 50 808 
2 51 963 
2 52 805 
2 53 863 
2 54 877 
2 55 886 
2 56 986 
2 57 962 
2 58 852 
2 59 983 
2 60 879 
2 61 990 
2 62 945 
2 63 913 
2 64 966 
2 65 797 
2 66 937 
2 67 996 
2 68 790 
2 69 995 
2 70 862 
2 71 856 
2 72 867 
2 73 969 
2 74 929 
2 75 832 
2 76 1000 
2 77 973 
2 78 994 
2 79 868 
2 80 952 
2 81 931 
2 82 906 
2 83 896 
2 84 975 
2 85 777 
2 86 988 
2 87 919 
2 88 956 
2 89 789 
2 90 985 
2 91 819 
2 92 834 
2 93 859 
2 94 902 
2 95 921 
2 96 828 
2 97 949 
2 98 960 
2 99 987 
2 100 810 
2 101 981 
2 102 947 
2 103 922 
2 104 893 
2 105 965 
2 106 836 
2 107 989 
2 108 964 
2 109 754 
2 110 967 
2 111 872 
2 112 908 
2 113 784 
2 114 978 
2 115 800 
2 116 831 
2 117 851 
2 118 897 
2 119 920 
2 120 821 
2 121 941 
2 122 924 
2 123 958 
2 124 791 
2 125 976 
2 126 934 
2 127 901 
2 128 891 
2 129 916 
2 130 814 
2 131 948 
2 132 935 
2 133 992 
2 134 743 
2 135 944 
2 136 861 
2 137 898 
2 138 762 
2 139 918 
2 140 787 
2 141 798 
2 142 841 
2 143 855 
2 144 824 
2 145 801 
2 146 854 
2 147 911 
2 148 954 
2 149 774 
2 150 961 
2 151 881 
2 152 883 
2 153 857 
2 154 914 
2 155 803 
2 156 933 
2 157 915 
2 158 974 
2 159 724 
2 160 926 
2 161 815 
2 162 844 
2 163 739 
2 164 874 
2 165 750 
2 166 793 
2 167 833 
2 168 849 
2 169 812 
2 170 747 
2 171 827 
2 172 866 
2 173 823 
2 174 741 
2 175 940 
2 176 869 
2 177 875 
2 178 811 
2 179 887 
2 180 799 
2 181 927 
2 182 847 
2 183 943 
2 184 722 
2 185 925 
2 186 770 
2 187 829 
2 188 726 
2 189 860 
2 190 712 
2 191 783 
2 192 825 
2 193 816 
2 194 806 
2 195 742 
2 196 820 
2 197 846 
2 198 796 
2 199 710 
2 200 848 
2 201 769 
2 202 779 
2 203 778 
2 204 843 
2 205 782 
2 206 880 
2 207 837 
2 208 938 
2 209 721 
2 210 917 
2 211 756 
2 212 826 
2 213 703 
2 214 853 
2 215 700 
2 216 773 
2 217 804 
2 218 767 
2 219 802 
2 220 713 
2 221 817 
2 222 830 
2 223 748 
2 224 702 
2 225 842 
2 226 692 
2 227 771 
2 228 764 
2 229 794 
2 230 740 
2 231 858 
2 232 835 
2 233 905 
2 234 687 
2 235 907 
2 236 734 
2 237 807 
2 238 680 
2 239 845 
2 240 671 
2 241 772 
2 242 766 
2 243 755 
2 244 788 
2 245 699 
2 246 780 
2 247 809 
2 248 746 
2 249 669 
2 250 745 
2 251 682 
2 252 696 
2 253 759 
2 254 765 
2 255 735 
2 256 781 
2 257 813 
2 258 775 
2 259 673 
2 260 894 
2 261 733 
2 262 785 
2 263 675 
2 264 822 
2 265 652 
2 266 757 
2 267 763 
2 268 751 
2 269 786 
2 270 677 
2 271 761 
2 272 728 
2 273 701 
2 274 668 
2 275 731 
2 276 637 
2 277 686 
2 278 752 
2 279 758 
2 280 706 
2 281 725 
2 282 732 
2 283 729 
2 284 646 
2 285 885 
2 286 720 
2 287 753 
2 288 620 
2 289 736 
2 290 640 
2 291 730 
2 292 760 
2 293 723 
2 294 776 
2 295 647 
2 296 714 
2 297 670 
2 298 695 
2 299 607 
2 300 674 
2 301 634 
2 302 613 
2 303 737 
2 304 744 
2 305 704 
2 306 684 
2 307 719 
2 308 697 
2 309 627 
2 310 850 
2 311 707 
2 312 709 
2 313 615 
2 314 698 
2 315 635 
2 316 727 
2 317 749 
2 318 718 
2 319 768 
2 320 604 
2 321 708 
2 322 650 
2 323 681 
2 324 584 
2 325 656 
2 326 632 
2 327 606 
2 328 643 
2 329 715 
2 330 694 
2 331 660 
2 332 690 
2 333 649 
2 334 599 
2 335 711 
2 336 676 
2 337 693 
2 338 577 
2 339 691 
2 340 631 
2 341 705 
2 342 716 
2 343 679 
2 344 717 
2 345 585 
2 346 663 
2 347 600 
2 348 667 
2 349 583 
2 350 626 
2 351 629 
2 352 566 
2 353 642 
2 354 666 
2 355 688 
2 356 654 
2 357 625 
2 358 648 
2 359 561 
2 360 661 
2 361 672 
2 362 685 
2 363 575 
2 364 595 
2 365 622 
2 366 619 
2 367 633 
2 368 659 
2 369 689 
2 370 579 
2 371 593 
2 372 581 
2 373 638 
2 374 574 
2 375 608 
2 376 623 
2 377 554 
2 378 624 
2 379 641 
2 380 601 
2 381 639 
2 382 592 
2 383 644 
2 384 560 
2 385 645 
2 386 651 
2 387 683 
2 388 551 
2 389 589 
2 390 572 
2 391 618 
2 392 591 
2 393 616 
2 394 678 
2 395 558 
2 396 590 
2 397 567 
2 398 612 
2 399 569 
2 400 602 
2 401 611 
2 402 553 
2 403 603 
2 404 610 
2 405 571 
2 406 636 
2 407 556 
2 408 630 
2 409 539 
2 410 617 
2 411 628 
2 412 662 
2 413 549 
2 414 545 
2 415 548 
2 416 547 
2 417 544 
2 418 594 
2 419 665 
2 420 546 
2 421 576 
2 422 559 
2 423 587 
2 424 562 
2 425 531 
2 426 580 
2 427 552 
2 428 597 
2 429 564 
2 430 555 
2 431 596 
2 432 532 
2 433 573 
2 434 519 
2 435 588 
2 436 614 
2 437 658 
2 438 511 
2 439 533 
2 440 541 
2 441 538 
2 442 523 
2 443 542 
2 444 664 
2 445 524 
2 446 565 
2 447 534 
2 448 586 
2 449 540 
2 450 528 
2 451 557 
2 452 529 
2 453 537 
2 454 563 
2 455 550 
2 456 578 
2 457 517 
2 458 535 
2 459 512 
2 460 570 
2 461 536 
2 462 653 
2 463 503 
2 464 513 
2 465 507 
2 466 518 
2 467 502 
2 468 525 
2 469 506 
2 470 508 
2 471 527 
2 472 530 
2 473 568 
2 474 516 
2 475 526 
2 476 515 
2 477 505 
2 478 521 
2 479 543 
2 480 520 
2 481 510 
2 482 504 
2 483 501 
Huoyu
478
46 1 479 480 481 482 483 484 485 486 487 488 489 490 491 492 493 494 495 496 497 498 499 500 502 553 565 566 576 599 617 633 685 722 774 797 820 828 851 857 889 893 944 970 979 995 1000 
2 2 958 
2 3 988 
2 4 951 
2 5 990 
2 6 963 
2 7 945 
2 8 989 
2 9 961 
2 10 914 
2 11 916 
2 12 964 
2 13 966 
2 14 956 
2 15 985 
2 16 898 
2 17 871 
2 18 947 
2 19 946 
2 20 928 
2 21 971 
2 22 998 
2 23 865 
2 24 997 
2 25 858 
2 26 930 
2 27 902 
2 28 943 
2 29 853 
2 30 986 
2 31 962 
2 32 993 
2 33 846 
2 34 996 
2 35 816 
2 36 905 
2 37 859 
2 38 941 
2 39 835 
2 40 911 
2 41 977 
2 42 959 
2 43 980 
2 44 844 
2 45 974 
2 46 976 
2 47 777 
2 48 899 
2 49 839 
2 50 937 
2 51 830 
2 52 906 
2 53 932 
2 54 929 
2 55 972 
2 56 836 
2 57 968 
2 58 965 
2 59 776 
2 60 866 
2 61 790 
2 62 903 
2 63 809 
2 64 882 
2 65 925 
2 66 926 
2 67 967 
2 68 969 
2 69 821 
2 70 953 
2 71 939 
2 72 771 
2 73 793 
2 74 766 
2 75 881 
2 76 807 
2 77 949 
2 78 867 
2 79 904 
2 80 923 
2 81 938 
2 82 936 
2 83 811 
2 84 948 
2 85 907 
2 86 763 
2 87 789 
2 88 735 
2 89 856 
2 90 978 
2 91 805 
2 92 909 
2 93 935 
2 94 860 
2 95 886 
2 96 883 
2 97 934 
2 98 917 
2 99 808 
2 100 940 
2 101 999 
2 102 895 
2 103 760 
2 104 761 
2 105 984 
2 106 732 
2 107 854 
2 108 954 
2 109 804 
2 110 892 
2 111 922 
2 112 855 
2 113 877 
2 114 992 
2 115 872 
2 116 876 
2 117 900 
2 118 787 
2 119 933 
2 120 994 
2 121 884 
2 122 749 
2 123 756 
2 124 931 
2 125 987 
2 126 723 
2 127 779 
2 128 918 
2 129 718 
2 130 890 
2 131 823 
2 132 838 
2 133 869 
2 134 983 
2 135 843 
2 136 822 
2 137 888 
2 138 747 
2 139 924 
2 140 991 
2 141 880 
2 142 743 
2 143 691 
2 144 908 
2 145 960 
2 146 955 
2 147 719 
2 148 773 
2 149 772 
2 150 714 
2 151 879 
2 152 813 
2 153 819 
2 154 861 
2 155 981 
2 156 834 
2 157 815 
2 158 818 
2 159 713 
2 160 885 
2 161 975 
2 162 878 
2 163 729 
2 164 687 
2 165 897 
2 166 952 
2 167 896 
2 168 696 
2 169 769 
2 170 767 
2 171 701 
2 172 870 
2 173 810 
2 174 957 
2 175 982 
2 176 742 
2 177 817 
2 178 942 
2 179 824 
2 180 801 
2 181 785 
2 182 702 
2 183 852 
2 184 887 
2 185 748 
2 186 715 
2 187 680 
2 188 894 
2 189 921 
2 190 850 
2 191 688 
2 192 757 
2 193 734 
2 194 698 
2 195 752 
2 196 791 
2 197 915 
2 198 973 
2 199 708 
2 200 792 
2 201 927 
2 202 799 
2 203 913 
2 204 786 
2 205 775 
2 206 660 
2 207 845 
2 208 849 
2 209 710 
2 210 709 
2 211 651 
2 212 863 
2 213 920 
2 214 847 
2 215 686 
2 216 750 
2 217 711 
2 218 681 
2 219 901 
2 220 745 
2 221 764 
2 222 837 
2 223 950 
2 224 707 
2 225 783 
2 226 919 
2 227 780 
2 228 891 
2 229 778 
2 230 759 
2 231 655 
2 232 826 
2 233 741 
2 234 682 
2 235 695 
2 236 613 
2 237 800 
2 238 910 
2 239 842 
2 240 648 
2 241 720 
2 242 693 
2 243 678 
2 244 875 
2 245 731 
2 246 679 
2 247 833 
2 248 912 
2 249 697 
2 250 744 
2 251 873 
2 252 740 
2 253 864 
2 254 733 
2 255 716 
2 256 652 
2 257 798 
2 258 721 
2 259 631 
2 260 694 
2 261 598 
2 262 753 
2 263 874 
2 264 795 
2 265 637 
2 266 692 
2 267 689 
2 268 671 
2 269 862 
2 270 675 
2 271 674 
2 272 827 
2 273 868 
2 274 670 
2 275 726 
2 276 796 
2 277 724 
2 278 848 
2 279 727 
2 280 667 
2 281 649 
2 282 788 
2 283 712 
2 284 625 
2 285 668 
2 286 578 
2 287 665 
2 288 840 
2 289 730 
2 290 608 
2 291 683 
2 292 684 
2 293 663 
2 294 832 
2 295 629 
2 296 657 
2 297 814 
2 298 812 
2 299 646 
2 300 669 
2 301 782 
2 302 673 
2 303 841 
2 304 705 
2 305 639 
2 306 600 
2 307 784 
2 308 662 
2 309 614 
2 310 659 
2 311 573 
2 312 653 
2 313 825 
2 314 656 
2 315 582 
2 316 672 
2 317 677 
2 318 623 
2 319 831 
2 320 624 
2 321 641 
2 322 806 
2 323 770 
2 324 644 
2 325 664 
2 326 725 
2 327 658 
2 328 829 
2 329 699 
2 330 618 
2 331 583 
2 332 755 
2 333 603 
2 334 606 
2 335 632 
2 336 552 
2 337 647 
2 338 781 
2 339 612 
2 340 569 
2 341 666 
2 342 640 
2 343 616 
2 344 768 
2 345 620 
2 346 611 
2 347 802 
2 348 765 
2 349 628 
2 350 643 
2 351 717 
2 352 650 
2 353 803 
2 354 622 
2 355 575 
2 356 564 
2 357 739 
2 358 595 
2 359 601 
2 360 602 
2 361 546 
2 362 645 
2 363 738 
2 364 572 
2 365 560 
2 366 635 
2 367 638 
2 368 558 
2 369 737 
2 370 604 
2 371 584 
2 372 794 
2 373 762 
2 374 592 
2 375 627 
2 376 704 
2 377 591 
2 378 758 
2 379 577 
2 380 571 
2 381 562 
2 382 736 
2 383 588 
2 384 594 
2 385 593 
2 386 544 
2 387 636 
2 388 700 
2 389 568 
2 390 551 
2 391 621 
2 392 619 
2 393 554 
2 394 690 
2 395 581 
2 396 574 
2 397 751 
2 398 754 
2 399 549 
2 400 605 
2 401 703 
2 402 570 
2 403 706 
2 404 542 
2 405 555 
2 406 538 
2 407 728 
2 408 563 
2 409 590 
2 410 561 
2 411 524 
2 412 626 
2 413 634 
2 414 559 
2 415 527 
2 416 607 
2 417 615 
2 418 512 
2 419 654 
2 420 580 
2 421 543 
2 422 746 
2 423 661 
2 424 535 
2 425 579 
2 426 609 
2 427 550 
2 428 610 
2 429 533 
2 430 514 
2 431 530 
2 432 526 
2 433 537 
2 434 536 
2 435 541 
2 436 517 
2 437 540 
2 438 589 
2 439 539 
2 440 523 
2 441 586 
2 442 585 
2 443 511 
2 444 642 
2 445 548 
2 446 515 
2 447 676 
2 448 630 
2 449 505 
2 450 545 
2 451 596 
2 452 534 
2 453 587 
2 454 522 
2 455 510 
2 456 506 
2 457 513 
2 458 520 
2 459 525 
2 460 528 
2 461 503 
2 462 532 
2 463 556 
2 464 516 
2 465 519 
2 466 567 
2 467 518 
2 468 508 
2 469 597 
2 470 504 
2 471 507 
2 472 547 
2 473 557 
2 474 501 
2 475 531 
2 476 521 
2 477 529 
2 478 509 
Huoyu
484
34 1 485 486 487 488 489 490 491 492 493 494 495 496 497 498 499 500 502 551 643 647 656 693 787 797 804 841 872 883 910 949 982 995 1000 
2 2 997 
2 3 979 
2 4 992 
2 5 933 
2 6 981 
2 7 931 
2 8 984 
2 9 930 
2 10 978 
2 11 900 
2 12 971 
2 13 919 
2 14 976 
2 15 882 
2 16 962 
2 17 899 
2 18 988 
2 19 951 
2 20 869 
2 21 998 
2 22 994 
2 23 890 
2 24 891 
2 25 957 
2 26 983 
2 27 932 
2 28 993 
2 29 861 
2 30 989 
2 31 863 
2 32 889 
2 33 867 
2 34 941 
2 35 922 
2 36 898 
2 37 952 
2 38 832 
2 39 943 
2 40 970 
2 41 985 
2 42 819 
2 43 879 
2 44 823 
2 45 904 
2 46 896 
2 47 894 
2 48 946 
2 49 780 
2 50 990 
2 51 986 
2 52 907 
2 53 913 
2 54 991 
2 55 977 
2 56 799 
2 57 871 
2 58 813 
2 59 862 
2 60 967 
2 61 852 
2 62 886 
2 63 938 
2 64 695 
2 65 966 
2 66 996 
2 67 948 
2 68 902 
2 69 888 
2 70 969 
2 71 975 
2 72 782 
2 73 849 
2 74 963 
2 75 806 
2 76 973 
2 77 980 
2 78 843 
2 79 964 
2 80 840 
2 81 858 
2 82 925 
2 83 685 
2 84 912 
2 85 944 
2 86 928 
2 87 895 
2 88 875 
2 89 958 
2 90 959 
2 91 767 
2 92 845 
2 93 955 
2 94 784 
2 95 965 
2 96 968 
2 97 820 
2 98 920 
2 99 838 
2 100 960 
2 101 855 
2 102 918 
2 103 683 
2 104 876 
2 105 934 
2 106 917 
2 107 881 
2 108 859 
2 109 945 
2 110 956 
2 111 763 
2 112 842 
2 113 939 
2 114 761 
2 115 961 
2 116 950 
2 117 817 
2 118 905 
2 119 810 
2 120 947 
2 121 844 
2 122 915 
2 123 658 
2 124 874 
2 125 887 
2 126 885 
2 127 769 
2 128 848 
2 129 923 
2 130 936 
2 131 713 
2 132 836 
2 133 937 
2 134 758 
2 135 942 
2 136 873 
2 137 773 
2 138 897 
2 139 795 
2 140 914 
2 141 828 
2 142 901 
2 143 654 
2 144 825 
2 145 877 
2 146 857 
2 147 746 
2 148 815 
2 149 906 
2 150 935 
2 151 681 
2 152 822 
2 153 926 
2 154 721 
2 155 927 
2 156 850 
2 157 768 
2 158 866 
2 159 791 
2 160 908 
2 161 800 
2 162 884 
2 163 638 
2 164 974 
2 165 798 
2 166 816 
2 167 790 
2 168 705 
2 169 772 
2 170 893 
2 171 916 
2 172 669 
2 173 808 
2 174 851 
2 175 714 
2 176 903 
2 177 847 
2 178 745 
2 179 860 
2 180 775 
2 181 892 
2 182 785 
2 183 839 
2 184 628 
2 185 924 
2 186 793 
2 187 792 
2 188 999 
2 189 771 
2 190 697 
2 191 770 
2 192 880 
2 193 911 
2 194 668 
2 195 803 
2 196 830 
2 197 711 
2 198 868 
2 199 826 
2 200 726 
2 201 856 
2 202 760 
2 203 833 
2 204 783 
2 205 778 
2 206 614 
2 207 870 
2 208 735 
2 209 954 
2 210 762 
2 211 987 
2 212 756 
2 213 687 
2 214 751 
2 215 829 
2 216 854 
2 217 661 
2 218 796 
2 219 757 
2 220 699 
2 221 827 
2 222 824 
2 223 724 
2 224 853 
2 225 739 
2 226 801 
2 227 766 
2 228 764 
2 229 611 
2 230 865 
2 231 734 
2 232 940 
2 233 752 
2 234 846 
2 235 737 
2 236 676 
2 237 749 
2 238 789 
2 239 831 
2 240 659 
2 241 781 
2 242 747 
2 243 663 
2 244 788 
2 245 953 
2 246 972 
2 247 814 
2 248 704 
2 249 765 
2 250 738 
2 251 750 
2 252 715 
2 253 722 
2 254 609 
2 255 864 
2 256 731 
2 257 909 
2 258 725 
2 259 837 
2 260 716 
2 261 674 
2 262 709 
2 263 698 
2 264 809 
2 265 651 
2 266 779 
2 267 730 
2 268 641 
2 269 759 
2 270 929 
2 271 834 
2 272 812 
2 273 691 
2 274 755 
2 275 717 
2 276 740 
2 277 677 
2 278 684 
2 279 577 
2 280 818 
2 281 637 
2 282 744 
2 283 706 
2 284 835 
2 285 682 
2 286 666 
2 287 690 
2 288 675 
2 289 776 
2 290 606 
2 291 754 
2 292 707 
2 293 635 
2 294 703 
2 295 921 
2 296 821 
2 297 805 
2 298 657 
2 299 655 
2 300 650 
2 301 732 
2 302 671 
2 303 673 
2 304 575 
2 305 807 
2 306 615 
2 307 743 
2 308 686 
2 309 802 
2 310 631 
2 311 652 
2 312 660 
2 313 664 
2 314 748 
2 315 563 
2 316 753 
2 317 702 
2 318 619 
2 319 680 
2 320 878 
2 321 733 
2 322 712 
2 323 649 
2 324 645 
2 325 648 
2 326 718 
2 327 634 
2 328 640 
2 329 556 
2 330 777 
2 331 601 
2 332 728 
2 333 678 
2 334 794 
2 335 602 
2 336 630 
2 337 632 
2 338 623 
2 339 720 
2 340 554 
2 341 742 
2 342 688 
2 343 612 
2 344 622 
2 345 811 
2 346 727 
2 347 633 
2 348 618 
2 349 639 
2 350 642 
2 351 701 
2 352 625 
2 353 604 
2 354 550 
2 355 741 
2 356 598 
2 357 708 
2 358 667 
2 359 603 
2 360 592 
2 361 588 
2 362 620 
2 363 616 
2 364 719 
2 365 541 
2 366 736 
2 367 665 
2 368 570 
2 369 608 
2 370 786 
2 371 670 
2 372 626 
2 373 610 
2 374 636 
2 375 629 
2 376 700 
2 377 582 
2 378 599 
2 379 547 
2 380 729 
2 381 586 
2 382 694 
2 383 662 
2 384 555 
2 385 584 
2 386 580 
2 387 595 
2 388 567 
2 389 672 
2 390 530 
2 391 593 
2 392 600 
2 393 535 
2 394 596 
2 395 774 
2 396 627 
2 397 624 
2 398 589 
2 399 621 
2 400 605 
2 401 646 
2 402 579 
2 403 594 
2 404 533 
2 405 696 
2 406 576 
2 407 689 
2 408 597 
2 409 546 
2 410 552 
2 411 560 
2 412 519 
2 413 562 
2 414 565 
2 415 526 
2 416 590 
2 417 585 
2 418 534 
2 419 591 
2 420 723 
2 421 613 
2 422 572 
2 423 531 
2 424 578 
2 425 587 
2 426 581 
2 427 573 
2 428 571 
2 429 522 
2 430 692 
2 431 566 
2 432 679 
2 433 583 
2 434 542 
2 435 510 
2 436 540 
2 437 506 
2 438 536 
2 439 543 
2 440 521 
2 441 568 
2 442 561 
2 443 513 
2 444 557 
2 445 710 
2 446 549 
2 447 564 
2 448 523 
2 449 539 
2 450 574 
2 451 544 
2 452 545 
2 453 548 
2 454 515 
2 455 644 
2 456 559 
2 457 653 
2 458 569 
2 459 527 
2 460 509 
2 461 524 
2 462 501 
2 463 532 
2 464 517 
2 465 514 
2 466 529 
2 467 558 
2 468 505 
2 469 537 
2 470 617 
2 471 512 
2 472 553 
2 473 518 
2 474 504 
2 475 528 
2 476 516 
2 477 538 
2 478 503 
2 479 511 
2 480 607 
2 481 520 
2 482 507 
2 483 525 
2 484 508 
Huoyu
2
499 1 3 4 5 6 7 8 9 10 11 12 13 14 15 16 17 18 19 20 21 22 23 24 25 26 27 28 29 30 31 32 33 34 35 36 37 38 39 40 41 42 43 44 45 46 47 48 49 50 51 52 53 54 55 56 57 58 59 60 61 62 63 64 65 66 67 68 69 70 71 72 73 74 75 76 77 78 79 80 81 82 83 84 85 86 87 88 89 90 91 92 93 94 95 96 97 98 99 100 101 102 103 104 105 106 107 108 109 110 111 112 113 114 115 116 117 118 119 120 121 122 123 124 125 126 127 128 129 130 131 132 133 134 135 136 137 138 139 140 141 142 143 144 145 146 147 148 149 150 151 152 153 154 155 156 157 158 159 160 161 162 163 164 165 166 167 168 169 170 171 172 173 174 175 176 177 178 179 180 181 182 183 184 185 186 187 188 189 190 191 192 193 194 195 196 197 198 199 200 201 202 203 204 205 206 207 208 209 210 211 212 213 214 215 216 217 218 219 220 221 222 223 224 225 226 227 228 229 230 231 232 233 234 235 236 237 238 239 240 241 242 243 244 245 246 247 248 249 250 251 252 253 254 255 256 257 258 259 260 261 262 263 264 265 266 267 268 269 270 271 272 273 274 275 276 277 278 279 280 281 282 283 284 285 286 287 288 289 290 291 292 293 294 295 296 297 298 299 300 301 302 303 304 305 306 307 308 309 310 311 312 313 314 315 316 317 318 319 320 321 322 323 324 325 326 327 328 329 330 331 332 333 334 335 336 337 338 339 340 341 342 343 344 345 346 347 348 349 350 351 352 353 354 355 356 357 358 359 360 361 362 363 364 365 366 367 368 369 370 371 372 373 374 375 376 377 378 379 380 381 382 383 384 385 386 387 388 389 390 391 392 393 394 395 396 397 398 399 400 401 402 403 404 405 406 407 408 409 410 411 412 413 414 415 416 417 418 419 420 421 422 423 424 425 426 427 428 429 430 431 432 433 434 435 436 437 438 439 440 441 442 443 444 445 446 447 448 449 450 451 452 453 454 455 456 457 458 459 460 461 462 463 464 465 466 467 468 469 470 471 472 473 474 475 476 477 478 479 480 481 482 483 484 485 486 487 488 489 490 491 492 493 494 495 496 497 498 499 501 
501 2 500 502 503 504 505 506 507 508 509 510 511 512 513 514 515 516 517 518 519 520 521 522 523 524 525 526 527 528 529 530 531 532 533 534 535 536 537 538 539 540 541 542 543 544 545 546 547 548 549 550 551 552 553 554 555 556 557 558 559 560 561 562 563 564 565 566 567 568 569 570 571 572 573 574 575 576 577 578 579 580 581 582 583 584 585 586 587 588 589 590 591 592 593 594 595 596 597 598 599 600 601 602 603 604 605 606 607 608 609 610 611 612 613 614 615 616 617 618 619 620 621 622 623 624 625 626 627 628 629 630 631 632 633 634 635 636 637 638 639 640 641 642 643 644 645 646 647 648 649 650 651 652 653 654 655 656 657 658 659 660 661 662 663 664 665 666 667 668 669 670 671 672 673 674 675 676 677 678 679 680 681 682 683 684 685 686 687 688 689 690 691 692 693 694 695 696 697 698 699 700 701 702 703 704 705 706 707 708 709 710 711 712 713 714 715 716 717 718 719 720 721 722 723 724 725 726 727 728 729 730 731 732 733 734 735 736 737 738 739 740 741 742 743 744 745 746 747 748 749 750 751 752 753 754 755 756 757 758 759 760 761 762 763 764 765 766 767 768 769 770 771 772 773 774 775 776 777 778 779 780 781 782 783 784 785 786 787 788 789 790 791 792 793 794 795 796 797 798 799 800 801 802 803 804 805 806 807 808 809 810 811 812 813 814 815 816 817 818 819 820 821 822 823 824 825 826 827 828 829 830 831 832 833 834 835 836 837 838 839 840 841 842 843 844 845 846 847 848 849 850 851 852 853 854 855 856 857 858 859 860 861 862 863 864 865 866 867 868 869 870 871 872 873 874 875 876 877 878 879 880 881 882 883 884 885 886 887 888 889 890 891 892 893 894 895 896 897 898 899 900 901 902 903 904 905 906 907 908 909 910 911 912 913 914 915 916 917 918 919 920 921 922 923 924 925 926 927 928 929 930 931 932 933 934 935 936 937 938 939 940 941 942 943 944 945 946 947 948 949 950 951 952 953 954 955 956 957 958 959 960 961 962 963 964 965 966 967 968 969 970 971 972 973 974 975 976 977 978 979 980 981 982 983 984 985 986 987 988 989 990 991 992 993 994 995 996 997 998 999 1000 
