916 821
834 846 537 899 407 852 942 538 604 538 827 259 264 732 835 116 568 41 598 672 190 561 218 15 838 146 358 319 923 717 548 850 548 358 987 433 648 828 106 271 874 418 747 471 72 852 585 136 606 219 344 499 385 434 832 255 69 249 615 30 443 150 625 199 195 674 235 693 313 548 923 525 775 687 273 523 433 668 598 669 927 696 167 842 18 902 912 274 251 688 557 448 31 220 945 282 382 665 907 924 600 222 260 743 444 414 940 358 98 366 495 430 87 124 492 975 168 705 359 357 37 219 407 707 524 911 66 194 163 10 857 566 903 368 759 808 604 875 288 843 218 259 851 748 377 422 703 198 182 252 632 850 617 425 613 385 538 638 551 621 414 460 136 908 829 303 319 11 700 845 103 617 17 619 583 157 717 757 778 894 990 710 176 839 602 979 148 456 409 298 803 725 333 938 859 536 703 640 683 62 608 19 564 807 773 818 435 591 311 482 752 490 776 962 228 625 972 755 932 691 832 695 17 605 125 876 43 70 378 951 391 329 471 474 938 178 238 644 201 370 883 902 341 820 20 781 183 340 504 350 334 111 232 452 423 920 408 249 438 406 476 951 250 177 113 924 930 699 911 48 328 884 665 796 111 853 874 558 350 742 854 853 160 988 724 996 945 788 164 389 12 271 539 955 459 116 930 930 455 251 311 95 889 876 224 252 156 926 73 329 89 878 736 12 575 959 326 549 611 224 861 8 977 895 264 509 261 429 585 801 956 145 443 113 277 279 291 651 401 276 387 841 384 254 944 760 970 698 106 340 978 948 715 415 110 998 399 88 755 898 624 19 535 225 424 34 480 198 919 726 138 379 294 89 406 697 827 978 20 146 889 600 439 903 84 379 935 985 477 648 728 847 421 590 994 608 935 464 313 290 467 25 981 874 276 214 851 991 366 617 429 891 831 940 270 45 109 532 987 476 654 820 559 819 141 842 344 481 383 975 140 680 179 634 557 38 928 933 153 977 988 940 431 86 152 980 972 133 574 581 826 397 431 643 745 50 653 850 531 530 293 406 585 654 476 286 38 639 160 299 259 796 828 449 7 258 56 401 455 802 797 723 119 748 543 177 159 726 333 387 843 902 835 479 175 259 711 688 129 43 611 43 558 391 882 37 985 370 523 692 141 272 98 903 648 19 484 795 115 441 217 49 763 56 945 434 744 529 23 147 710 762 311 863 916 503 893 609 62 739 176 257 350 404 188 193 214 725 641 255 182 172 374 534 212 401 970 338 919 466 863 961 312 945 493 748 639 480 970 464 919 430 293 841 443 314 706 275 77 2 191 833 992 749 354 566 442 390 293 196 931 323 287 1000 990 804 943 100 87 942 200 729 785 735 314 111 322 238 965 819 87 623 47 540 272 298 546 222 159 889 57 533 871 325 783 127 474 584 606 601 966 198 441 737 433 855 486 639 925 4 46 407 499 488 318 422 746 403 438 882 662 147 252 692 107 612 197 150 191 430 998 803 172 52 467 491 181 166 558 824 187 920 97 463 230 34 990 805 570 178 988 310 486 293 795 211 1000 586 436 958 885 304 385 889 652 738 416 873 375 296 122 865 371 554 731 954 72 922 510 165 211 446 56 109 602 391 170 647 863 86 537 209 824 174 23 961 905 435 884 460 757 190 598 133 752 640 114 530 583 59 82 859 599 580 757 388 215 40 971 562 700 419 406 60 245 413 6 252 664 818 155 639 758 855 165 113 532 594 516 36 662 323 692 550 397 995 191 479 536 945 501 35 348 845 240 749 568 685 675 317 343 448 424 500 458 821 961 390 441 15 7 614 413 318 105 404 679 551 330 123 507 57 212 446 104 779 327 752 829 504 26 164 285 20 655 198 916 714 28 921 9 585 727 582 289 255 564 50 68 667 477 943 347 85 363 695 960 959 69 480 556 349 685 168 608 852 377 506 77 887 354 513 159 710 677 359 266 777 723 480 643 88 174 944 197 567 1 837 663 998 162 82 901 774 801 528 274 994 184 221 393 144 985 692 920 563 165 985 166 835 234 824 971 867 883 366 646 731 304 66 863 428 451 544 254 578
302 346
822 850
356 455
291 320
660 880
362 430
831 901
879 898
865 872
657 821
586 898
674 898
806 853
203 735
347 476
539 659
216 525
117 580
222 280
196 442
48 713
122 467
309 637
757 896
481 567
310 596
446 794
813 847
699 764
22 394
28 729
586 718
542 880
347 775
308 851
824 825
863 886
541 826
4 404
65 436
67 532
185 230
295 795
48 56
572 648
333 428
898 908
550 873
210 852
895 916
800 834
218 327
196 549
876 902
8 714
795 905
229 819
35 341
50 460
807 830
497 547
656 716
342 525
296 381
436 535
890 904
888 888
665 862
577 729
786 884
820 857
130 650
5 58
414 822
45 681
640 732
128 131
289 552
248 278
611 877
312 358
788 812
335 885
221 310
682 782
113 129
715 781
666 716
115 846
492 802
199 758
732 881
115 195
628 855
575 631
826 865
153 317
34 225
275 279
605 680
675 868
446 862
410 607
594 648
538 861
854 859
766 890
642 897
828 828
217 432
179 260
319 871
749 815
191 346
270 360
254 616
167 193
727 904
160 161
196 361
103 321
30 340
635 659
585 610
203 910
801 805
119 259
12 595
912 914
383 730
776 910
588 742
883 902
276 661
576 673
569 729
504 593
44 102
605 725
402 452
806 915
139 595
873 876
48 59
361 878
633 668
175 299
812 875
907 910
357 761
491 657
476 843
487 876
377 715
328 681
170 813
225 542
693 868
665 870
603 822
686 699
298 562
72 665
44 746
354 746
470 672
468 663
105 369
32 468
295 680
1 365
47 566
664 751
265 385
471 543
858 880
360 815
879 882
391 911
363 582
659 786
752 793
196 399
800 884
89 571
628 814
524 802
498 804
372 413
67 168
615 718
65 87
438 788
351 735
117 548
124 698
179 441
418 498
450 660
762 877
913 916
345 645
588 843
440 782
167 371
326 588
895 914
732 769
674 704
218 535
135 481
467 812
649 816
808 872
274 750
762 890
249 398
702 713
790 902
827 830
169 616
402 905
582 893
502 875
624 645
328 630
879 893
791 891
797 826
363 765
268 437
863 906
549 817
253 358
533 637
566 797
770 804
620 646
261 509
901 904
373 612
371 528
808 820
724 775
662 817
154 798
29 650
546 814
9 589
9 148
516 703
262 587
41 384
880 885
451 896
372 869
627 629
90 588
106 465
110 817
465 858
94 306
347 518
486 689
433 448
808 870
710 766
391 647
657 767
27 528
454 648
684 873
526 841
237 647
870 915
127 905
151 849
213 541
842 882
511 542
220 543
848 858
583 844
42 184
700 732
573 687
355 817
274 639
294 791
814 823
494 882
98 786
696 727
519 698
299 323
328 877
510 853
468 495
400 626
305 704
57 457
331 859
672 674
433 722
248 292
691 907
484 790
742 841
761 855
758 827
645 648
104 591
384 553
726 904
688 899
109 747
637 881
463 784
712 746
816 856
504 891
262 622
644 878
294 334
30 633
775 870
106 677
176 587
232 594
424 884
252 726
586 881
65 606
605 623
426 758
611 861
441 799
95 747
436 846
811 830
288 441
493 528
1 741
338 737
878 916
294 482
479 915
384 826
718 844
419 472
336 603
816 883
288 688
875 888
693 711
710 738
386 784
500 655
117 130
873 885
116 337
499 692
345 467
841 893
373 721
560 854
158 601
187 591
393 440
125 263
505 696
755 769
304 677
13 14
846 904
846 910
738 912
376 795
472 475
822 884
79 280
755 862
324 459
361 573
482 787
12 260
311 556
533 901
555 694
430 655
369 493
694 760
851 863
157 775
445 496
260 836
556 738
352 443
477 844
572 753
102 147
409 479
312 340
868 870
522 623
454 831
589 589
612 632
843 853
585 765
221 452
677 847
645 831
777 842
832 897
633 745
669 827
25 597
482 855
753 800
503 551
488 843
519 835
584 872
229 762
716 895
516 817
192 438
55 402
205 581
686 725
450 667
132 183
659 748
476 815
702 750
274 886
545 732
698 778
649 841
840 881
335 381
189 878
607 700
789 909
144 719
477 737
154 636
542 542
632 721
889 909
728 788
646 723
635 659
274 285
40 439
86 390
640 857
367 848
590 637
523 586
1 62
638 842
180 343
256 662
265 761
77 900
350 837
256 859
478 874
861 909
406 669
192 482
260 532
436 622
204 788
875 883
838 907
487 801
704 755
157 334
236 758
602 738
657 809
885 910
492 819
584 757
659 855
123 672
17 195
870 897
62 830
713 888
308 547
493 656
410 578
597 890
349 801
456 888
916 916
407 815
639 670
416 557
576 860
646 906
426 732
6 632
428 710
859 900
24 389
224 584
510 780
295 865
444 494
671 808
897 897
444 445
817 846
915 916
889 902
503 810
360 743
94 911
641 726
5 603
340 630
429 840
566 668
548 691
208 437
769 855
437 502
714 740
791 871
161 330
301 802
702 702
36 508
691 839
595 662
670 712
615 649
566 572
45 331
64 84
907 913
111 423
838 881
163 631
617 755
886 910
646 687
721 856
871 879
689 719
73 737
767 899
603 907
298 884
705 742
31 615
696 813
882 886
841 866
340 379
335 634
141 565
824 912
440 510
845 857
449 514
662 850
70 595
101 815
872 899
129 378
40 900
256 311
281 824
168 639
365 856
429 619
246 907
804 884
352 636
34 370
527 771
404 583
606 868
629 753
834 838
750 774
911 912
892 898
670 873
569 904
500 584
507 870
124 489
573 879
283 643
361 654
720 824
447 488
220 667
552 904
527 746
673 679
327 548
777 836
688 879
253 788
39 608
209 607
227 840
403 577
916 916
258 601
791 858
79 469
432 595
899 901
796 866
186 752
249 627
768 775
118 317
449 811
103 545
442 718
493 719
88 548
870 908
238 281
100 793
812 860
443 844
59 541
38 568
130 502
252 471
182 828
894 894
78 206
335 801
12 813
697 858
43 99
82 149
167 560
731 835
178 216
595 759
44 559
572 905
73 848
618 881
782 911
291 487
789 866
139 251
610 722
52 721
461 720
606 911
76 228
695 842
569 754
619 907
417 740
126 579
502 649
613 729
90 484
257 887
786 902
327 900
270 898
174 257
342 743
524 674
354 823
142 189
59 493
509 509
456 885
442 760
419 431
605 909
131 347
839 853
496 747
901 911
570 835
363 615
890 916
837 902
533 750
582 661
75 388
601 760
46 508
612 766
627 709
872 878
487 816
328 401
385 509
411 561
882 894
549 594
561 859
759 892
110 652
725 864
507 679
739 766
300 635
628 713
697 728
295 489
520 524
735 794
802 838
884 901
514 757
383 727
97 649
794 828
28 441
565 576
497 787
863 909
794 879
93 773
184 292
369 589
416 602
888 893
706 749
309 915
637 760
167 336
97 700
276 909
453 764
98 627
565 764
35 175
581 916
736 869
709 771
574 606
64 834
750 804
473 885
126 752
732 864
372 631
9 75
106 622
98 601
578 870
407 569
790 875
501 550
48 295
607 828
192 684
226 782
68 579
743 753
439 826
49 130
586 658
354 847
743 912
765 911
863 880
381 875
347 643
745 801
130 708
294 484
168 712
780 912
468 782
767 780
898 899
837 861
554 776
595 683
87 839
747 865
434 522
202 486
209 549
262 865
333 543
220 769
797 872
409 699
885 889
89 155
129 773
326 447
88 127
364 762
646 810
111 441
854 881
244 735
267 631
418 506
622 747
262 446
206 859
564 702
872 899
493 496
593 888
