831 927
638 861 218 749 530 413 597 523 6 266 883 288 656 931 128 530 140 299 724 207 673 825 334 695 97 203 775 526 828 424 608 749 418 175 570 150 77 286 436 996 694 926 433 466 738 40 391 168 594 845 765 804 846 573 722 911 43 142 819 359 677 725 349 445 710 308 466 996 914 736 790 986 934 833 693 793 399 724 443 186 749 554 68 989 626 122 386 270 761 552 620 991 567 198 484 469 345 999 220 918 977 748 2 800 782 910 20 564 985 308 182 834 593 629 523 577 416 621 173 55 691 952 470 354 919 892 610 767 158 925 718 10 374 894 474 373 540 89 150 333 276 539 591 806 74 277 84 116 240 544 204 605 932 13 477 167 878 829 528 12 544 985 586 89 519 275 590 282 566 146 231 493 517 326 701 544 564 245 432 341 128 598 521 364 534 753 967 15 842 539 929 39 89 251 682 705 161 670 734 897 906 925 171 537 591 96 19 351 556 630 208 699 788 288 962 555 571 617 390 300 73 209 110 344 630 636 113 874 306 3 820 482 419 782 167 318 88 779 852 572 468 488 760 919 143 851 664 557 824 901 806 950 538 946 327 569 526 122 216 686 198 43 308 535 157 519 617 323 845 682 418 364 889 427 396 971 983 404 483 492 854 253 892 46 926 218 764 551 734 543 540 203 62 267 963 119 139 173 538 763 61 448 984 74 417 167 433 995 973 16 287 344 95 567 369 526 981 185 624 760 151 839 113 10 949 466 328 922 666 501 417 796 153 972 289 437 386 558 379 160 358 163 200 24 30 287 667 943 158 884 685 119 989 311 740 882 28 413 195 247 98 342 497 54 762 264 290 84 404 5 310 902 373 488 439 108 538 306 767 43 215 312 125 33 834 137 823 701 146 488 423 637 864 943 492 850 903 405 397 987 842 555 810 880 622 665 681 170 684 501 506 585 89 293 859 243 45 955 707 507 858 511 680 694 125 34 200 473 308 446 483 201 285 664 378 73 1000 913 342 195 504 421 635 526 85 536 540 559 109 595 303 215 9 931 803 248 924 799 880 691 89 291 6 641 117 754 951 432 536 179 128 376 237 80 499 583 98 849 908 725 317 901 901 752 726 188 343 385 833 779 957 967 235 965 427 275 541 934 13 533 42 785 700 792 645 338 151 569 197 989 418 844 741 492 834 335 322 584 89 626 798 40 384 322 236 90 747 466 313 526 275 66 565 538 291 953 667 25 361 714 169 815 748 359 920 670 929 967 597 432 544 249 788 327 381 334 420 827 409 182 780 878 587 433 70 385 70 522 389 639 575 398 205 196 46 292 150 196 966 655 48 52 406 698 313 446 173 581 578 166 442 787 910 235 495 429 426 991 748 873 143 921 991 986 123 991 882 896 764 556 786 377 196 963 208 730 742 59 460 614 760 816 185 352 127 839 210 372 666 725 218 844 994 532 791 778 746 664 246 888 743 590 803 552 221 239 820 496 687 137 923 400 505 22 468 734 659 189 278 613 618 345 191 45 958 624 661 353 363 50 608 139 131 395 656 203 486 750 605 734 97 6 692 281 906 231 198 634 395 103 193 901 142 147 717 875 921 22 77 340 438 163 884 509 86 397 791 454 838 992 412 546 28 979 930 975 451 275 265 826 706 834 803 520 620 361 828 308 59 817 306 393 230 593 66 275 343 86 461 427 446 732 315 717 629 310 800 194 92 650 193 155 165 968 53 339 650 133 778 913 703 980 778 611 783 936 198 180 692 166 34 721 648 377 793 399 23 49 521 733 976 145 255 958 699 977 919 19 545 117 244 721 287 426 292 610 45 493 210 166 595 956 155 424 408 670 216 869 774 454 217 394 230 311 210 763 553 361 6 435 611 460 390 679 204 447 526 574 859 148 947
525 685
427 477
244 594
139 445
468 722
199 627
16 464
700 790
254 409
799 828
14 380
580 615
48 409
58 676
804 816
6 235
112 656
110 371
755 772
373 578
358 604
718 817
619 678
211 411
562 806
752 773
49 480
713 776
661 816
377 793
522 532
469 743
318 744
583 729
536 629
449 800
380 679
388 475
332 749
85 345
75 328
67 584
636 761
793 825
412 746
25 781
211 695
511 586
786 797
539 778
6 574
387 523
776 794
701 710
653 775
259 627
116 152
484 614
559 789
85 420
229 437
263 621
547 713
437 816
753 807
167 769
437 695
540 574
573 673
616 772
766 810
292 765
826 827
322 817
131 705
805 810
48 254
375 748
565 699
812 830
751 768
98 707
117 792
418 530
214 701
110 443
509 610
97 749
234 393
561 717
458 561
360 610
289 698
643 798
371 804
470 519
784 808
100 779
519 822
786 808
134 681
480 830
745 794
520 826
211 264
188 757
426 802
173 325
290 426
153 341
175 279
496 600
470 830
489 786
409 455
587 827
577 677
308 500
546 742
367 827
403 411
411 684
589 591
289 401
31 602
771 790
786 800
410 570
776 793
288 347
373 470
470 517
597 672
405 476
273 667
810 810
118 539
102 223
9 508
792 811
441 637
679 801
288 404
303 626
817 830
582 616
537 792
225 821
195 207
223 456
659 747
328 540
20 168
142 815
157 376
520 589
105 540
92 391
109 554
470 601
639 812
579 615
231 680
315 636
289 803
613 711
70 91
439 758
751 773
802 806
449 517
330 385
38 606
506 519
720 781
685 784
369 636
674 708
809 812
665 790
433 453
196 663
505 822
233 388
236 246
140 505
775 802
755 758
753 806
616 692
120 800
775 791
34 216
26 549
437 513
156 722
279 450
383 615
233 501
734 744
675 822
100 482
662 665
219 776
175 273
580 637
562 600
149 716
785 810
134 535
257 373
514 518
33 530
748 757
375 581
672 808
795 824
807 814
552 693
167 628
291 678
105 309
212 608
48 222
325 450
392 628
493 760
454 563
479 743
222 385
541 584
97 588
62 499
287 441
586 808
257 654
816 824
63 830
286 573
207 374
41 176
422 447
620 653
239 669
467 642
684 807
693 723
525 701
827 828
152 712
353 724
447 480
238 740
294 821
406 753
341 390
768 831
421 531
750 813
681 753
198 215
395 808
796 803
417 658
245 594
307 561
139 446
512 555
597 750
401 502
52 341
525 556
143 439
248 604
421 769
231 234
518 735
503 536
97 241
753 791
70 282
316 558
618 797
588 811
542 820
503 689
330 675
766 826
411 727
168 682
280 666
727 727
480 513
284 519
643 686
394 704
59 322
292 462
117 751
2 728
298 577
23 458
798 814
680 747
60 551
223 564
39 632
36 384
774 807
301 441
704 775
775 794
155 819
244 543
680 771
574 655
697 762
12 532
646 737
42 501
259 577
259 380
574 711
653 796
320 628
719 805
571 786
142 474
206 359
622 732
326 672
831 831
417 575
291 497
131 617
272 782
381 487
257 563
660 777
469 522
550 698
151 737
214 409
283 340
610 661
316 488
414 807
120 522
709 828
265 544
207 316
193 775
173 734
289 399
742 801
742 831
254 742
242 495
594 798
667 798
29 521
167 538
637 674
177 831
97 524
661 748
578 791
412 693
80 637
610 651
162 520
645 739
112 765
441 528
76 354
563 696
583 588
402 623
64 188
660 815
53 276
193 587
315 697
647 744
2 67
584 588
464 722
88 283
537 611
536 616
812 828
277 282
92 213
779 779
218 624
22 131
44 313
196 746
325 467
117 226
205 405
454 570
550 809
63 757
227 378
579 675
709 714
491 570
690 744
705 743
212 680
214 580
790 827
671 785
481 594
186 267
614 749
586 689
458 650
735 781
441 560
688 831
202 811
253 456
805 814
697 738
678 821
526 724
426 472
771 818
276 754
441 719
646 816
156 645
518 526
328 680
767 786
415 672
290 753
442 606
530 562
726 756
588 664
296 759
583 645
289 669
515 736
245 369
358 412
402 498
521 544
232 701
664 740
5 216
400 579
695 697
779 830
479 543
112 559
416 598
744 759
404 767
702 812
158 742
71 655
102 356
462 673
828 829
370 798
265 554
646 783
221 551
623 626
698 794
767 810
1 363
360 436
804 824
202 814
681 760
505 528
448 621
273 602
298 712
381 519
423 771
241 283
459 497
479 773
532 565
227 285
68 133
186 686
547 597
416 589
87 380
225 420
67 598
422 561
805 820
149 728
431 510
171 356
689 690
297 802
212 819
557 735
226 761
741 761
86 616
650 653
517 592
527 573
34 503
177 429
148 716
659 747
384 526
566 759
639 753
794 805
123 216
268 470
409 423
358 742
205 350
50 691
163 342
493 727
561 799
646 774
660 804
466 490
199 818
76 146
275 571
522 570
429 563
746 830
161 197
560 710
343 545
128 503
646 819
369 444
767 805
504 558
791 798
38 680
84 119
14 804
458 463
627 712
202 491
370 741
808 817
594 831
155 484
619 665
626 701
414 701
685 764
17 431
830 831
672 700
9 406
692 786
195 638
179 564
763 801
368 595
484 595
130 261
397 715
811 830
700 743
83 570
56 655
20 483
136 581
436 583
223 675
299 447
721 771
785 792
806 808
543 810
751 810
457 775
179 455
649 703
759 823
199 758
773 794
461 811
439 714
353 717
571 574
528 620
610 731
175 599
368 697
30 140
530 790
403 801
144 476
402 535
638 761
802 825
7 612
50 529
99 806
763 808
306 489
121 347
36 76
142 798
662 755
695 802
340 453
445 797
85 428
143 667
818 821
182 212
361 750
506 718
755 774
368 608
112 754
135 502
356 580
277 589
53 424
312 703
440 570
171 684
645 760
67 799
740 749
27 189
295 738
53 545
258 657
824 828
16 773
517 683
58 659
317 659
302 464
293 618
602 788
139 397
334 543
648 734
271 302
267 629
402 462
742 803
362 738
312 564
652 808
271 831
711 777
634 664
193 535
579 754
403 654
815 825
434 471
158 690
669 695
456 536
631 814
186 489
704 812
755 755
262 684
241 464
486 780
475 782
241 658
547 740
673 819
602 640
760 779
767 812
382 783
255 561
717 721
33 419
296 531
654 718
20 275
285 702
739 817
120 399
633 824
498 697
571 809
59 246
494 621
562 615
638 739
142 315
470 597
42 625
69 340
143 628
557 557
268 803
419 486
76 421
461 756
727 754
360 663
829 830
725 823
633 687
106 603
676 695
238 479
635 771
274 678
355 579
651 736
361 579
286 317
484 804
526 568
201 323
182 424
633 714
708 815
170 413
721 724
442 677
535 600
122 302
719 742
473 550
56 569
351 631
479 571
478 733
785 815
621 766
742 789
490 641
485 759
663 759
691 826
429 600
216 608
266 787
221 620
295 548
656 808
308 314
791 802
799 799
668 740
92 536
99 368
570 578
256 334
140 622
102 679
80 100
227 703
752 787
100 476
744 804
412 772
571 783
297 739
17 623
129 379
572 631
483 483
268 378
324 523
791 802
252 752
304 600
505 779
507 639
444 751
132 773
486 492
808 822
759 768
84 138
734 818
164 232
2 77
315 532
289 452
98 272
541 567
225 311
361 416
244 707
356 625
154 511
51 341
399 749
766 800
462 810
436 727
644 726
205 276
600 642
34 102
535 736
517 528
258 804
209 483
750 768
538 761
315 669
528 625
780 812
663 735
66 275
621 630
409 671
286 742
351 707
249 644
206 408
21 761
177 551
561 697
718 797
769 803
540 544
811 823
30 180
756 830
242 497
307 330
545 701
677 711
558 694
270 589
811 829
5 711
242 467
733 757
417 443
250 371
595 697
238 759
156 662
490 654
730 803
517 600
37 77
672 713
298 641
453 775
743 791
665 739
673 820
634 692
772 782
56 181
283 452
702 777
508 786
738 816
742 820
305 515
108 377
557 738
540 641
650 773
695 715
100 749
596 651
5 6
82 467
789 792
783 813
258 413
758 802
597 796
311 616
715 815
810 826
723 774
603 687
222 515
35 292
753 809
502 530
823 827
716 790
669 796
784 830
279 824
176 455
14 778
144 784
512 689
630 635
673 799
356 725
484 819
383 568
615 667
355 687
653 663
278 759
541 554
500 761
516 611
780 815
587 741
79 687
418 542
91 517
126 429
63 199
637 705
486 694
