938 913
890 384 184 272 661 110 695 381 132 142 691 195 255 897 913 786 988 105 900 467 482 859 836 290 984 133 267 540 432 309 983 242 911 450 459 13 478 532 709 332 487 91 472 363 864 590 811 177 241 643 959 539 604 492 122 836 166 738 664 719 407 777 863 634 944 335 960 258 967 927 67 248 266 800 915 472 224 782 185 844 858 923 875 145 507 884 325 720 507 386 839 378 91 971 363 21 460 302 674 414 279 480 442 632 290 911 746 585 784 342 166 108 449 207 178 205 945 113 508 659 528 743 388 297 879 528 552 192 75 449 660 825 349 914 936 526 569 387 235 655 432 842 232 683 344 683 592 326 789 508 718 35 457 942 936 163 340 381 686 143 543 700 849 897 298 962 15 210 28 417 521 878 263 293 784 47 541 255 31 759 645 997 588 267 800 671 539 595 685 9 19 487 604 660 927 801 89 646 79 491 245 26 282 144 344 281 23 97 634 70 508 344 204 546 697 919 980 768 199 275 196 604 570 415 94 365 452 685 296 939 965 805 252 293 806 27 367 261 619 8 281 246 261 65 408 581 673 188 392 620 760 177 981 213 893 793 959 268 660 229 417 783 231 102 376 324 592 852 32 978 455 776 641 603 166 128 915 336 32 92 840 341 707 586 810 195 325 617 619 706 888 154 624 387 787 902 64 230 841 21 763 882 226 259 679 169 356 240 872 322 965 290 265 165 931 486 973 727 935 768 928 112 492 216 361 931 882 397 648 997 649 684 940 147 427 427 10 133 543 283 299 804 956 496 624 308 848 114 762 379 789 248 82 576 479 145 216 621 393 590 964 794 783 635 274 570 2 599 145 832 315 490 403 237 562 692 797 885 808 913 858 518 38 512 611 509 510 388 663 767 560 531 158 197 465 965 0 710 337 256 594 538 502 425 345 363 80 859 929 171 513 152 883 151 634 474 392 609 18 510 14 286 320 395 264 247 516 524 706 380 112 168 870 283 545 473 390 318 113 323 801 66 328 475 859 981 188 957 349 410 571 768 111 566 627 531 765 801 707 769 593 46 214 965 939 677 290 463 197 172 354 325 752 91 609 228 457 692 217 369 512 1000 289 893 333 162 789 628 283 52 28 829 998 766 207 170 192 192 2 442 128 580 742 60 129 583 234 79 727 686 305 483 128 908 824 692 850 224 441 856 594 926 120 147 873 992 321 93 662 404 364 859 585 837 87 344 856 594 175 277 721 715 215 236 18 194 642 424 738 311 140 210 915 752 951 723 706 388 561 630 22 317 399 595 432 95 867 98 729 192 702 852 351 155 866 650 155 376 2 754 611 393 888 190 994 464 394 112 683 347 871 943 495 237 932 610 126 390 380 609 817 286 825 860 918 172 150 866 151 744 390 399 256 150 718 550 108 211 488 673 197 728 715 603 888 617 1000 137 529 797 526 794 500 119 671 651 912 41 33 426 808 609 235 771 666 1 728 623 98 140 48 123 434 504 567 574 491 457 664 681 370 596 411 366 559 57 741 185 375 845 961 440 36 261 210 745 870 249 784 136 211 587 505 207 634 269 526 527 786 416 315 63 469 769 537 617 885 215 68 94 279 902 548 258 530 617 318 277 761 347 71 895 610 884 912 948 658 693 620 137 242 134 875 467 415 827 445 587 176 184 90 821 367 311 974 144 601 63 65 273 599 430 751 389 433 785 494 928 721 445 480 328 967 266 468 598 893 253 39 828 794 797 5 913 928 107 639 894 270 762 888 544 841 746 849 872 710 209 797 61 425 968 877 192 4 759 106 477 559 988 628 537 424 29 147 303 182 212 58 364 54 578 628 86 828 570 8 339 620 358 784 349 403 490 274 888 101 643 903 520 814 113 155 890 495 130 24 133 3 620 119 458 912 194 851 81 430 302 644 571 706 733 405 262 930 202 768 10 456 178 822 841 856 444 689 761 731 238 547 985 76 359 858 469 313 621 717 384 29 519 485 692 694 224 561 504 480 451 414 107 121 936 681 963 447 657 681 550 690 779 822 549 974 354 820 296 112 610 447 764 821 92 342 969 339 721 89 442 745 70 981 925 803 356 11 581 413 831 162 88 322 236 787 645 527 117 764 10 561 549 612 528 173 534 311 986 46 479
878 896
222 851
851 870
529 632
850 852
287 693
734 772
795 920
842 902
734 892
685 925
820 910
721 876
114 479
502 596
396 739
510 810
387 740
910 911
846 896
430 717
218 774
216 487
329 393
60 912
309 474
571 584
139 703
219 495
316 498
57 352
129 922
815 817
750 762
692 929
916 924
712 857
583 692
495 786
585 668
566 743
636 822
549 584
929 930
148 748
757 924
701 808
65 733
481 808
223 224
802 910
99 219
648 690
316 415
788 921
244 447
330 496
552 776
721 868
468 700
283 690
636 678
426 558
905 925
356 576
806 879
909 926
229 256
319 888
198 258
11 633
434 920
901 917
487 492
837 913
718 923
46 718
885 903
181 613
545 795
242 641
814 892
259 477
230 591
615 887
628 642
904 934
113 662
584 829
808 920
10 524
107 619
591 856
774 848
418 669
548 824
202 542
10 673
824 858
721 824
216 806
474 697
882 898
889 892
36 559
46 385
413 849
632 822
860 886
315 912
379 671
496 895
858 908
907 935
647 723
264 418
637 789
305 622
251 803
915 924
204 935
386 659
886 914
650 652
666 915
164 705
878 926
272 396
526 833
224 521
161 868
410 602
434 475
846 931
705 911
760 815
144 652
464 632
199 473
316 695
529 808
798 864
807 882
257 908
543 691
804 895
581 934
449 773
165 748
122 377
141 857
646 891
32 715
763 925
784 844
502 502
581 724
904 922
614 850
212 836
66 509
497 501
797 907
161 930
755 901
555 779
754 894
296 786
183 280
419 486
320 415
21 670
773 900
726 835
201 286
794 821
261 806
672 771
517 549
633 857
5 752
771 930
348 499
472 874
725 844
49 70
819 931
356 659
205 725
820 903
319 837
589 608
543 713
76 410
730 755
526 937
601 673
444 933
530 673
188 622
191 278
522 860
192 787
39 89
543 638
97 633
478 630
898 937
787 864
210 905
907 907
221 263
343 640
434 574
357 801
492 859
796 935
747 795
235 246
682 869
424 499
719 786
881 918
683 705
328 382
35 867
438 688
585 918
268 675
642 839
905 919
477 796
913 919
850 938
757 860
752 873
504 815
334 700
614 620
408 538
707 838
88 615
343 738
880 883
934 937
549 769
881 932
534 638
654 883
648 707
73 697
535 698
153 442
48 228
889 916
44 120
210 560
88 381
337 868
628 694
211 725
387 510
319 503
98 851
11 545
909 915
570 676
27 870
692 839
300 906
238 381
170 828
324 582
787 883
706 911
540 547
673 823
691 903
300 864
605 893
64 717
82 666
434 870
82 484
364 895
41 93
351 746
784 932
380 905
67 385
897 935
766 789
281 861
673 895
469 709
53 385
553 666
180 405
494 686
321 674
164 798
784 821
145 156
507 720
830 840
664 855
376 391
451 809
501 620
867 903
867 877
739 822
911 938
613 935
798 934
555 852
866 907
613 824
532 904
313 383
558 749
762 811
615 938
22 880
247 639
869 908
283 598
894 907
677 898
789 841
266 618
251 720
538 598
170 630
901 914
509 621
508 512
44 440
798 906
371 901
244 317
45 615
796 823
563 681
126 829
629 675
42 85
698 730
570 863
504 645
801 801
549 887
576 651
169 498
667 887
29 186
245 360
916 925
554 634
32 543
400 570
14 841
745 912
672 815
245 874
336 862
445 830
831 859
707 853
276 915
583 929
779 899
626 802
897 932
294 598
256 518
557 596
456 844
779 857
849 908
178 799
625 840
458 935
445 901
472 781
828 900
117 117
131 262
571 699
170 349
411 483
350 699
45 592
152 874
870 887
604 827
610 816
490 529
613 808
374 444
633 736
247 531
110 793
618 869
739 766
95 807
389 819
252 680
323 760
758 771
38 557
424 686
894 910
188 297
755 897
235 650
706 925
452 847
839 897
505 902
364 925
602 930
289 310
868 895
837 904
851 937
714 796
299 867
748 887
394 581
24 676
591 624
760 782
369 428
554 806
362 693
144 296
698 933
904 910
455 865
137 816
375 728
636 728
263 816
788 842
434 691
773 886
132 225
146 379
230 678
330 556
364 812
346 764
645 883
697 728
335 711
688 859
710 787
602 767
586 862
314 557
820 861
171 184
7 488
327 827
221 580
390 489
694 732
80 746
605 680
430 552
800 802
400 555
711 827
564 881
684 839
290 321
734 815
238 630
730 742
616 690
352 897
802 896
288 345
62 336
853 861
728 787
546 680
540 684
744 887
744 797
225 319
721 911
262 386
374 571
741 881
456 710
660 671
52 850
518 855
930 936
4 389
90 436
370 410
782 856
839 935
74 708
875 892
734 838
538 724
725 786
156 444
129 357
246 606
152 424
763 785
896 921
303 394
909 931
157 267
611 711
314 819
176 644
8 618
750 787
129 931
636 828
360 428
594 925
99 474
111 162
436 831
804 869
470 692
635 782
121 375
711 720
136 836
351 797
171 822
358 504
207 513
809 845
487 546
157 604
455 471
158 849
164 924
276 373
915 927
410 634
518 917
757 842
112 602
693 838
179 297
362 703
226 661
930 932
920 936
38 548
344 894
596 902
720 751
98 111
263 544
411 468
246 584
79 929
96 423
105 928
841 893
451 477
495 853
405 701
185 435
839 886
303 623
720 745
412 929
502 845
110 725
921 923
78 675
393 490
512 932
895 901
222 362
875 887
476 830
326 410
712 799
708 808
474 573
4 816
190 743
252 744
611 640
218 723
714 867
194 366
141 695
843 935
892 919
546 759
443 591
777 911
931 936
722 920
628 675
739 884
454 494
598 854
734 757
6 689
334 633
46 529
128 553
109 474
390 533
232 848
189 645
251 296
761 804
760 841
443 701
190 552
848 873
9 759
626 823
700 913
889 902
576 653
490 626
604 611
115 677
674 887
542 867
454 905
16 882
49 919
105 823
527 932
301 825
414 794
530 854
739 753
479 570
535 932
197 822
530 703
34 478
283 551
119 365
421 429
426 448
528 791
356 794
387 534
827 900
160 880
280 305
509 928
535 538
617 791
329 927
286 524
597 602
362 902
794 857
350 592
19 590
38 196
532 728
504 569
275 362
93 440
145 762
464 796
738 849
794 902
890 938
67 497
172 693
900 934
709 927
752 776
319 624
735 896
556 735
185 302
247 606
503 523
354 880
600 778
898 898
645 845
564 600
921 927
425 871
302 778
470 695
55 295
383 482
697 929
647 754
857 902
98 561
93 183
440 862
552 659
838 913
460 783
210 433
904 912
437 469
266 708
443 579
317 655
265 273
275 844
631 657
583 822
492 496
603 936
471 612
129 915
676 809
154 193
344 641
469 826
435 790
753 837
640 708
104 208
658 867
106 243
223 506
642 683
132 198
539 650
6 584
614 905
74 708
394 578
608 926
3 204
369 809
420 441
772 930
885 892
386 819
369 925
320 711
243 534
922 930
302 410
89 387
769 853
66 666
712 819
621 765
341 502
469 686
501 812
802 877
553 598
831 832
248 917
573 928
151 568
205 282
591 820
26 857
492 614
190 195
630 876
876 902
887 909
624 630
709 875
679 794
730 908
723 799
805 937
624 833
35 298
822 841
165 317
613 729
850 884
165 322
290 499
241 503
5 790
39 55
8 82
636 804
871 894
228 877
418 818
668 772
919 928
292 373
639 650
353 525
846 902
694 797
378 831
365 931
708 934
88 344
835 926
150 678
381 469
363 758
904 931
882 894
125 638
404 844
24 452
318 409
128 809
227 781
188 718
921 938
870 922
753 856
806 931
134 431
143 319
668 757
388 750
27 878
697 932
418 849
764 894
428 909
579 847
674 680
410 637
461 492
683 693
188 498
154 935
449 644
353 655
576 722
312 332
782 866
728 857
163 804
904 923
653 700
900 921
671 702
868 870
874 883
87 225
140 629
483 696
341 583
264 416
226 560
203 218
165 494
729 851
675 796
862 906
23 919
50 396
828 890
395 716
845 885
839 886
620 708
379 735
105 318
468 746
446 567
34 245
588 620
333 694
35 227
674 772
415 465
860 936
412 783
665 782
509 615
225 477
164 396
609 675
180 335
457 932
802 845
801 918
789 812
532 746
350 433
698 787
586 822
91 746
903 925
52 254
865 896
27 212
23 879
497 887
161 462
646 723
383 424
586 914
