869 831
594 340 327 512 477 727 140 672 745 633 106 606 685 779 513 4 82 489 720 195 439 443 951 415 549 811 943 884 446 532 803 477 29 690 988 468 520 320 82 799 870 954 264 868 345 41 218 359 36 364 319 273 147 354 403 765 486 71 96 875 464 323 280 784 656 729 72 786 136 590 48 853 821 293 618 695 139 986 875 814 717 606 53 487 778 44 109 552 242 944 194 282 356 231 30 322 606 814 511 609 168 158 132 435 923 686 453 687 95 862 714 91 684 310 295 521 288 292 101 359 351 715 800 858 998 797 635 846 881 578 33 304 936 464 909 186 802 112 283 886 341 728 710 551 179 494 226 950 589 194 197 704 878 966 267 579 7 247 653 244 374 275 604 818 596 649 804 329 995 997 440 860 265 658 830 296 453 831 818 568 3 882 976 398 906 462 800 572 171 316 379 416 290 812 249 128 939 802 506 846 970 579 382 928 161 574 722 279 626 259 918 944 778 830 651 97 679 506 55 588 575 789 850 74 57 536 332 399 741 25 315 906 640 465 332 835 606 187 521 640 934 122 105 867 965 804 278 456 276 183 212 659 728 164 964 306 322 296 709 785 957 158 577 183 939 56 623 634 432 349 757 71 141 403 741 572 433 40 692 30 331 515 431 489 559 228 731 96 550 363 777 653 218 324 96 147 184 490 91 77 735 408 581 768 877 332 986 70 347 573 92 680 307 407 446 797 595 822 838 688 661 367 172 974 761 228 623 599 762 299 511 534 552 376 857 2 121 314 767 291 930 520 93 702 560 264 11 556 277 750 622 242 466 382 480 292 247 480 758 661 158 755 536 470 468 288 618 214 785 420 751 796 877 58 89 425 115 862 971 642 867 308 240 143 855 594 858 9 844 936 216 825 363 278 599 830 451 109 890 444 747 391 969 954 954 992 776 715 908 849 907 517 685 211 431 72 894 990 720 83 403 992 603 183 748 686 593 680 928 922 316 265 733 287 788 795 632 403 291 540 344 146 232 314 466 276 670 498 116 696 890 367 429 860 7 374 743 629 349 910 483 301 603 137 479 166 845 600 747 842 616 630 45 506 769 438 191 125 238 828 397 778 634 230 887 655 951 518 857 527 267 50 666 780 632 618 938 268 476 164 548 848 841 195 300 576 789 596 688 900 120 774 960 726 765 154 289 425 470 39 545 537 177 624 605 581 828 551 52 587 547 520 897 256 369 654 365 325 396 162 186 511 135 15 548 460 950 257 337 735 632 748 820 87 339 384 959 298 732 258 290 665 442 504 928 378 795 449 974 330 305 518 579 947 936 969 36 89 257 711 730 655 160 16 307 833 181 282 17 169 609 715 449 569 219 622 861 330 3 68 511 291 664 561 365 1000 560 87 907 553 177 423 165 640 603 828 860 180 166 760 436 981 97 700 891 514 705 32 203 265 898 261 765 87 346 399 793 973 380 444 460 460 974 214 232 768 108 232 815 626 606 529 676 786 291 17 519 822 446 185 199 274 862 539 229 811 82 997 388 118 811 120 205 535 840 398 283 744 756 125 94 306 332 894 979 133 488 541 870 462 401 246 227 726 31 809 963 343 537 105 588 892 123 370 297 265 11 860 219 855 684 243 481 285 542 985 645 769 840 896 302 791 963 692 952 37 602 148 619 923 416 389 224 661 632 707 162 804 381 836 806 617 771 549 553 312 806 535 912 762 1 26 285 849 91 546 192 448 982 529 165 23 336 903 671 75 806 354 367 732 514 528 622 457 278 51 591 364 975 6 388 942 208 925 757 372 974 787 247 453 760 970 153 877 288 88 149 343 409 346 78 338 324 723 37 179 357 711 710 892 726 960 135 439 823 938 184 187 764 544 252 195 920 466 956 368 234 571 610 710 198 390 972 946 175 737 789 549 547 86 235 695 429 927 894 605 651 851 935 881 377 334 183 408 774 263 223 716 952 701 882 722 515 311 596 937 585 318 163
735 836
408 425
714 745
775 814
61 108
144 229
765 853
861 862
721 761
334 424
323 560
631 704
495 824
765 836
502 826
459 653
738 746
536 862
480 739
212 354
691 824
575 810
786 828
487 764
133 417
379 771
92 240
672 849
574 861
751 759
551 858
812 816
597 759
407 835
681 732
145 491
487 503
549 630
80 849
317 666
709 847
7 19
396 670
388 844
470 789
145 342
278 657
44 786
152 732
747 827
823 834
685 806
118 778
632 655
25 155
545 643
414 604
687 837
588 601
854 864
603 696
67 782
259 867
195 556
413 605
715 868
409 869
522 829
184 366
440 559
276 378
267 776
545 813
291 850
6 32
412 554
233 277
507 629
388 588
41 469
622 734
423 596
462 543
715 729
70 709
263 791
174 269
5 70
402 805
124 210
616 825
308 324
122 606
294 825
51 231
135 412
462 767
775 796
806 848
60 826
837 861
787 868
308 799
47 389
438 669
332 517
25 557
211 792
324 386
169 484
499 685
626 760
850 867
597 863
403 817
97 599
24 202
304 354
4 489
71 628
126 428
23 650
752 804
563 768
504 695
742 776
407 804
595 821
640 850
223 542
175 854
201 205
146 628
447 680
59 421
729 750
241 383
214 336
400 774
718 846
300 741
675 789
367 630
388 464
203 590
821 851
60 300
667 832
680 815
860 865
444 666
258 491
39 791
116 632
789 832
633 668
330 621
432 868
132 188
761 785
97 788
236 518
48 451
491 862
183 838
652 793
69 617
649 678
578 594
843 852
486 654
525 815
173 349
205 294
168 862
333 336
344 552
688 861
380 671
805 812
461 493
96 164
358 544
799 815
731 864
27 737
72 522
687 782
316 511
495 532
173 239
714 824
515 857
763 863
403 618
315 853
472 622
408 596
67 812
5 731
475 711
437 759
377 380
846 868
598 730
509 744
850 868
203 537
138 458
5 46
80 839
726 867
88 301
540 614
537 570
49 652
853 859
157 844
130 372
662 797
97 187
366 814
78 370
54 713
779 786
320 523
256 423
823 869
271 401
430 719
807 828
655 666
812 863
179 259
71 140
331 480
661 683
698 747
193 842
422 543
380 757
98 772
745 859
389 467
630 643
301 572
309 740
434 473
644 732
621 822
564 711
604 671
485 531
35 159
519 590
205 328
669 675
711 719
1 640
226 299
743 811
315 714
88 728
321 695
670 866
326 848
208 367
154 229
471 761
843 861
53 830
20 856
615 733
671 676
98 861
672 808
788 806
33 125
828 841
280 429
87 100
129 405
348 551
807 808
21 188
602 637
402 832
39 609
175 544
434 543
585 784
168 290
227 648
676 818
481 705
721 837
559 688
344 550
368 533
84 263
308 465
46 818
673 798
449 521
282 652
643 749
592 855
107 419
624 653
520 742
741 777
80 210
397 715
227 260
15 331
410 474
116 327
509 566
69 242
213 650
247 669
287 805
247 257
332 402
24 570
170 178
129 284
776 835
204 568
175 326
532 718
26 99
430 859
306 647
415 824
512 855
669 708
72 286
507 807
634 832
503 610
641 787
39 374
182 856
838 844
676 864
178 265
604 742
606 668
411 717
379 788
454 503
754 847
284 546
493 579
694 773
395 845
147 714
237 858
460 743
447 577
486 530
619 637
89 343
1 740
259 800
576 595
416 649
745 800
222 577
92 618
24 243
631 735
708 719
724 741
177 226
741 808
179 583
238 540
613 860
682 687
46 222
760 855
398 561
462 708
92 181
167 732
527 635
600 629
581 775
251 694
317 786
549 752
582 657
406 728
254 327
478 650
651 813
35 238
788 861
581 791
553 748
722 765
753 793
624 820
238 495
212 268
344 512
218 226
398 622
79 165
777 841
142 737
830 863
26 55
762 799
15 242
526 696
76 400
223 426
566 723
44 151
455 488
805 805
342 810
660 798
319 340
661 731
397 585
705 761
372 692
465 617
524 801
288 812
698 728
528 772
792 800
851 868
346 590
321 596
342 611
473 577
212 835
392 837
704 759
585 600
568 634
33 620
322 396
82 736
625 835
571 712
161 823
452 784
115 451
647 787
218 663
797 851
126 327
441 689
627 635
484 847
391 447
777 808
827 834
777 795
154 691
52 757
17 85
371 571
115 436
633 705
75 644
656 800
404 781
709 810
497 660
436 699
657 698
807 841
129 586
752 842
777 825
202 234
511 734
703 825
11 89
654 805
177 839
20 428
651 682
779 801
668 833
734 762
645 857
782 866
545 790
734 771
246 255
211 734
788 831
155 274
634 750
4 505
654 808
480 658
291 717
240 790
735 855
779 864
455 746
239 745
678 862
190 259
209 468
389 868
175 819
622 692
734 829
634 714
27 518
193 498
67 638
353 603
506 608
366 429
361 554
822 856
177 297
327 776
66 497
607 645
519 648
23 334
746 855
192 429
385 401
171 685
731 847
24 76
304 640
730 797
614 657
714 733
616 666
549 594
580 693
418 458
594 857
205 226
469 810
153 683
722 842
785 845
288 524
350 410
756 763
535 779
626 800
34 816
333 665
764 838
721 761
299 718
81 403
777 811
579 663
353 712
424 503
109 820
483 683
36 46
198 490
58 409
524 768
423 506
136 758
732 789
67 726
795 866
269 464
14 509
231 457
732 864
808 859
718 797
631 847
564 725
3 724
818 866
389 567
664 757
100 426
281 726
781 808
142 237
850 851
66 485
579 716
100 333
867 868
92 161
543 818
841 850
658 679
451 768
791 835
539 841
184 793
359 407
678 813
512 561
346 412
332 705
680 851
765 805
494 647
751 808
126 638
669 809
308 310
96 533
95 280
251 485
400 477
14 104
56 111
196 820
78 146
838 869
262 342
250 351
325 508
101 699
612 744
503 698
247 391
585 708
609 863
351 378
837 858
192 730
357 433
272 841
339 426
860 868
170 357
551 571
798 834
373 484
486 713
478 846
553 852
337 407
507 790
813 832
302 365
389 503
832 846
316 766
443 823
128 778
10 123
681 863
145 336
12 369
99 476
286 789
382 784
237 245
538 712
811 826
214 607
441 717
185 720
345 577
674 790
364 711
491 558
452 536
785 849
486 825
172 445
757 775
772 810
658 701
268 625
464 756
653 794
111 642
173 426
702 835
787 808
648 865
640 701
756 812
758 821
733 840
697 715
504 828
273 277
575 605
473 541
277 668
458 787
348 859
2 447
741 844
402 813
332 542
568 832
28 164
424 785
720 781
85 821
865 868
232 299
6 643
27 698
703 815
109 640
405 443
100 697
370 535
225 623
408 578
379 464
704 766
200 732
157 269
342 405
236 553
356 779
350 393
263 397
753 842
175 332
297 868
24 728
229 268
828 841
425 695
408 783
253 273
520 658
429 864
528 715
592 655
228 520
197 761
639 816
617 746
800 815
545 754
236 852
146 865
621 834
543 861
717 856
321 761
778 801
83 781
728 760
323 535
393 474
209 816
616 849
73 516
861 862
809 828
453 465
651 722
497 760
165 729
776 792
860 861
14 276
568 636
97 862
669 861
635 702
507 839
780 835
791 813
210 592
306 429
593 736
823 864
766 842
132 144
367 660
405 615
591 705
366 420
332 769
41 784
218 655
757 798
145 445
735 752
225 668
237 368
266 853
843 862
594 789
280 501
40 355
732 791
427 819
206 715
701 719
338 453
350 486
255 328
445 775
344 790
183 200
117 249
592 785
434 783
148 645
630 735
166 268
682 800
52 117
466 700
222 340
15 288
664 688
252 564
829 839
