990 912
33 552 988 896 963 930 690 170 188 678 782 298 351 937 512 694 370 208 352 287 386 890 395 114 396 480 148 855 584 307 777 635 18 187 391 113 781 907 719 791 588 213 933 1 492 799 556 146 129 637 96 343 644 337 522 389 634 529 477 832 278 497 59 416 641 967 418 920 457 94 104 549 671 646 507 218 17 865 811 395 45 157 313 847 506 78 195 69 96 606 850 992 266 780 220 663 332 934 76 583 69 198 539 289 344 521 222 557 950 270 497 12 512 990 347 155 923 932 528 489 455 952 943 197 286 712 455 151 625 103 609 747 838 274 845 102 483 586 265 381 276 748 241 0 896 979 107 629 62 93 320 878 49 230 163 559 806 317 828 197 744 16 0 709 341 137 971 460 199 905 112 904 489 352 624 705 93 144 771 170 433 273 194 158 898 537 689 234 748 741 370 243 147 77 250 133 395 569 277 528 608 653 576 359 141 461 660 512 977 177 775 278 342 460 769 517 609 502 582 23 950 888 720 965 889 983 767 621 228 462 143 44 377 247 73 28 440 823 682 516 420 568 136 397 366 835 571 174 892 410 269 825 980 166 682 920 35 178 153 90 454 339 816 246 544 254 624 521 635 248 64 13 10 593 120 566 929 703 291 978 415 751 384 442 297 338 182 35 151 410 718 754 700 828 456 216 603 252 547 153 765 437 139 29 137 376 959 7 472 369 325 318 530 594 286 169 710 319 466 742 170 696 720 140 300 224 46 597 444 292 421 499 768 812 684 792 13 913 636 87 128 819 477 614 298 812 935 352 200 168 26 910 444 662 601 862 765 502 759 389 313 909 535 77 549 561 59 265 296 164 171 518 720 813 365 778 59 193 297 187 995 818 928 892 743 770 928 22 784 383 505 63 63 281 516 678 89 128 211 379 2 824 553 204 791 614 374 359 780 38 552 116 291 142 909 293 630 710 527 229 622 630 963 508 238 540 203 386 191 839 399 883 745 806 863 702 183 770 268 774 149 913 241 64 609 11 24 30 870 832 868 39 127 762 162 534 132 505 645 609 755 206 372 652 298 27 742 2 77 675 424 133 455 545 554 162 839 606 226 419 321 120 448 979 476 31 325 551 263 433 616 768 186 739 902 165 412 181 955 856 723 850 503 25 681 975 239 935 190 278 900 668 461 474 184 954 572 378 864 586 414 418 26 593 150 64 842 561 100 416 532 16 73 432 266 624 561 81 148 981 581 653 467 391 183 317 862 371 494 472 145 680 81 619 679 878 544 289 569 60 511 110 709 872 37 461 936 750 786 470 204 145 201 512 876 800 89 917 229 579 667 506 526 121 418 186 807 29 253 811 104 616 352 42 373 513 992 579 445 962 83 454 333 953 505 321 646 691 676 852 55 537 447 200 542 675 66 410 915 627 469 871 143 854 553 2 618 348 267 769 715 728 731 726 463 341 950 633 495 257 384 761 15 91 511 730 931 549 407 383 889 989 830 598 514 466 604 900 39 665 288 155 294 274 741 656 101 386 520 481 469 443 729 133 497 549 461 801 62 268 634 56 751 503 879 745 388 969 347 907 424 988 462 385 367 197 815 104 927 271 150 606 45 862 465 553 855 207 576 843 614 462 614 944 632 229 511 284 195 190 835 98 579 176 99 728 614 717 320 929 626 780 389 837 848 443 635 528 68 464 192 599 629 910 181 484 887 311 760 481 15 65 458 107 827 527 836 763 139 773 902 648 109 723 39 802 341 275 592 989 412 446 378 744 346 354 438 55 533 990 365 217 334 645 68 729 960 18 845 736 734 16 834 468 379 238 867 691 865 224 933 757 254 645 781 560 610 397 576 383 443 965 699 199 465 597 349 458 376 33 641 431 511 392 480 581 407 121 589 315 449 290 406 580 837 423 50 450 944 833 723 178 959 365 728 757 306 374 20 767 586 495 568 643 862 723 318 154 555 476 206 808 882 251 143 886 365 157 192 533 267 876 141 273 575 931 862 926 703 342 479 736 502 57 951 884 787 102 180 44 846 331 266 624 708 74 630 133 11 322 348 109 149 555 545 218 555 941 954 637 144 812 375 253 320 481 720 39 419 242 366 290 2 855 622 16 790 632 4 180 344 47 815 754 50 548 168 347 437 787 957 289 926 290 882 915 416 512 906 786 711 386 202 704 568 97 966 844 619 502 887 562 886 578 454 86 302 831 717 891 316 245 294 518 409 536 269 282 668 591 326 641 145 611 535 665 746 740 874 787
398 785
405 950
259 839
884 886
79 735
657 826
132 352
602 772
834 893
486 877
163 489
59 78
900 931
589 886
366 711
805 918
195 391
176 430
983 984
868 916
485 739
461 921
860 904
613 811
701 908
77 650
493 635
584 722
158 212
894 974
619 846
105 402
714 724
766 893
549 728
219 674
113 796
857 900
378 590
684 733
758 966
128 559
488 774
295 462
759 863
455 912
137 516
941 966
287 660
487 555
554 945
474 492
144 890
681 928
454 791
388 559
726 911
219 338
560 893
126 667
426 547
250 327
568 805
928 950
143 868
330 426
821 865
103 571
266 613
357 796
292 922
615 639
94 296
329 933
447 662
469 539
778 837
247 821
951 961
325 638
480 741
190 500
450 874
728 932
417 921
278 296
2 936
186 471
969 980
12 700
456 986
714 955
612 828
246 510
457 690
130 329
934 943
713 973
805 818
822 828
946 972
239 583
315 755
3 193
909 969
399 781
630 816
319 437
261 866
674 897
977 980
187 393
891 987
265 905
120 651
468 766
814 950
804 844
510 779
391 854
808 957
462 666
733 952
414 965
891 941
619 866
124 852
712 742
196 809
940 985
749 888
657 674
729 892
849 925
210 756
217 417
210 717
751 796
52 699
76 943
129 804
620 745
287 656
454 821
200 484
620 871
539 932
261 725
612 874
774 826
99 193
371 457
943 973
690 981
950 951
157 624
814 970
700 888
769 822
959 961
102 803
226 463
847 925
628 672
579 982
984 990
369 407
679 821
863 903
769 898
955 980
404 478
831 915
222 805
443 979
24 748
246 355
750 962
499 673
394 631
968 981
151 953
89 388
522 668
803 919
118 369
396 865
138 943
371 376
518 549
18 802
791 851
988 989
825 944
398 985
32 446
496 656
808 883
302 634
209 381
636 978
216 258
65 322
526 570
187 971
925 969
224 268
476 703
346 485
262 454
649 686
62 143
770 958
779 861
628 661
213 404
642 781
41 440
73 845
146 242
460 940
177 188
913 919
778 898
865 940
9 988
358 448
244 503
496 985
114 868
718 817
548 901
945 961
418 810
341 723
260 849
122 145
37 809
723 853
164 359
532 814
660 853
923 986
49 808
866 886
350 610
243 297
675 885
823 983
57 353
51 312
661 983
967 969
91 398
87 222
781 803
197 277
867 903
44 562
205 881
795 978
697 985
9 586
659 775
985 988
731 841
661 939
11 426
245 273
80 386
340 516
795 870
118 384
36 521
839 899
950 955
560 791
225 804
164 256
471 984
457 578
803 976
5 357
241 449
183 411
737 892
687 726
663 789
223 370
812 812
450 643
975 989
52 916
787 827
138 538
766 955
828 938
775 868
794 806
799 973
634 981
731 782
510 769
530 804
81 128
122 433
587 652
990 990
151 848
189 937
258 977
512 543
237 478
673 960
350 925
969 980
618 794
973 990
497 666
665 665
948 976
547 975
120 271
865 900
72 150
748 963
887 936
883 968
250 267
447 698
86 943
154 289
654 822
11 532
808 927
116 459
62 236
317 811
296 668
776 904
119 152
139 839
434 613
875 949
960 965
937 990
459 677
384 982
72 871
773 959
476 839
438 767
301 304
651 853
246 513
588 717
729 873
929 966
521 885
915 929
591 944
729 816
122 407
518 563
293 527
709 916
662 739
542 983
483 964
152 638
341 813
635 665
339 465
707 882
11 879
975 986
853 881
175 206
974 990
449 734
989 990
612 670
281 454
939 948
41 832
49 551
400 829
48 590
222 978
323 560
829 867
734 886
721 979
982 985
428 527
127 471
291 363
605 800
396 562
679 765
329 901
26 589
538 835
674 984
622 934
86 868
835 916
345 485
103 792
219 350
454 929
232 330
871 983
565 579
502 630
823 828
416 430
589 825
533 874
523 646
834 916
122 293
938 961
287 869
729 825
744 900
567 750
405 724
346 670
533 927
649 919
721 844
749 761
415 462
123 737
190 253
855 857
99 913
880 937
889 928
364 742
527 978
375 664
217 598
40 828
117 765
135 434
282 797
234 758
109 949
443 753
701 760
853 867
697 857
553 763
146 554
887 976
481 501
326 454
860 979
798 897
386 767
471 988
913 941
928 962
587 754
716 914
79 327
756 925
709 870
458 574
279 939
678 922
239 724
887 959
204 258
544 639
85 432
182 924
117 577
656 865
618 956
329 833
721 796
222 322
134 805
926 975
573 791
357 609
543 846
888 969
10 519
158 961
718 983
809 990
647 982
547 586
403 633
660 755
837 962
211 936
163 706
307 882
302 773
48 866
662 937
549 930
979 982
758 818
505 770
270 902
214 624
239 596
962 984
454 817
48 222
380 552
11 729
386 719
582 797
257 463
611 715
369 473
363 981
527 587
492 511
227 474
258 264
884 965
123 262
616 890
797 824
210 676
192 534
139 313
440 969
689 786
584 683
155 365
79 516
53 386
177 571
449 882
894 920
478 675
217 371
192 957
137 464
271 821
549 755
638 912
641 957
989 990
268 515
858 988
63 509
49 581
302 449
890 897
38 460
408 895
47 558
602 905
179 872
447 594
445 673
756 797
672 855
531 861
676 961
506 806
574 635
208 349
719 745
290 673
907 923
141 751
977 978
549 974
975 988
571 695
397 888
152 867
730 955
22 754
75 643
482 483
384 550
3 133
12 329
743 768
634 863
728 760
522 861
491 654
273 279
338 545
250 356
601 911
262 688
836 957
351 477
480 955
198 787
415 487
74 191
982 988
916 941
164 205
818 928
27 136
444 981
804 829
387 581
463 649
176 859
889 973
290 364
96 188
491 939
387 481
191 744
392 944
168 514
841 969
172 923
407 597
132 546
493 704
280 884
583 716
286 653
107 936
520 668
455 505
940 989
927 957
963 970
481 523
789 917
935 943
931 931
102 738
352 716
710 911
629 636
979 987
521 777
470 899
929 953
847 914
91 943
76 123
620 692
521 956
921 954
608 974
862 912
685 694
836 886
523 547
715 868
8 345
6 575
547 702
260 287
647 854
140 702
678 806
700 812
10 86
751 811
531 693
659 923
128 459
650 964
234 780
809 879
218 359
479 889
777 990
133 742
165 370
648 710
55 546
739 938
861 964
218 549
910 989
195 661
295 896
23 326
868 902
247 751
527 694
773 941
352 615
700 742
112 666
565 856
425 606
592 717
135 303
655 836
140 731
690 844
714 882
241 856
163 219
447 657
28 609
948 972
191 844
220 364
528 652
164 211
111 505
269 559
500 804
294 895
459 633
980 986
644 658
878 886
26 439
632 823
714 816
278 456
338 707
690 753
923 926
234 560
831 941
269 732
862 883
594 731
444 791
255 611
458 868
180 760
426 441
812 860
12 307
553 608
577 797
688 987
962 985
146 549
708 795
88 123
688 909
120 476
365 712
846 917
397 615
248 394
552 802
827 856
269 877
669 822
371 664
696 830
71 122
589 870
678 939
970 989
816 990
558 977
984 990
845 879
229 816
251 584
938 973
883 883
530 661
716 753
251 729
922 974
459 681
764 958
984 985
677 894
786 796
987 988
187 938
253 961
493 516
777 935
6 546
58 379
674 736
147 960
619 690
288 801
52 519
936 940
274 865
914 922
936 938
788 932
125 182
680 724
263 413
726 735
313 935
762 808
656 912
714 879
680 862
880 897
194 246
532 849
256 972
954 972
421 445
649 973
951 978
202 886
257 379
813 886
494 565
295 610
109 698
924 972
373 676
34 293
963 984
354 760
956 980
611 734
21 739
459 499
627 695
359 709
99 834
897 952
112 401
18 355
840 981
969 970
882 894
95 226
54 444
422 705
344 454
932 961
215 391
221 862
842 910
134 714
224 465
137 439
361 949
521 612
571 849
873 959
904 922
211 513
599 624
128 749
360 424
146 419
804 927
312 850
709 869
717 779
10 834
478 867
803 967
359 921
542 933
896 971
528 871
740 939
289 911
838 902
396 636
796 849
717 927
69 208
604 728
475 746
358 653
838 843
468 866
244 289
589 857
702 816
592 725
12 470
230 650
137 953
241 651
809 983
213 553
560 681
180 766
154 348
84 128
381 860
135 194
91 722
640 732
610 643
880 910
160 920
237 293
119 397
202 438
894 914
45 907
867 985
