0
100
200
1 1 3 4 5 3 7 3 5 4 1 8 9 9 9 15 15 13 3 19 18 16 18 1 11 3 15 19 24 27 3 5 32 2 10 23 7 10 36 8 39 15 21 14 31 1 1 34 26 3 49 25 44 6 34 42 55 38 59 19 10 51 38 38 61 54 62 66 9 3 63 64 32 31 51 25 23 2 25 29 74 24 34 69 30 28 44 70 71 6 29 58 59 28 4 67 76 59 68 45 91 87 55 79 41 7 11 73 37 11 33 13 26 45 33 39 36 78 95 12 103 102 67 83 79 85 108 60 59 78 30 31 63 24 135 8 112 125 54 117 11 75 5 51 50 101 83 103 148 12 129 141 3 131 143 28 136 70 84 70 49 127 80 101 136 164 74 87 94 154 48 135 18 103 166 37 159 31 130 97 11 147 161 143 150 49 96 63 31 101 100 13 52 12 169 68 12 50 94
1 1 1 1 1 -2 1 1 1 1 -4 -1 1 1 1 1 -9 1 1 -30 0 -115 1 0 -14 -7 1 1 -59 -28 1 0 -61 -10 -172 -1 -38 -2 -5 -182 -141 -192 -136 -1 1 -118 -79 -54 -61 -31 -2 -126 -104 -1 -2 -94 -194 -4 -2 -5 0 1 -31 -72 -158 0 -15 1 0 -4 -30 -125 -93 -102 -32 -138 -83 -5 0 -49 -174 -149 0 -19 -3 -88 0 -35 -179 -110 -2 -187 -168 -17 -26 -56 -16 -196 -175 -72 1 -2 -3 -11 -6 -163 -75 -10 -163 -60 -15 -153 -112 -124 -52 -66 -11 -33 -61 -70 -166 -42 -3 -52 -142 -128 -17 -17 -15 -24 -5 -35 -97 -79 -12 -26 -113 -162 -194 -51 -15 -180 -77 -20 -55 -86 -8 -3 -67 -25 -2 -55 -156 -66 -11 -89 -142 -29 -4 -71 -8 -63 -47 -172 1 -32 -175 -155 0 -96 -94 -55 -147 -137 -113 -93 -123 -127 -162 -79 -31 -51 -25 -14 -109 -53 -129 -66 -66 -25 -188 -75 -69 -177 -62 -4 1 -38 -140 -76
200
1 1 3 4 5 3 7 3 5 4 1 8 9 9 9 15 15 13 3 19 18 16 18 1 11 3 15 19 24 27 3 5 32 2 10 23 7 10 36 8 39 15 21 14 31 1 1 34 26 3 49 25 44 6 34 42 55 38 59 19 10 51 38 38 61 54 62 66 9 3 63 64 32 31 51 25 23 2 25 29 74 24 34 69 30 28 44 70 71 6 29 58 59 28 4 67 76 59 68 45 91 87 55 79 41 7 11 73 37 11 33 13 26 45 33 39 36 78 95 12 103 102 67 83 79 85 108 60 59 78 30 31 63 24 135 8 112 125 54 117 11 75 5 51 50 101 83 103 148 12 129 141 3 131 143 28 136 70 84 70 49 127 80 101 136 164 74 87 94 154 48 135 18 103 166 37 159 31 130 97 11 147 161 143 150 49 96 63 31 101 100 13 52 12 169 68 12 50 94
0 0 0 0 0 -3 0 0 0 0 -5 -2 0 0 0 0 -10 0 0 -31 -1 -116 0 -1 -15 -8 0 0 -60 -29 0 -1 -62 -11 -173 -2 -39 -3 -6 -183 -142 -193 -137 -2 0 -119 -80 -55 -62 -32 -3 -127 -105 -2 -3 -95 -195 -5 -3 -6 -1 0 -32 -73 -159 -1 -16 0 -1 -5 -31 -126 -94 -103 -33 -139 -84 -6 -1 -50 -175 -150 -1 -20 -4 -89 -1 -36 -180 -111 -3 -188 -169 -18 -27 -57 -17 -197 -176 -73 0 -3 -4 -12 -7 -164 -76 -11 -164 -61 -16 -154 -113 -125 -53 -67 -12 -34 -62 -71 -167 -43 -4 -53 -143 -129 -18 -18 -16 -25 -6 -36 -98 -80 -13 -27 -114 -163 -195 -52 -16 -181 -78 -21 -56 -87 -9 -4 -68 -26 -3 -56 -157 -67 -12 -90 -143 -30 -5 -72 -9 -64 -48 -173 0 -33 -176 -156 -1 -97 -95 -56 -148 -138 -114 -94 -124 -128 -163 -80 -32 -52 -26 -15 -110 -54 -130 -67 -67 -26 -189 -76 -70 -178 -63 -5 0 -39 -141 -77
6
1 2 2 4 1
34 12 -71 -73 -76 22
6
1 1 3 3 5
99 -27 99 68 45 42
25
1 2 3 2 1 3 7 4 9 7 11 3 7 5 7 1 7 13 18 7 1 6 14 11
12 0 -3 -1 -64 -73 -12 -166 -26 -55 -18 -48 -93 -42 -169 -8 -172 -9 -135 -169 -148 5 -135 -95 -133
18
1 1 1 1 3 5 5 5 3 2 6 3 8 5 1 5 6
2 -19 3 -17 1 -34 -133 -165 -186 0 -18 -94 -88 -180 2 -61 -42 -141
6
1 2 2 1 3
99 99 25 99 -4 16
21
1 1 2 2 3 1 5 4 6 10 8 3 8 7 12 12 11 9 17 11
10 4 3 4 3 -6 -119 -1 -60 -18 -35 -33 -112 -2 -125 -94 -118 -70 -85 -138 -117
6
1 2 1 3 5
99 99 99 1 99 86
10
1 2 2 2 4 3 6 6 4
99 99 3 99 2 94 -27 -29 82 -48
60
1 1 1 1 5 3 7 4 2 7 9 12 7 3 1 10 11 13 16 5 8 3 8 21 1 6 1 8 1 19 1 16 33 13 26 3 8 36 21 19 13 1 1 14 10 34 46 6 24 28 5 42 22 29 30 28 42 26 59
1 2 0 0 0 1 -2 1 -3 -17 -5 -6 -18 -43 -180 -11 -87 -17 -81 -44 -63 -150 -120 -121 -196 -47 -181 -32 -22 -91 -123 -165 -9 -74 -126 -62 -41 -47 -80 -70 -83 -16 -151 -148 -49 -49 -159 -54 -10 -134 -69 -77 -119 -178 -60 -190 -40 -37 -96 -194
14
1 1 3 4 5 4 4 2 9 3 7 11 2
0 -2 -2 2 -91 -153 1 -136 -12 -47 -8 -7 -7 -152
15
1 2 1 2 5 1 2 6 1 9 9 10 6 12
14 11 -57 -155 10 12 -158 -81 8 -1 -146 8 -102 -165 -8
6
1 2 2 4 2
83 69 -99 18 -38 39
38
1 1 2 4 3 6 3 5 4 1 5 4 12 1 7 5 16 11 13 1 5 17 14 17 2 5 8 12 3 15 22 13 13 16 3 34 26
1 1 1 -2 -3 0 1 -33 -70 -147 -12 0 -27 -2 -65 1 -28 -21 -17 -112 -30 -1 -118 -10 -28 -22 -48 -56 -121 -133 -108 -46 -66 -37 -88 -22 -39 -50
11
1 2 3 3 2 3 2 3 8 8
6 5 6 -6 -155 -2 -54 -7 -91 -96 -9
2
1
99 86
17
1 2 3 1 1 1 1 7 7 2 1 2 1 6 15 11
4 -13 -84 -161 -85 -2 2 -148 -80 -159 -51 -169 -101 -87 -32 -99 -145
22
1 2 2 3 5 6 3 6 5 7 3 4 7 7 11 11 6 5 6 7 1
9 10 9 1 10 5 10 -91 -124 -11 -18 -172 -185 -3 -15 -189 -187 3 -56 -94 -59 -141
22
1 2 2 3 2 4 6 6 9 6 8 12 6 9 6 3 17 5 4 4 20
10 11 7 -33 11 4 -87 -111 -44 -172 -103 -115 -115 -77 -95 -61 -114 -112 -90 -65 -65 -109
6
1 1 3 1 5
39 -38 0 -81 39 26
3
1 2
7 -15 -31
24
1 2 1 1 3 4 1 1 4 4 3 6 7 3 13 4 3 1 2 19 11 5 5
11 -17 -53 2 7 -86 -68 -106 -163 -84 -17 -86 -126 -172 -141 -148 -105 -58 -78 -56 -85 -57 -78 0
6
1 1 1 3 1
63 -57 62 -51 -100 -1
21
1 2 3 3 5 1 2 4 5 2 3 4 4 11 6 9 7 10 17 13
5 1 0 1 2 -3 -23 -7 -3 -3 -46 -189 -13 -27 -161 -49 -29 -63 -48 -83 -10
16
1 2 2 1 1 5 4 1 7 1 7 10 6 4 5
2 -1 -110 -15 0 4 1 -38 -179 -23 -142 -61 -145 -4 -185 -51
41
1 1 2 3 5 6 2 2 2 7 2 2 1 12 8 16 11 8 4 12 18 6 14 24 21 8 10 22 8 12 29 12 23 11 6 3 24 24 17 28
3 0 3 -122 1 -5 -20 -3 -20 0 -39 -26 -39 -1 -184 -39 -41 -65 -176 -132 -180 -73 -7 -13 -171 -193 -79 -4 -78 -128 -31 -99 -164 -20 -198 -43 -161 -113 -47 -48 -12
18
1 1 1 3 1 5 6 7 3 8 8 4 13 4 9 10 9
5 -138 7 -26 7 -40 4 -52 2 1 -137 -61 -50 -98 -186 -41 -3 -5
31
1 2 2 4 2 2 4 8 6 6 5 1 4 13 1 15 11 10 1 14 2 5 10 2 22 26 25 16 8 3
4 0 -21 1 -14 0 -166 -12 -9 -43 -10 -26 -26 -80 -26 -31 -184 -147 -142 -159 -157 -1 -145 -98 -151 -3 -97 -153 -71 -67 -96
9
1 1 2 2 1 1 1 3
22 -14 3 -28 -37 21 -59 -68 -61
6
1 1 2 1 4
99 53 40 22 24 8
7
1 1 3 1 4 6
40 -45 34 38 -1 25 -49
32
1 1 1 3 2 5 3 5 1 1 6 10 13 12 7 3 8 1 6 17 4 1 6 24 20 19 16 11 27 24 7
0 3 4 -6 0 3 3 -35 -88 -5 -26 -126 -13 -151 -155 -4 -86 -83 -109 -78 -89 -192 -62 1 -8 -98 -165 -21 -81 -186 -77 -40
4
1 2 2
99 66 -11 15
4
1 1 1
99 77 74 27
12
1 1 3 2 1 1 4 4 2 7 11
8 -1 -18 -38 -183 -124 7 -68 -50 -45 -37 -187
8
1 1 2 4 1 6 4
44 18 -77 19 -36 26 -114 -29
19
1 2 2 2 2 2 1 5 8 6 8 2 5 11 9 14 11 7
16 12 1 -116 13 -12 -11 -59 11 -78 -44 -105 -139 -18 -122 12 -37 -46 -8
14
1 1 1 2 4 3 6 7 9 2 1 5 9
4 1 5 -26 -59 -58 -17 -66 -69 -150 -9 -25 -167 -100
22
1 2 3 2 3 6 1 6 6 4 6 1 9 1 15 5 3 15 14 18 9
19 19 16 -65 -49 17 -10 -168 15 -128 -140 -126 -3 15 -18 -45 -72 4 -40 5 -9 -92
18
1 1 2 2 3 3 5 1 6 10 10 4 3 11 2 4 10
3 1 -1 -7 -3 -1 -27 -10 -190 -7 -10 -163 -41 -147 -63 -128 -80 -189
13
1 1 3 2 1 6 6 5 5 1 4 4
20 -29 16 -48 -52 6 -35 3 -68 -53 -128 -164 -66
3
1 1
87 47 41
7
1 2 2 1 4 2
99 99 -8 99 2 99 -13
22
1 1 1 4 1 3 5 7 9 4 3 1 5 11 5 11 7 16 3 19 14
5 -137 -2 5 2 -98 0 -150 -39 -115 -33 -172 -120 1 -105 -4 -65 -177 -4 -20 -138 2
18
1 1 3 1 2 4 5 6 8 5 2 1 7 8 14 14 15
6 -46 5 -1 -1 -76 0 0 -129 -139 -100 -67 -183 -14 -20 -122 -26 -107
3
1 1
99 99 5
32
1 1 3 3 4 3 2 2 1 4 7 2 12 8 10 7 16 16 1 1 18 16 12 17 23 20 3 5 8 7 13
6 2 1 -89 -8 -189 -14 6 -18 1 -116 -44 -36 -183 -27 -11 -52 -64 -106 -24 -110 -66 -7 -183 -98 -15 -22 -122 -148 4 -105 -134
32
1 2 1 3 5 5 4 4 2 3 1 1 9 10 4 12 11 9 13 19 14 21 7 8 18 12 17 9 27 19 27
-2 -3 3 -2 2 0 -35 -13 3 -93 -1 -3 -80 3 -100 -28 -1 -2 0 -88 -61 -77 -106 -80 -17 -20 -51 -24 -114 -84 -107 -78
2
1
81 69
8
1 1 2 3 5 3 1
40 -4 31 -130 2 -123 27 -101
5
1 2 3 3
99 99 99 2 8
8
1 1 3 4 1 2 7
10 -3 11 -22 -41 -139 -2 -100
44
1 2 3 1 3 3 3 8 6 8 10 1 3 9 14 12 6 17 14 12 15 13 22 23 15 13 9 12 24 20 16 12 17 25 5 13 22 18 11 34 13 21 9
-2 1 0 -62 -41 3 -89 0 1 3 -4 -3 -14 2 0 -72 -7 -11 -4 -13 -17 0 -36 -20 -37 -115 -19 -184 -116 -67 -13 -70 -80 -97 -45 -56 -156 -166 -40 -83 -164 -24 -145 -190
17
1 1 1 3 1 6 5 2 4 5 9 5 4 3 7 15
5 0 -5 -1 -34 1 -7 -135 -3 -32 -104 -39 -194 -1 -6 -22 -45
24
1 2 2 4 5 1 3 5 3 6 1 5 13 8 7 2 4 14 12 4 9 21 6
47 42 -4 45 44 -20 -27 -20 -27 -39 -34 -6 2 -50 -27 -148 1 -83 -100 -24 -1 -67 -36 -28
39
1 1 1 2 3 3 6 1 4 1 1 7 6 1 8 2 15 10 16 7 16 13 2 18 24 1 20 15 16 10 5 18 2 6 34 12 27 17
4 -15 -1 -17 -174 1 -26 -3 -62 -24 -115 -106 -80 -99 -1 0 -64 1 -140 -142 -86 -10 -129 -17 -2 -25 -49 -144 -92 -93 -65 -189 -142 -19 -135 -26 -137 -140 -185
3
1 2
92 71 52
2
1
92 -47
6
1 1 1 3 5
12 -63 9 2 11 -57
19
1 1 1 2 4 6 1 5 5 1 10 8 11 7 8 7 2 18
6 -1 -96 3 -10 4 -15 -22 -94 -33 -8 -51 -166 -19 -70 -64 -43 -141 -180
26
1 2 1 1 4 5 3 6 4 8 11 6 12 14 6 6 6 15 9 13 1 20 11 9 2
0 3 0 0 -25 -2 -52 1 -13 -143 -4 -2 -66 -9 -19 -138 -63 3 -50 -41 -68 -111 -129 -22 -38 -52
13
1 2 2 1 2 6 7 7 7 4 6 5
4 -1 -143 1 -14 -2 0 -10 -21 -78 -4 -69 -154
6
1 2 1 1 4
99 32 3 40 59 30
3
1 1
99 70 44
19
1 1 3 3 3 1 7 5 9 9 11 4 2 10 4 5 4 12
3 -2 2 0 -1 -17 -178 -192 2 -37 -2 -8 -159 -34 -111 -133 -10 -8 -20
27
1 1 3 4 5 2 1 2 8 2 9 7 11 7 1 12 12 15 7 13 16 8 17 2 20 7
6 2 -2 -3 -27 -130 -9 -32 6 -80 -36 -4 -80 -82 -24 -14 -20 -12 -156 -51 -92 -22 -183 -101 -183 -81 -161
7
1 2 1 3 5 6
99 99 99 19 99 99 99
3
1 2
61 52 13
19
1 2 2 4 2 1 5 5 5 8 4 5 1 2 12 16 13 8
3 -1 -30 0 0 -90 -55 4 -83 -158 -91 -9 0 -84 -187 -11 -18 -21 -9
4
1 1 2
34 27 7 26
17
1 2 2 1 4 5 1 3 5 8 11 11 5 7 14 7
3 -27 -62 -92 -1 -148 0 7 -170 -132 1 -66 -58 -19 -10 -37 -107
10
1 1 2 3 2 1 1 6 1
80 49 -23 -43 -27 45 21 -48 26 7
3
1 2
70 75 49
12
1 1 2 1 5 4 6 8 3 10 1
1 -2 2 -7 -1 3 -29 -1 -72 1 -3 -199
20
1 2 1 1 2 5 3 7 9 8 1 5 7 5 1 9 15 1 14
3 0 -3 -104 -1 -62 -12 -103 -31 -55 -172 -110 -183 -33 -45 2 -165 -114 -21 -149
7
1 1 3 3 2 6
9 7 6 -20 -83 -60 -81
21
1 2 1 1 4 1 7 5 2 4 2 1 4 8 3 4 14 12 8 3
39 -33 -38 -7 -68 -23 39 26 -102 -134 -89 -34 -1 -49 -16 -100 -139 -64 -106 -88 -71
12
1 1 1 2 4 4 7 5 7 8 8
16 2 -134 13 -79 -51 6 -15 -106 -37 -39 -79
28
1 2 3 2 3 4 4 8 3 6 9 3 9 12 15 6 5 7 10 12 19 21 2 17 9 2 10
26 22 28 24 -29 1 -33 23 22 -43 -33 -5 -40 -50 -28 -88 -7 -52 -67 -88 -102 -134 -155 -155 -35 8 -92 -59
77
1 2 1 3 4 5 2 3 6 6 9 12 9 4 12 14 2 16 2 13 10 13 11 9 16 23 23 3 17 26 24 31 8 26 13 20 8 35 29 31 35 8 30 4 17 22 7 42 6 38 46 7 34 51 2 3 2 16 50 32 54 22 48 41 33 25 21 60 15 42 5 69 7 62 27 22
-2 0 2 3 0 2 0 1 -1 -4 -4 1 -3 -10 -10 0 -27 -137 -13 -77 -34 -29 -8 -17 0 1 -26 -43 -91 -33 -21 -90 -60 1 -3 -157 -106 -142 -160 -138 -22 -3 -136 -110 -100 -169 -127 1 -155 -5 -153 -170 -77 -5 -159 -71 -121 -50 -171 -4 -111 -6 -48 -6 -59 -199 -34 -161 -12 -24 -36 -40 -76 -59 -60 -65 -75
4
1 1 3
99 2 99 99
6
1 1 3 1 2
25 23 9 -66 -23 -7
12
1 2 2 3 2 1 6 2 8 4 2
46 42 -35 -9 -92 41 -124 44 -2 39 -96 -60
18
1 2 1 4 2 4 2 6 7 8 8 3 4 7 11 5 12
2 1 -37 -1 -5 -14 -11 -3 -44 -98 -17 -49 -108 -2 -33 -61 -27 -177
36
1 1 3 4 4 4 1 5 8 1 5 11 13 12 15 5 3 18 2 20 8 7 8 14 9 12 17 2 26 11 27 2 7 4 12
-2 -2 0 -3 -4 -144 -12 -76 -28 -120 -2 -3 -3 -17 -14 -159 -76 -33 -134 -18 -18 -118 -116 -79 -17 -29 -7 -81 1 -182 -174 -117 -24 -42 -179 -119
24
1 1 3 1 5 3 6 3 1 1 11 3 4 11 1 12 2 7 6 20 20 2 11
11 -71 13 -41 -28 -37 -24 -56 -100 -159 3 -10 -181 -111 -176 -80 -48 -132 -52 -103 -136 -99 -160 -181
28
1 1 2 3 1 4 3 2 4 5 10 11 4 8 5 10 15 3 8 18 17 6 12 19 23 17 16
0 -2 2 2 -6 -64 -152 -2 -27 2 -5 -10 -13 -135 -4 -89 -8 -20 -145 -35 -141 -168 -79 -61 -153 -115 -26 -92
20
1 2 2 1 4 6 2 2 4 1 5 5 6 1 8 8 16 15 7
2 2 -133 -5 -57 -6 -15 -3 0 -108 -27 -78 -125 -174 -1 -85 -28 -126 -15 -19
11
1 2 1 4 3 3 6 1 1 1
81 81 84 -21 -91 77 -71 80 -38 -72 1
2
1
27 16
11
1 1 3 3 4 6 5 3 2 6
7 2 9 10 -26 -2 -181 -155 -134 -42 -45
11
1 2 1 2 2 1 7 1 8 9
2 1 -67 -36 -7 -151 -45 -74 -1 -151 -4
67
1 2 2 1 4 5 5 7 4 6 5 5 10 13 8 7 2 3 12 15 20 14 22 7 5 25 14 5 14 19 24 6 30 19 18 28 10 25 3 38 11 34 40 4 23 26 20 40 17 48 33 50 44 24 46 29 33 56 45 16 35 10 40 54 63 38
-3 3 3 2 -1 -8 -3 -24 -1 3 -12 -5 -170 -1 -172 -36 -90 -46 0 -8 -187 -12 -16 -15 -35 -150 -50 -101 -3 1 -165 -183 -11 -11 -25 -70 -109 -79 -60 -13 -132 -105 -34 -18 -15 -23 -196 -9 -86 -136 -46 -98 -154 -72 -46 -62 -74 -140 -130 -38 -64 -166 -122 -183 -79 -131 -143
9
1 2 2 3 1 1 6 7
66 35 -44 -31 -57 32 -83 -59 -93
5
1 1 3 2
32 20 8 -16 -25
8
1 2 2 3 3 2 1
80 72 64 -115 -81 -7 -46 2
25
1 1 2 1 5 1 6 1 3 2 11 7 5 4 4 15 4 11 17 12 3 14 2 4
4 -2 6 -3 -16 -94 -69 -156 -86 -4 0 -5 -184 -12 -31 -38 -114 -67 -62 -142 -56 -151 -40 -21 -2
4
1 2 1
82 36 15 45
32
1 1 2 1 2 5 1 8 3 5 2 1 11 7 5 5 14 1 2 12 16 11 20 8 14 6 17 2 9 11 3
2 -25 -26 -29 -2 -100 -8 -49 -95 -40 -2 -22 -169 3 -51 -3 -23 -117 -29 -53 -31 -33 -93 -161 -57 -54 -121 -36 -139 -149 -30 -107
