264
8110
1473
8550
9521
3650
266
1422
3892
5089
9313
6574
7678
6002
6831
739
8807
422
1671
1842
9553
6083
15
1217
7627
4236
1878
3369
8985
6157
6514
339
402
8861
5936
2829
2890
7090
8377
3507
7657
1922
2715
2098
1444
3405
9563
4128
9117
7521
7439
75
5259
1804
3924
3541
2398
9309
762
4752
4011
6497
6958
5514
6804
8189
9026
259
2947
6649
5205
1622
3787
2456
4862
8552
2183
2897
137
7295
7177
6462
4222
3609
6647
8793
6165
8127
9288
8291
5541
4797
3413
8357
6493
2377
3672
8830
480
5244
6174
9870
6121
5830
7709
5160
8517
821
3031
614
8694
7950
6685
9813
6830
6876
9751
1622
7918
7578
2402
5673
9031
5662
5945
6091
9672
8197
8860
2277
2951
7018
1171
2551
5082
1186
5596
6423
1839
8854
4570
7080
3840
1198
8409
2736
6101
2754
8605
2602
1577
7600
2995
8556
5076
1260
6944
3140
2386
9024
6247
4059
1969
5258
4613
9859
5297
4850
292
7483
496
7510
4477
5416
7717
9600
9699
2753
3865
4393
7834
9880
441
525
4797
6844
319
5250
7468
2153
9103
8932
7313
1940
4218
7578
803
7827
1892
4385
5151
702
7891
9028
2031
9194
5857
8992
2980
9993
7934
3096
3754
8589
1221
8145
3895
4421
475
5792
1915
7479
9664
7191
4281
8381
5132
5680
2086
4834
767
7905
1810
4181
6931
9021
3226
5995
5742
32
3461
5986
5114
621
2810
1705
2207
8993
4621
7122
1689
9382
1888
1359
148
2854
2729
6767
4406
317
9493
5081
5043
1371
3818
