447
7899
3070
7667
7344
7152
1098
4899
7610
2623
6086
4864
3477
4429
188
6618
3851
2649
2672
8125
8923
2891
9273
9896
1117
819
3614
1145
7656
760
6972
464
1144
4103
3080
5141
6376
2809
657
639
7079
100
5871
2271
6922
665
3889
6040
617
4615
8596
6308
7085
7849
914
741
9000
5048
3675
356
1804
7394
7203
1891
6467
2833
2464
596
1327
8232
6831
4585
8293
3616
6713
3888
8901
8481
550
513
1064
8256
4028
3133
4456
2707
3796
5845
4859
9178
760
9428
7807
4013
2478
8665
124
2586
7920
1095
6728
6417
6672
9929
1162
4022
1865
305
7387
6270
6270
4652
2032
8671
8282
6278
474
9335
6619
2201
5671
8811
1135
2927
2545
4770
5899
5183
7398
5660
6720
2592
1697
8218
7588
9991
8304
736
3960
7388
919
1527
3116
9176
7023
6087
9665
3718
8477
9040
3337
1009
9734
1587
7363
72
6694
3676
2518
374
7793
3268
3952
1138
3486
7477
2055
2912
7780
2463
6281
2813
3792
992
8927
1314
5116
8716
2648
7442
925
4295
3548
3770
3401
3138
9706
2659
108
7115
133
2127
1164
2509
3661
370
8607
5385
7660
9497
2071
4058
8704
4015
1036
3293
4569
9367
4195
6077
4536
2922
7230
7441
5629
5946
7483
9666
6796
3442
6590
8844
2417
4717
4766
3956
4349
1963
9744
1834
6123
6028
1493
5499
4843
7587
2514
6763
769
2467
9559
5864
9945
1869
2205
3301
6642
3020
2318
2869
2453
9908
3389
9392
2726
1617
6209
3046
1591
6674
552
6506
4193
8875
8259
7779
7249
2951
262
9164
5793
2864
5046
6246
7498
2114
3206
3151
4894
6791
9485
9729
2962
411
8433
4412
3835
8145
9649
4067
1273
497
2797
9482
322
6265
9988
9279
3201
6934
8461
9408
8797
7331
6617
8691
5996
4932
1612
8786
9276
6576
834
147
931
2229
4844
3863
5696
3926
1060
9353
4425
5115
1684
8245
2952
8259
8674
1063
7204
8547
6485
3442
7552
1485
5868
7421
6910
3829
6981
639
6744
4859
4193
1142
8247
2408
657
420
7496
1220
4520
1829
9941
1190
7749
5165
3752
5770
6263
61
4269
8651
5235
8311
7482
7006
8224
8206
8795
8529
4614
1193
7528
6367
1359
2891
9132
8208
1106
3932
2751
5544
8412
5771
7885
1468
9665
5559
6736
3331
6380
9215
1642
3883
169
7641
2056
148
5689
5903
7963
5027
7180
3493
5433
9774
289
2166
3622
446
2613
4019
1614
2354
8612
5891
7348
8715
2916
9938
4306
7057
867
6557
9984
9020
2986
8481
5130
9605
1129
8945
9402
7448
6080
7621
6402
8733
7844
6140
7790
4974
7759
3163
2078
6781
