164
67
5779
5835
7981
270
9258
205
8266
9176
4361
4898
5767
8107
4717
2767
4840
4251
151
5308
2617
1627
3783
9771
3837
2034
1135
1726
9599
2142
7554
6993
4830
1989
6907
7917
5416
8367
1372
825
4718
8657
2532
4150
7298
960
9751
8475
7988
4778
3390
297
8024
2296
2467
8755
8956
8863
7287
1
5761
6703
8029
6593
9619
282
7513
2669
9831
538
5095
6496
162
3353
676
6757
5861
5818
3497
903
2562
4165
6188
7795
152
4763
1736
5955
5397
5325
6791
6663
9226
8866
5014
7252
8708
3239
3343
2104
2563
2620
914
3251
3191
5930
253
8441
1990
5182
9524
2458
3037
5807
4634
7584
6959
108
5625
8980
9902
7032
7875
6526
551
36
7936
9260
9553
6883
7892
1328
2911
522
7505
282
283
5217
4944
7216
3158
4449
9307
6230
5076
2439
8974
7176
1781
5252
1224
5148
3580
2578
4952
1158
8896
3349
8381
2395
9502
8700
7786
9386
3596
