56
18
42
36
40
30
21
63
24
42
50
48
80
20
35
28
72
60
32
39
60
42
42
18
56
63
9
50
20
27
48
25
50
20
25
40
64
36
45
21
25
77
72
20
25
16
16
45
12
18
32
27
48
44
24
108
50
72
28
36
44
20
49
7
48
42
90
65
9
55
24
42
54
70
30
42
40
32
48
33
32
40
25
48
35
64
40
10
50
80
42
40
12
56
30
40
30
98
30
36
16
63
24
42
72
64
56
24
32
56
45
18
12
14
132
32
32
24
28
36
32
22
56
12
49
32
120
90
32
21
50
48
30
49
15
25
40
40
51
28
48
90
44
40
25
42
18
56
20
21
35
98
16
63
32
35
40
49
16
42
72
56
6
24
45
50
66
40
63
48
33
49
42
32
32
64
35
56
63
55
40
48
24
45
30
48
63
48
22
20
36
98
21
32
48
25
63
32
49
54
72
72
21
40
60
28
32
27
45
60
48
20
50
20
40
44
25
80
50
36
42
12
112
44
32
48
48
21
28
49
77
99
27
48
40
98
25
72
32
80
42
64
36
36
30
40
12
27
63
35
35
45
8
40
56
36
30
78
25
25
25
10
40
63
28
35
15
80
42
66
72
63
44
42
72
30
60
77
45
20
49
54
16
49
35
56
24
40
28
54
40
42
49
16
28
9
66
54
30
15
18
21
40
48
85
49
9
55
36
42
36
88
21
36
112
36
60
55
20
66
32
99
22
16
33
50
24
40
33
36
48
60
32
56
33
45
44
12
10
24
45
6
27
30
60
18
45
18
42
18
63
30
54
40
63
18
21
25
18
112
102
20
24
30
10
30
42
24
21
35
16
30
12
80
56
20
50
108
42
98
28
32
30
49
24
48
56
32
18
60
35
55
36
54
28
24
36
24
30
40
24
48
45
72
36
42
56
96
49
28
16
28
18
16
30
55
36
121
66
18
75
21
40
12
50
26
72
63
30
48
80
45
18
54
48
54
96
12
45
21
21
36
49
10
42
112
30
56
40
36
42
45
25
32
48
20
50
40
40
36
72
28
48
35
15
28
54
45
36
30
32
24
36
20
40
28
36
21
50
9
12
56
50
15
48
35
54
77
50
45
20
28
28
32
40
22
22
56
48
30
48
50
54
45
40
30
98
78
42
25
40
49
50
30
48
69
50
24
42
36
80
40
36
56
55
18
35
48
33
16
60
40
30
40
64
36
30
33
63
33
24
66
77
21
32
60
35
35
70
40
49
21
25
32
40
15
27
32
72
24
56
40
48
30
48
24
120
88
64
50
28
24
25
40
20
36
54
24
48
28
77
70
32
30
42
24
35
35
49
24
30
30
50
27
55
63
24
27
32
27
60
60
30
12
21
25
18
12
20
25
30
25
30
36
30
14
25
56
56
30
25
40
42
56
40
28
60
72
54
16
16
45
15
20
56
50
12
24
33
48
32
45
32
63
72
66
160
48
24
60
25
80
66
50
35
30
28
18
77
66
98
64
10
64
27
18
44
8
30
90
42
50
81
36
28
63
27
36
56
54
40
36
56
49
49
48
40
72
64
21
45
69
30
42
25
63
27
49
84
16
40
27
85
112
14
36
24
70
8
63
60
20
15
33
60
112
36
40
49
35
63
25
60
42
18
60
90
42
56
27
40
25
36
63
28
20
32
32
15
45
24
72
27
30
12
14
24
49
24
36
40
42
35
88
24
24
35
21
35
14
56
84
36
50
42
128
30
35
42
25
42
18
45
84
95
21
45
24
18
56
48
36
54
30
45
15
40
63
25
24
50
16
20
40
42
49
98
30
20
18
78
16
49
28
24
63
48
32
99
36
20
27
48
72
44
40
160
30
30
24
28
64
60
20
16
49
60
64
45
35
18
49
36
30
27
56
54
24
24
28
40
40
28
30
54
22
30
25
28
32
66
24
35
12
35
42
54
45
15
36
30
35
80
49
45
30
56
49
21
20
32
8
72
25
72
55
45
10
35
25
36
60
36
28
28
50
42
24
18
40
28
56
36
72
12
42
30
30
27
30
24
44
12
35
24
66
40
24
30
44
56
42
25
108
36
56
12
34
25
60
16
27
72
25
52
14
18
25
35
12
70
28
20
42
40
20
22
77
40
45
30
12
64
70
18
42
80
36
16
40
28
35
50
24
16
60
48
49
21
40
24
50
28
49
9
30
48
44
15
36
45
72
35
36
33
91
65
15
36
32
24
35
45
30
40
40
27
30
25
21
40
30
49
50
36
22
60
33
60
40
