1000
255 839
42 92
219 720
165 537
237 773
257 843
47 111
146 469
169 557
251 825
106 318
217 714
160 521
62 158
151 483
70 197
258 845
115 357
63 160
187 614
204 675
97 289
207 681
136 431
107 326
85 252
113 346
230 753
207 685
46 108
50 119
181 596
199 655
173 568
254 838
104 312
111 343
59 151
189 623
67 176
133 417
130 407
137 435
218 717
138 441
244 795
149 477
43 93
261 855
44 102
221 727
187 616
159 521
153 491
136 433
135 426
75 212
65 171
179 587
87 259
101 307
54 132
212 702
220 725
207 682
80 233
115 358
86 254
177 581
237 775
228 747
163 532
168 550
98 295
227 746
78 227
99 300
149 478
201 660
108 328
121 380
257 844
136 434
52 126
222 732
174 571
101 304
187 618
247 809
169 556
67 179
263 862
126 398
58 150
63 161
107 322
182 600
44 98
133 418
239 781
263 861
70 194
165 536
86 255
107 323
170 558
200 658
170 557
45 106
62 160
66 172
176 581
131 412
49 118
235 767
121 379
81 238
111 339
204 676
224 737
203 669
154 501
56 145
243 792
252 829
202 666
234 764
208 686
259 847
119 371
106 316
140 448
242 791
166 540
211 696
56 142
196 648
204 673
140 446
103 312
135 427
134 421
186 609
47 109
194 640
183 605
55 139
69 191
69 187
241 788
116 360
81 237
194 641
214 707
168 548
185 609
232 755
131 409
54 136
215 710
153 494
254 834
180 593
221 730
135 428
51 123
191 633
61 158
50 123
228 748
115 356
252 828
156 504
96 283
124 386
238 776
245 798
58 149
213 704
203 672
125 392
124 385
225 742
125 391
222 733
222 731
216 713
239 784
161 523
56 140
220 726
48 112
149 481
132 414
239 779
134 420
171 562
92 275
229 750
120 377
241 787
211 697
214 708
101 308
131 407
176 577
184 606
95 282
124 388
74 209
157 509
100 302
105 315
71 201
73 204
214 709
155 504
105 314
258 846
116 361
86 258
252 825
85 253
260 851
164 534
148 472
64 166
166 537
193 640
94 280
112 343
243 793
237 774
54 138
236 771
48 114
245 799
122 381
124 384
183 604
116 363
59 152
78 226
171 565
78 224
43 97
173 570
163 531
190 630
236 770
182 599
74 206
148 475
194 643
86 257
256 842
71 200
121 378
189 627
211 699
83 243
157 507
74 210
136 429
149 480
126 397
162 526
133 419
246 802
151 486
200 657
83 241
147 472
196 649
180 595
136 435
70 192
168 547
154 499
84 248
260 853
97 292
193 638
102 310
42 89
261 857
84 246
165 534
229 751
146 470
45 103
165 535
111 341
84 247
98 294
158 514
206 679
142 460
241 789
81 239
180 596
54 135
166 538
256 840
188 620
109 332
191 634
226 743
85 250
249 812
76 216
221 728
108 330
84 245
106 321
232 759
216 712
226 744
226 745
260 854
213 706
152 489
116 362
60 156
78 222
125 393
118 371
219 722
209 687
188 618
110 338
92 274
117 365
126 393
195 646
157 506
242 789
122 382
167 546
252 830
62 159
97 290
112 346
68 183
134 422
144 464
248 809
80 232
86 253
93 277
215 712
59 153
103 310
231 753
75 213
208 685
245 800
151 487
166 541
211 698
92 276
46 109
114 349
101 303
140 450
83 242
93 278
262 857
95 283
116 364
109 336
219 725
260 852
239 778
58 147
100 303
89 264
239 782
158 516
189 626
238 778
209 689
44 99
191 630
197 651
87 260
213 703
116 358
238 777
217 716
137 437
251 824
65 169
263 865
106 320
77 219
186 614
94 279
113 348
145 466
181 597
98 298
137 438
219 723
94 278
126 396
118 367
50 120
60 155
184 607
210 694
148 473
154 498
125 390
52 127
128 403
204 677
179 591
202 662
118 370
136 430
74 211
184 605
179 588
89 266
159 519
51 124
157 508
143 461
69 186
76 214
142 455
104 313
67 180
48 115
260 850
190 629
203 671
210 695
81 235
219 724
53 129
195 647
68 182
262 859
217 715
201 659
253 831
47 110
80 231
99 299
171 561
132 413
240 785
71 199
44 101
138 442
166 539
108 327
69 190
153 495
75 214
189 625
230 751
90 270
149 479
246 803
51 125
250 821
174 570
210 691
81 236
167 544
117 364
234 765
185 608
212 701
64 163
233 760
134 425
255 838
191 636
141 452
84 243
235 768
262 861
173 569
169 551
91 274
139 446
42 90
129 404
132 415
86 259
187 617
77 217
249 816
72 202
218 718
95 281
203 670
242 790
250 819
101 306
250 820
66 173
115 353
158 511
250 822
223 736
252 826
66 171
156 506
187 615
125 388
106 319
207 683
102 309
198 654
79 230
179 589
153 492
162 527
255 840
144 463
177 583
109 333
99 298
98 296
63 162
126 395
55 140
191 631
53 132
128 401
91 271
209 691
158 513
67 181
141 453
96 286
87 261
52 125
170 559
141 455
178 585
124 387
169 555
161 525
247 806
139 443
178 586
154 497
56 144
115 355
251 822
175 573
112 344
206 680
111 342
108 326
129 403
118 368
60 153
224 738
159 518
71 197
77 222
254 837
172 567
148 477
212 700
231 755
148 474
239 780
167 545
252 827
164 532
110 336
263 864
90 266
49 117
246 800
120 376
164 533
177 582
175 574
58 151
249 814
137 439
90 269
79 229
254 832
145 465
247 804
127 398
91 270
80 234
248 811
69 185
233 761
197 652
150 482
261 854
169 553
98 293
157 510
183 601
45 102
118 369
139 444
73 203
249 815
242 792
78 225
134 423
170 560
132 416
161 524
130 405
54 137
211 700
254 836
43 98
72 203
115 354
209 690
56 143
48 116
128 402
192 638
186 613
172 566
158 512
90 268
123 384
247 808
114 348
235 770
112 345
56 141
79 227
253 830
154 500
135 429
224 741
247 807
191 632
148 476
169 554
248 812
203 667
137 440
144 465
118 366
66 176
151 488
42 91
88 262
77 218
253 832
125 389
190 627
202 663
223 735
201 661
131 410
89 265
50 122
142 458
152 491
154 502
45 105
91 273
145 467
67 178
135 425
71 198
248 810
199 656
250 818
256 841
102 308
153 496
106 322
144 462
190 628
243 794
53 128
79 231
42 87
147 470
44 100
172 568
257 842
82 240
229 749
153 493
47 112
160 522
163 530
45 104
249 817
67 177
240 786
85 249
73 206
237 776
197 649
259 849
174 573
68 184
139 445
206 681
183 600
96 284
151 485
43 96
159 517
161 526
91 272
207 684
114 350
210 692
195 645
42 88
159 520
243 795
131 408
150 481
97 287
122 380
77 221
94 281
140 449
180 594
158 515
188 621
104 314
193 639
179 592
154 496
113 347
204 672
192 637
223 734
53 131
244 797
221 729
172 565
114 352
137 441
133 416
98 292
188 619
156 505
215 711
136 432
240 784
61 156
159 516
192 636
189 621
54 133
58 148
155 503
244 798
78 223
195 644
108 332
45 107
85 248
262 858
152 490
237 772
53 130
72 201
200 656
46 107
48 113
110 339
191 635
244 796
93 276
181 598
126 394
65 167
203 668
202 665
48 117
227 747
202 667
218 716
123 383
66 174
247 805
151 489
239 783
183 603
167 541
259 846
174 572
223 733
198 653
189 624
189 622
82 239
69 188
140 447
134 424
186 612
64 164
215 709
70 193
204 674
79 228
224 736
196 647
127 400
117 366
96 287
76 215
70 195
175 576
116 359
128 400
232 757
110 337
249 813
231 754
168 546
43 94
54 134
241 786
250 817
194 644
201 662
53 127
107 324
176 580
64 162
111 340
236 772
210 693
262 860
69 189
157 511
60 154
205 678
82 241
123 382
178 584
65 170
77 216
77 220
88 264
119 373
201 658
179 590
182 598
114 351
84 244
260 849
138 443
88 261
167 542
85 251
211 695
224 739
143 460
254 835
232 756
259 848
197 650
142 459
162 530
108 331
254 833
225 743
251 823
66 175
131 413
50 121
109 335
97 291
43 92
143 462
57 146
134 419
213 707
81 234
49 119
199 654
55 138
140 451
180 592
162 528
198 652
130 406
227 745
246 804
146 468
234 763
183 602
57 145
114 353
120 375
209 688
213 705
168 549
142 456
108 329
178 587
171 564
232 758
194 642
186 610
74 212
168 551
107 325
97 288
120 373
106 317
70 191
88 263
64 167
261 856
86 256
175 575
186 611
61 157
162 529
73 205
235 766
109 334
96 285
218 719
141 454
235 769
218 720
127 399
232 760
176 576
233 762
120 374
142 457
263 863
146 467
169 552
150 483
202 664
176 579
98 297
131 411
64 165
205 679
147 471
74 207
103 311
105 316
205 677
160 523
221 731
57 147
234 766
234 762
208 687
246 801
137 436
151 484
216 714
68 185
170 561
228 749
90 267
171 563
119 372
100 301
212 703
67 182
220 727
167 543
219 721
185 607
129 405
225 741
100 300
74 208
224 740
70 196
155 502
176 578
43 95
177 584
120 378
141 451
258 844
230 752
101 305
65 168
9826
555 829
55 237
722 630
965 449
343 148
837 46
911 525
278 987
78 493
874 627
592 32
54 273
470 795
654 257
921 27
321 816
83 81
293 239
745 331
699 831
209 940
533 609
880 712
49 741
870 163
389 834
727 7
518 707
613 784
987 276
596 299
121 149
169 64
306 603
653 645
224 664
921 268
569 215
186 337
16 917
481 746
171 629
601 877
172 437
361 97
137 686
295 238
127 395
251 401
839 631
186 628
133 730
460 51
20 116
625 307
581 497
537 721
391 736
959 457
742 257
290 296
979 253
57 865
1 528
389 929
630 105
778 164
238 171
762 926
932 331
451 177
517 204
851 701
608 821
97 358
195 281
372 299
974 874
363 830
833 687
626 880
701 271
273 465
217 646
584 106
990 28
279 29
333 517
201 636
697 724
337 104
796 258
470 584
429 149
33 532
915 85
939 806
946 476
873 849
755 507
181 222
741 535
1 562
715 685
996 303
529 162
721 985
264 603
109 395
763 349
781 601
555 121
375 607
415 258
915 556
425 206
14 422
608 746
495 545
862 705
319 10
277 892
94 535
50 570
775 178
526 118
821 957
210 495
964 126
483 965
291 580
509 481
913 39
701 130
531 281
16 651
883 539
741 400
338 296
231 209
721 807
491 226
725 954
35 752
485 846
970 400
780 117
699 31
603 483
525 554
765 835
201 816
745 887
408 920
187 237
38 981
51 991
545 484
597 921
1 747
191 19
480 269
147 457
881 900
841 794
664 177
165 581
25 440
861 441
529 848
713 666
255 596
863 649
667 122
725 631
250 776
222 73
17 841
571 658
782 328
921 641
297 523
861 116
671 651
873 759
22 247
829 906
893 966
317 251
501 833
463 226
516 691
915 651
401 337
937 599
429 665
851 632
501 305
791 863
905 101
651 976
847 391
911 739
358 531
41 97
142 247
801 403
501 893
541 529
914 55
24 873
737 473
135 764
301 907
591 551
645 961
785 365
856 924
531 783
936 690
514 4
911 455
157 976
6 121
177 469
878 461
465 891
649 751
265 391
516 330
76 930
974 126
609 176
457 337
901 914
937 579
538 517
135 611
49 855
1 445
279 391
869 602
492 257
736 671
899 642
696 65
670 311
141 661
877 281
421 399
845 381
54 773
628 487
464 836
953 112
951 771
599 393
99 187
386 597
106 246
981 333
470 471
415 958
451 185
369 766
735 173
517 85
192 281
734 437
797 579
135 421
253 841
321 380
255 349
601 562
456 809
431 399
730 379
921 862
679 159
945 203
601 788
336 301
907 294
575 209
981 421
429 767
135 421
879 127
61 981
613 41
501 885
689 953
541 281
978 967
773 153
297 74
151 826
785 665
392 707
761 157
602 731
793 811
49 641
181 306
954 969
181 237
341 363
729 445
8 505
796 513
551 301
601 689
638 594
560 21
201 349
987 973
301 352
126 815
488 121
629 567
521 460
691 724
401 254
854 52
625 391
131 188
943 255
921 768
445 37
440 431
473 238
496 705
181 754
677 455
733 939
993 593
794 41
917 184
825 14
753 92
694 941
171 325
688 874
109 441
75 400
639 885
473 214
70 831
975 106
205 773
529 197
925 870
497 689
9 2
549 701
241 104
289 749
873 53
993 320
239 355
76 261
89 849
140 985
414 763
748 501
303 33
540 456
901 297
235 677
296 989
829 896
831 377
456 301
609 401
494 392
806 795
929 134
18 372
181 121
376 989
990 339
985 681
345 581
277 696
81 881
777 881
142 419
281 443
481 824
331 649
148 491
823 862
86 891
801 821
778 481
538 577
762 940
970 847
319 201
57 401
543 929
851 317
952 423
15 163
849 937
438 428
865 462
349 206
954 418
864 47
278 328
401 852
20 91
718 162
849 507
976 596
307 9
998 913
801 45
961 372
913 396
921 721
963 159
307 196
325 249
653 802
841 291
567 445
541 867
228 339
260 561
909 262
248 661
497 291
461 934
237 46
556 201
702 401
31 102
640 228
711 593
568 161
626 583
777 687
467 365
356 789
320 941
299 730
97 250
84 673
923 38
321 185
124 921
767 37
340 701
421 461
646 454
893 133
609 894
85 891
998 177
313 397
10 940
511 108
369 811
763 627
341 697
281 242
729 406
1 311
826 751
869 81
254 956
61 657
593 147
197 963
555 966
176 561
749 742
433 231
77 526
145 30
526 225
346 444
183 325
878 821
849 781
751 671
581 366
45 600
553 212
346 54
371 808
787 196
327 366
361 850
204 585
516 145
251 830
969 192
190 656
759 707
844 622
83 775
321 1
638 844
385 826
769 861
241 716
117 845
11 271
811 497
520 388
553 73
659 231
247 225
439 166
503 101
307 449
73 498
378 137
889 793
878 109
947 73
140 309
235 587
893 516
554 961
376 44
527 561
156 440
267 745
772 675
12 73
858 959
695 605
211 492
829 134
197 909
233 688
335 941
829 169
913 677
845 454
293 34
152 421
131 385
225 495
86 427
112 897
64 792
481 679
761 624
881 575
955 817
615 161
529 395
853 843
351 805
196 437
278 621
91 225
363 122
618 427
415 200
681 65
321 136
305 118
427 591
925 771
560 594
447 997
1000 553
767 746
616 170
693 181
271 936
113 537
521 401
757 1
236 753
115 87
576 657
67 757
378 93
256 843
6 689
631 407
945 281
486 901
233 721
733 560
770 770
323 875
868 825
493 66
9 384
665 697
969 191
525 513
161 972
351 616
771 99
157 907
737 681
711 401
533 126
579 3
284 680
861 619
587 641
583 357
266 441
569 717
735 802
595 51
711 84
113 573
526 723
262 246
785 904
580 96
218 481
760 31
996 321
21 130
753 37
516 329
283 71
329 597
491 330
481 971
733 465
497 518
776 239
270 66
893 457
556 341
801 95
303 426
466 950
553 426
461 60
76 476
831 1
559 441
621 69
883 57
701 327
636 953
168 257
462 59
361 486
348 421
325 151
246 512
73 971
9 500
669 951
476 169
441 371
575 722
538 13
113 193
756 860
433 966
257 705
801 69
441 95
176 519
956 267
861 377
337 403
870 801
972 199
1 625
581 976
653 289
165 377
996 707
69 694
584 266
887 426
289 305
773 23
153 538
453 64
10 691
256 805
751 323
491 601
626 638
385 310
743 727
218 971
971 796
374 986
356 26
716 726
270 1
401 676
422 505
353 415
996 126
848 793
984 501
397 442
575 837
712 745
673 571
610 569
711 657
77 353
513 634
354 610
251 439
341 166
34 929
614 539
778 169
611 81
590 446
242 670
301 86
769 21
21 123
929 123
601 420
706 681
916 641
271 927
257 497
954 981
186 762
797 889
817 741
951 365
385 142
227 251
842 827
808 611
368 938
880 365
537 857
151 155
551 644
465 506
499 336
881 41
801 752
391 893
654 753
566 901
653 64
593 176
786 697
657 785
427 450
721 81
781 511
153 896
131 497
476 569
811 90
187 505
736 625
127 280
533 67
892 632
11 518
161 321
929 157
51 286
599 51
838 752
977 831
453 232
321 861
251 281
657 61
229 856
455 79
798 955
278 352
108 199
1 21
737 378
849 759
929 846
801 644
105 459
696 602
81 538
881 349
725 149
454 553
769 670
293 97
251 181
62 904
18 661
482 247
585 689
849 271
877 905
766 74
241 981
695 185
392 161
320 969
540 195
503 701
530 737
250 137
591 951
191 270
101 106
549 510
729 589
437 417
407 7
788 181
745 962
237 625
361 841
426 320
23 373
866 825
989 19
872 321
171 91
737 451
165 965
11 289
321 764
14 690
341 709
515 826
894 1000
657 273
901 446
296 689
474 441
661 797
143 509
156 110
603 540
106 897
665 699
913 453
193 307
269 769
527 201
987 269
452 873
881 522
357 732
366 231
529 396
769 641
12 793
25 656
115 180
824 155
342 894
345 176
553 141
744 616
341 905
241 641
93 307
282 857
226 875
105 481
731 225
859 966
629 336
577 927
753 12
441 659
543 493
693 41
865 466
281 941
88 603
821 27
734 349
278 810
161 427
574 881
77 692
99 913
845 36
656 160
464 569
867 784
876 981
474 201
89 977
433 602
131 376
425 101
672 251
461 153
636 821
33 773
177 206
389 645
426 143
793 578
335 871
631 283
65 21
670 177
977 41
165 423
971 791
90 564
103 489
776 51
797 953
966 793
820 261
140 534
687 340
88 485
69 595
301 261
987 630
26 836
973 497
181 216
974 923
689 38
131 245
51 929
892 395
798 406
733 751
751 461
432 493
826 896
841 261
805 226
303 816
705 624
131 191
879 178
489 212
546 376
488 37
65 954
56 771
397 141
185 897
413 216
52 181
761 537
931 457
70 896
920 801
423 180
702 741
741 426
493 601
45 357
840 740
32 22
166 181
494 515
816 805
697 55
410 518
217 459
301 231
492 938
348 663
281 921
979 573
931 761
112 121
971 957
102 865
653 353
906 517
682 406
288 279
926 300
755 236
881 181
296 883
431 777
65 576
725 831
693 416
941 9
174 886
590 295
775 768
551 827
116 960
761 160
931 985
767 546
369 369
737 145
163 594
95 274
501 8
605 583
965 551
511 296
493 156
445 372
976 273
26 470
641 286
809 174
329 991
829 621
221 274
360 347
602 926
63 861
893 913
97 56
201 480
345 443
637 701
831 782
939 445
817 425
781 91
688 977
827 364
960 781
671 516
363 989
566 846
635 847
11 217
698 632
490 475
1000 67
809 145
210 321
1 403
601 51
635 185
195 302
402 744
719 799
858 931
484 810
852 933
986 11
609 262
519 395
914 509
665 829
330 837
624 855
555 437
553 37
287 738
409 445
302 719
537 246
476 885
401 601
166 787
736 721
797 900
230 620
51 827
35 415
567 668
331 91
428 249
192 99
418 661
930 841
718 114
656 735
81 686
823 191
945 45
823 817
312 710
17 901
81 572
481 808
876 71
705 437
974 816
126 786
761 636
595 139
436 142
554 803
401 843
325 71
363 331
283 182
663 1
474 942
841 593
144 41
425 722
403 41
119 147
934 140
817 276
933 811
204 497
284 301
143 505
421 818
489 317
858 201
461 61
92 567
810 663
363 299
618 994
961 694
411 951
231 973
121 401
90 831
533 558
399 90
28 563
683 207
849 633
526 981
549 876
75 281
403 962
921 196
171 245
855 89
873 495
134 213
553 573
19 551
997 825
913 426
113 753
20 296
734 691
947 934
397 667
511 853
405 18
881 297
931 317
567 46
942 705
803 450
951 381
459 169
183 503
505 519
971 1
474 215
172 813
631 186
316 390
781 415
214 287
744 151
826 291
489 973
116 316
575 965
970 29
881 395
439 432
544 161
621 817
39 89
741 355
445 914
843 65
222 646
451 673
953 907
261 951
445 733
849 662
269 951
741 25
64 366
853 373
5 790
367 909
900 529
703 636
579 89
539 380
54 685
161 481
182 141
41 921
705 455
269 801
512 321
834 376
774 26
214 533
929 721
245 35
41 39
376 883
585 92
155 924
203 342
96 820
566 531
726 289
709 800
182 559
496 216
61 77
96 33
715 307
529 765
949 86
125 822
3 129
137 110
420 212
437 861
36 24
71 963
238 927
358 735
75 455
666 431
78 96
3 3
465 273
672 801
661 966
1 433
982 435
953 515
368 946
834 533
341 127
18 332
497 881
76 52
741 402
433 916
149 9
768 510
877 201
11 214
608 837
333 601
896 545
913 541
281 740
201 239
541 277
756 847
591 386
206 13
561 698
621 957
597 992
181 836
607 944
681 954
371 515
315 173
629 811
695 235
593 996
945 662
895 15
444 131
837 969
871 41
556 601
281 957
401 974
634 817
309 451
946 537
898 856
268 43
839 261
339 31
521 693
969 637
158 718
175 321
471 812
161 289
431 845
171 245
669 605
199 657
546 865
465 947
181 283
251 275
121 573
126 311
793 466
356 592
344 661
309 854
212 96
858 420
720 159
736 751
645 183
530 13
202 858
285 530
293 941
917 901
72 242
446 772
852 281
569 805
106 847
1 326
713 225
345 769
431 773
57 413
438 313
775 492
281 530
951 600
769 29
547 181
169 244
651 551
33 674
955 629
688 117
109 839
76 407
269 194
796 841
468 551
233 571
705 41
186 21
978 536
828 553
961 49
211 568
255 295
251 175
367 483
922 211
925 1
601 963
423 557
795 22
915 821
609 392
613 601
691 841
534 66
558 111
76 246
54 571
376 287
315 583
791 31
440 547
344 429
461 531
665 529
489 889
743 364
89 972
202 561
930 322
501 446
77 943
238 918
276 352
513 706
441 516
143 712
312 901
871 775
21 610
157 850
769 700
655 157
889 321
29 987
101 857
16 636
325 420
625 601
463 589
285 752
361 686
48 429
181 673
507 484
893 721
343 635
441 421
651 217
62 212
909 41
127 464
727 468
457 516
126 249
313 925
999 537
665 282
341 871
451 409
211 100
80 164
14 169
169 314
441 786
672 801
277 341
199 393
125 512
947 481
873 421
14 843
939 86
636 596
477 847
477 408
729 441
820 13
241 92
411 165
511 686
264 741
671 962
700 671
801 476
481 661
261 753
809 409
623 913
683 435
515 597
997 975
97 751
169 964
314 33
294 14
801 221
58 734
301 897
147 831
886 710
965 956
436 134
793 925
161 318
187 47
708 369
446 445
184 921
109 153
749 71
26 919
301 847
772 870
978 209
948 253
125 137
889 971
708 944
691 474
126 569
607 158
10 956
276 34
468 199
856 683
301 687
821 676
952 888
311 106
605 515
891 776
647 126
631 975
131 588
665 209
217 445
541 529
116 301
621 30
770 466
392 691
436 745
414 621
850 477
180 239
751 496
184 717
775 320
811 461
953 262
881 226
501 208
28 792
846 501
553 145
485 241
151 545
291 61
813 676
149 889
873 301
261 849
73 285
239 575
595 637
955 931
229 270
19 73
230 682
637 677
454 720
320 801
361 597
119 859
171 896
478 631
541 721
712 697
631 905
209 21
97 251
949 827
351 356
424 225
133 521
131 817
399 939
946 4
337 299
520 537
457 921
805 151
441 441
817 14
741 935
73 909
27 941
465 443
813 197
649 372
701 567
335 127
118 825
537 113
881 73
252 241
705 922
50 121
585 50
301 885
739 456
527 426
282 443
73 401
977 481
337 361
101 433
401 699
581 91
856 587
791 821
391 76
720 128
137 490
163 625
752 865
691 393
817 297
537 449
151 27
81 871
209 717
521 121
65 878
951 462
333 915
37 97
325 536
58 873
902 185
904 77
315 209
737 223
97 294
149 300
148 85
841 45
85 529
411 401
204 57
826 533
752 801
673 175
645 533
550 781
747 783
97 988
647 345
357 719
215 1
963 311
5 581
771 480
545 47
729 671
202 699
346 138
62 58
385 646
353 301
71 402
441 856
810 681
750 297
951 717
426 761
664 87
268 899
186 541
355 925
436 303
701 140
33 231
66 569
867 897
633 544
491 473
486 313
933 321
862 616
621 874
587 163
518 222
653 39
656 127
104 541
333 656
790 426
137 649
493 383
113 825
685 276
513 494
628 853
417 159
988 817
633 97
490 834
710 14
857 286
529 656
1 495
411 669
69 489
447 541
654 228
396 121
411 233
690 217
299 267
11 829
938 157
613 540
922 8
465 925
126 754
657 971
868 347
125 214
133 255
716 23
553 969
442 5
557 879
852 385
921 126
499 558
211 961
396 81
891 691
302 283
315 476
157 716
376 783
571 723
706 756
41 63
857 545
316 813
703 743
201 691
656 41
323 749
709 653
761 672
651 405
271 121
518 11
181 663
857 8
226 11
523 233
953 281
166 394
375 9
453 945
814 301
988 501
577 465
45 953
985 277
676 401
381 361
352 391
915 759
67 937
737 319
825 825
925 111
1 472
895 596
926 321
181 629
289 875
52 818
181 388
143 503
265 97
625 326
178 500
36 514
176 235
537 991
455 753
634 573
161 301
473 341
764 538
941 301
742 855
555 651
143 111
121 405
473 295
126 269
627 291
411 231
371 109
384 123
300 721
631 693
963 277
63 881
349 69
743 887
589 701
277 726
245 616
36 431
883 48
511 593
250 915
560 256
681 1
731 421
19 497
47 981
830 385
351 289
655 15
977 618
554 241
826 801
253 401
819 103
841 313
685 601
641 1
975 41
765 455
89 531
702 649
571 655
101 184
686 176
223 537
876 729
229 953
113 253
647 51
982 636
461 311
288 250
963 713
152 581
105 115
145 821
579 225
921 761
361 33
644 493
646 625
53 535
35 678
916 901
563 791
841 86
757 276
27 831
165 303
641 761
134 548
885 705
246 225
651 193
431 881
800 306
7 262
873 672
866 386
462 721
442 904
996 961
942 121
297 70
900 881
296 21
195 971
112 409
558 796
509 515
685 821
776 676
241 845
286 818
192 780
23 885
745 971
735 515
101 804
636 714
547 806
728 351
977 761
781 26
487 10
323 309
319 98
150 941
445 905
821 147
485 601
111 586
501 976
833 919
911 612
881 126
383 673
81 165
651 301
404 905
704 122
691 201
390 161
176 956
217 186
306 529
311 761
583 196
857 466
81 979
321 393
171 574
367 577
830 236
697 175
16 85
981 401
591 469
896 500
651 316
614 101
330 961
173 28
313 471
881 501
870 41
609 431
469 977
166 479
214 321
965 38
626 41
421 12
830 361
177 803
238 841
329 313
753 901
351 523
338 886
775 679
795 815
614 636
781 326
597 770
441 371
277 51
52 567
636 1
932 268
561 877
523 517
193 313
581 513
839 841
734 561
793 115
538 96
500 441
332 971
696 487
11 875
690 310
101 201
185 451
772 514
193 677
233 273
921 874
440 148
1 891
719 648
61 583
952 774
100 41
57 185
726 617
386 713
241 996
233 550
489 329
84 851
669 154
348 810
586 57
810 909
311 828
765 898
166 514
609 499
61 324
760 87
240 227
881 321
761 426
258 550
149 175
89 339
881 157
452 231
333 417
574 719
966 249
542 992
957 777
201 453
326 481
851 877
193 720
233 411
975 881
830 817
626 727
701 445
861 728
513 621
635 539
803 743
337 183
486 538
209 737
408 711
536 579
986 158
535 460
124 88
14 783
195 265
592 854
356 497
110 31
507 63
414 261
81 974
899 590
779 696
173 85
902 490
801 351
641 974
835 357
916 100
953 630
379 855
189 417
927 885
621 532
535 503
860 241
347 711
279 321
761 576
420 27
47 419
668 854
178 736
366 879
165 511
917 533
15 519
456 717
419 755
214 246
923 125
815 718
823 887
956 433
479 709
797 376
873 231
681 713
126 405
846 184
905 476
874 599
761 504
481 561
72 369
428 837
80 88
347 945
109 329
268 726
895 801
857 837
787 961
412 939
41 321
281 216
176 901
673 581
674 65
515 625
701 344
585 976
391 184
326 473
245 793
713 715
275 85
427 903
561 79
401 379
593 791
735 213
210 279
719 185
605 212
619 697
317 392
936 113
331 937
371 541
935 511
571 25
572 35
101 159
267 973
100 421
30 746
45 809
706 288
507 185
862 500
228 746
851 752
1 1
333 486
53 508
856 775
837 755
532 542
258 213
639 33
526 286
559 541
127 397
560 159
569 341
337 656
647 575
628 498
937 889
976 697
775 745
58 892
507 609
513 225
41 279
561 851
551 57
699 609
265 572
62 934
361 247
877 449
53 312
513 881
411 1
547 1
313 263
274 977
633 219
598 545
793 981
19 97
481 401
605 54
777 478
555 337
41 961
491 119
496 559
643 539
361 401
89 273
571 206
173 514
79 88
877 713
545 741
559 112
119 25
795 416
950 636
453 883
201 92
595 432
361 976
323 573
161 737
155 965
423 91
585 811
476 231
163 977
582 793
457 23
771 454
441 651
399 841
704 355
956 764
792 449
730 264
544 676
22 837
729 431
573 921
696 276
616 167
292 21
565 751
190 747
401 196
416 671
729 101
292 747
796 619
184 839
737 491
596 158
921 701
628 547
741 689
184 886
581 173
49 497
578 861
296 700
127 856
704 25
160 887
77 544
365 121
601 62
521 153
951 420
312 126
792 869
389 751
209 11
737 251
386 616
966 851
724 202
765 619
976 203
991 371
11 947
433 627
405 922
159 941
961 251
580 869
481 872
241 649
586 900
681 174
381 121
481 193
17 64
869 181
857 683
241 842
661 173
792 310
926 123
335 425
198 891
429 214
23 416
126 81
850 685
239 913
595 259
275 472
345 4
3 221
990 105
421 293
899 337
206 861
461 429
398 530
71 633
432 521
70 433
436 506
91 98
596 705
41 141
589 91
666 413
529 467
697 766
641 925
396 601
796 991
39 501
200 806
169 949
58 590
330 196
185 783
132 760
690 686
241 815
95 856
651 9
391 277
81 601
198 415
839 42
377 127
1 549
466 85
951 219
920 376
970 553
159 173
331 531
296 938
736 567
145 934
651 379
243 529
937 69
356 396
787 585
454 914
417 289
596 631
789 851
595 49
436 625
367 597
28 291
707 844
985 677
357 89
943 102
203 961
535 992
77 730
211 597
361 796
537 939
337 32
209 967
853 791
541 986
451 683
401 301
216 641
484 221
691 576
929 257
653 361
177 249
951 891
988 447
131 874
230 20
892 698
449 397
257 679
163 576
701 496
778 131
946 361
694 825
583 283
756 757
561 967
780 657
789 273
139 460
897 621
147 865
996 401
967 528
19 126
479 481
877 303
342 809
977 505
369 475
230 409
477 838
199 456
165 803
774 997
784 476
626 937
320 273
981 921
976 737
595 76
416 958
431 909
887 886
64 493
215 973
50 601
907 694
373 226
809 445
370 214
58 108
519 843
433 666
287 209
226 209
280 974
57 179
281 650
862 919
695 326
469 231
439 197
17 935
717 609
248 816
238 727
245 536
189 140
71 440
715 55
417 404
846 973
400 239
734 242
634 668
167 751
265 93
514 746
776 306
989 370
702 665
545 316
685 325
53 434
534 846
811 181
559 548
701 801
657 161
27 951
361 511
996 36
632 561
721 347
145 645
633 895
217 317
362 811
910 713
763 981
287 896
761 577
645 315
271 593
45 576
741 721
489 77
812 506
504 993
328 882
381 767
749 947
476 608
223 557
135 667
49 507
114 111
877 965
963 81
605 742
939 425
187 954
972 956
55 576
915 41
880 155
610 382
391 789
249 177
813 674
415 341
741 236
794 914
914 890
54 606
789 655
778 279
466 489
6 766
219 763
298 420
861 816
387 461
380 789
64 446
467 366
691 221
987 308
89 881
697 866
448 750
900 571
116 964
757 273
435 25
561 825
856 363
956 33
177 639
907 351
992 903
850 763
325 67
590 565
61 6
633 513
255 193
433 697
653 167
897 401
641 98
396 56
20 963
581 813
306 729
721 73
270 335
949 1
340 404
377 651
676 87
909 808
405 609
684 143
489 767
991 501
713 647
788 439
725 859
661 457
816 816
429 751
400 646
719 805
474 338
273 151
555 868
451 833
392 86
209 74
294 941
36 593
217 751
377 917
321 460
721 977
456 886
917 846
873 26
41 413
40 411
29 641
597 989
221 150
149 61
843 931
780 93
104 533
21 491
626 783
569 946
877 141
549 451
781 197
646 829
901 661
32 140
411 321
548 41
501 17
745 941
126 85
991 491
69 849
761 302
524 737
97 465
872 551
41 601
846 90
21 395
3 679
627 157
817 952
55 937
681 412
376 566
89 901
100 500
509 926
161 32
801 879
209 599
716 51
431 351
509 543
745 865
133 830
724 357
147 707
878 811
201 230
137 880
676 513
574 23
331 87
621 852
281 257
310 711
770 366
769 476
701 321
816 332
873 961
639 705
751 693
429 517
802 303
843 407
865 71
692 212
861 523
695 427
393 353
719 176
269 277
627 614
176 277
890 281
501 992
541 881
663 306
862 611
193 355
301 676
75 619
900 227
65 314
955 779
829 533
989 93
289 489
177 713
321 490
821 280
892 506
553 261
521 95
224 124
91 477
28 589
572 671
784 530
373 193
194 379
6 860
760 519
173 301
827 665
321 81
247 401
500 497
923 553
566 723
682 471
699 519
173 641
51 385
822 534
25 225
588 429
789 527
917 665
873 773
897 581
521 913
681 107
161 545
355 455
305 758
16 517
1 901
934 580
349 817
717 930
140 909
241 341
557 909
73 623
801 956
92 664
76 9
995 151
935 636
56 297
9 777
245 711
626 51
162 476
578 149
761 817
791 501
825 727
751 926
944 933
432 553
117 81
111 256
780 573
740 824
247 779
751 288
553 161
221 304
937 568
561 481
501 751
971 227
348 717
907 159
55 691
142 281
946 306
991 313
119 189
484 6
938 881
15 485
418 905
975 993
14 373
686 375
513 683
406 395
489 614
881 874
543 30
276 601
347 385
185 751
536 299
287 466
821 567
91 206
94 662
395 116
681 926
411 463
155 749
445 14
907 801
365 181
349 891
682 811
449 146
978 495
905 619
775 301
521 11
653 522
539 627
716 197
335 35
997 197
971 385
926 936
480 465
628 424
946 223
927 526
26 933
281 937
422 221
166 136
167 572
751 435
17 92
939 563
209 971
130 676
784 405
313 825
49 929
651 40
351 707
954 427
986 119
622 871
671 567
954 501
689 833
889 793
582 266
123 337
731 410
556 880
11 366
991 991
214 341
476 103
429 588
726 101
93 631
66 739
33 330
901 773
950 711
428 431
774 381
9 864
838 566
965 241
969 127
481 577
771 996
683 331
266 697
1000 747
401 573
501 586
363 21
347 889
185 451
450 33
174 21
273 125
502 964
265 761
425 839
987 217
421 782
313 511
937 621
187 366
686 731
928 233
197 543
441 963
726 981
194 416
626 480
203 719
777 282
444 676
381 955
991 341
779 519
881 202
595 297
451 576
741 108
708 133
214 901
431 905
601 19
545 712
529 815
981 619
961 266
683 45
533 836
571 554
76 513
701 776
835 381
401 673
824 855
329 772
226 911
1000 619
216 446
768 283
506 715
560 189
276 361
191 379
145 986
429 993
923 106
401 639
551 57
651 415
905 151
633 27
73 854
649 229
641 539
626 921
549 201
270 251
362 917
964 221
181 359
837 297
633 513
85 271
961 413
209 307
968 744
856 191
526 589
461 221
5 538
371 159
383 163
51 421
135 506
83 773
641 783
461 384
620 848
311 521
661 141
292 280
33 165
41 628
805 649
489 243
481 754
257 780
750 481
169 654
547 936
876 308
316 121
910 166
441 99
862 851
961 643
201 82
505 171
525 951
865 884
772 141
29 377
998 20
325 591
755 339
7 171
207 616
801 808
435 900
209 650
609 949
671 920
451 463
114 426
80 663
383 26
595 585
475 574
68 457
59 433
911 942
114 885
289 870
866 49
845 665
347 128
466 58
396 969
55 401
891 261
6 460
913 117
508 202
246 931
901 81
351 403
893 705
271 907
304 751
370 76
751 696
170 585
109 361
556 982
897 191
586 297
928 467
21 356
514 537
516 42
650 873
919 985
635 793
831 625
445 641
751 49
871 981
206 177
16 955
362 182
332 493
154 795
235 975
321 126
266 879
796 201
331 72
289 124
249 710
207 315
696 714
459 212
169 124
303 675
361 994
240 721
492 978
113 124
376 558
100 305
121 796
601 520
813 451
561 273
321 978
272 199
540 589
221 46
451 658
73 913
317 685
309 83
130 725
681 427
473 331
381 55
826 508
431 937
549 341
481 440
865 607
761 954
492 601
396 367
111 956
281 224
577 224
914 613
801 325
689 677
867 670
218 455
914 580
641 716
251 77
190 105
785 716
329 67
537 671
874 201
196 401
557 773
792 26
561 403
601 94
501 741
998 391
201 41
88 313
857 354
914 489
825 204
386 65
701 591
306 122
735 144
665 445
385 610
821 328
945 371
796 926
656 204
315 576
225 145
546 751
145 200
689 695
251 602
416 635
825 963
465 206
807 668
211 841
361 879
635 956
781 617
343 921
978 881
169 702
854 878
567 793
311 405
17 348
351 914
51 169
501 501
338 385
544 633
377 782
681 537
551 234
689 211
817 952
399 218
774 625
560 644
165 229
371 167
553 657
601 317
544 498
445 305
423 426
773 161
379 870
971 225
59 652
641 830
996 974
353 709
749 133
71 491
404 251
345 382
289 337
976 946
889 442
9 241
537 297
782 171
645 539
47 771
621 858
296 508
97 89
453 733
693 489
651 966
17 275
922 235
121 56
767 376
994 837
738 511
781 1
57 561
212 192
845 581
189 176
801 37
638 508
883 411
977 338
951 207
501 705
540 728
133 223
529 51
139 121
111 49
844 235
262 289
153 463
562 939
776 961
249 901
25 721
925 460
403 324
411 641
4 550
1000 57
151 865
673 761
73 809
14 364
261 604
949 765
891 971
636 218
201 114
513 882
816 401
401 409
644 953
9 568
240 401
703 751
426 528
729 736
393 959
762 256
681 871
356 700
795 643
881 885
969 998
491 710
613 679
438 451
644 1
658 116
699 151
251 249
569 681
417 825
639 781
881 169
161 144
340 331
777 253
191 266
381 729
685 889
734 490
535 353
969 11
535 260
131 7
932 171
82 797
870 810
364 677
220 171
256 40
301 87
723 829
756 866
742 519
21 621
313 400
250 555
768 45
741 612
379 124
380 713
1 878
823 896
901 355
435 77
159 23
579 784
162 843
911 901
615 521
640 361
509 556
761 421
951 727
593 550
149 149
617 587
275 456
439 567
447 761
951 124
494 516
860 34
341 231
799 514
529 287
891 816
745 206
65 881
861 562
681 165
631 871
968 193
247 629
501 481
191 617
241 471
339 893
793 509
158 206
352 559
219 199
536 273
178 373
291 997
695 361
647 333
787 461
913 893
118 299
814 101
681 451
104 913
405 915
457 678
981 527
341 790
155 615
781 436
980 430
851 751
427 308
498 592
577 396
637 1
383 835
301 977
289 81
433 206
977 193
641 617
541 463
562 553
85 722
781 617
1 931
569 340
685 332
681 150
390 597
979 611
534 351
549 234
485 221
349 29
825 981
291 176
857 905
933 625
155 450
166 179
601 873
885 856
222 52
916 393
484 145
985 705
841 751
925 734
779 86
65 936
937 354
745 413
111 133
481 697
652 686
501 461
636 296
641 698
661 929
515 641
241 312
551 13
485 843
931 221
236 613
321 16
701 996
662 589
123 103
965 203
913 459
42 236
113 221
48 846
87 451
751 912
387 252
894 109
429 35
996 497
75 556
327 453
968 782
789 699
41 893
411 715
403 187
190 611
426 35
619 352
911 136
187 5
915 615
121 201
9 379
877 281
613 390
509 23
927 913
251 426
193 959
795 901
833 151
81 621
825 956
959 33
572 729
258 900
790 478
945 371
801 407
48 796
805 179
71 1
393 116
809 145
609 893
10 591
557 138
403 141
611 493
864 283
573 189
391 255
812 752
489 681
409 993
61 251
5 771
585 152
376 977
9 351
111 974
498 605
712 130
969 726
665 803
78 414
911 936
533 806
253 176
335 956
252 306
45 761
976 993
499 486
366 275
681 723
598 642
697 152
441 528
905 584
943 390
165 537
490 705
621 751
995 916
530 941
654 110
71 101
566 42
305 613
171 301
3 670
987 314
81 561
785 342
514 221
276 135
884 580
1 997
989 376
337 836
785 636
14 332
257 401
457 635
589 79
541 939
791 981
21 801
529 603
686 451
82 163
603 1
65 901
451 941
189 955
841 549
985 523
382 70
84 820
273 377
538 490
800 611
66 77
711 998
670 276
689 523
871 481
337 376
397 161
161 297
641 340
17 56
201 378
235 455
836 548
957 921
517 1
721 545
581 791
461 761
161 504
789 905
826 461
211 187
121 557
424 984
785 141
45 205
572 205
467 66
113 651
80 841
485 313
450 145
53 915
877 422
695 55
818 875
784 985
209 462
249 975
913 156
287 121
860 317
110 800
183 449
321 551
721 891
369 910
383 782
84 668
481 446
277 214
25 361
686 663
509 841
535 309
557 356
521 810
751 149
326 449
344 231
406 700
911 1
58 60
574 206
372 962
355 106
153 303
837 385
806 423
253 666
297 57
391 815
245 32
997 291
722 626
201 964
737 71
875 677
651 189
221 79
697 176
988 149
981 309
14 29
377 251
351 476
726 791
401 413
286 178
359 147
64 451
563 489
455 669
811 501
593 276
871 724
507 3
841 602
470 945
471 653
109 204
171 261
523 893
886 50
217 111
65 79
8 396
216 909
486 741
590 401
433 983
937 492
575 563
881 585
971 327
621 733
151 598
41 689
645 341
671 909
609 461
551 754
940 325
345 251
377 141
530 265
161 7
216 2
771 37
501 314
361 366
301 957
157 877
865 821
240 372
579 399
234 136
15 421
175 473
261 513
116 250
212 905
562 769
849 10
357 476
943 540
305 968
510 351
751 676
623 406
136 769
370 131
791 82
901 387
218 566
441 941
93 986
895 524
849 50
793 102
571 733
661 196
947 397
166 603
409 771
940 46
463 245
600 221
261 571
461 166
495 717
926 701
714 381
440 935
40 535
19 796
191 774
600 220
11 561
786 871
477 741
871 327
66 720
39 651
416 701
678 164
745 1
467 451
186 331
435 482
899 876
477 896
851 853
813 189
442 786
590 337
752 38
885 801
792 212
846 583
969 967
569 561
561 369
857 769
606 550
351 674
596 801
251 56
901 904
402 466
994 825
193 137
389 90
201 376
290 486
667 441
590 709
395 888
409 383
107 400
898 501
104 420
977 469
557 681
717 716
315 321
128 907
713 693
281 83
892 481
375 481
497 251
186 105
621 85
391 883
294 493
717 199
667 377
429 29
701 687
216 492
940 685
445 897
650 899
688 310
169 14
806 392
250 369
549 55
323 379
491 27
614 533
953 873
132 628
829 153
669 702
636 636
123 856
748 799
229 441
979 185
821 726
257 618
513 942
564 475
639 253
109 921
401 872
388 95
826 131
397 341
500 295
878 204
926 975
585 709
989 196
26 905
865 126
445 696
399 481
233 828
265 706
85 911
651 771
800 188
693 551
150 856
301 545
421 961
701 349
451 821
678 504
745 582
989 646
574 901
821 561
126 863
41 924
157 23
176 70
921 91
350 326
834 477
225 438
278 217
118 567
532 343
62 336
307 227
905 655
520 711
798 553
859 713
101 249
61 433
212 293
9 553
68 464
645 631
202 753
273 521
961 697
7 671
421 578
989 718
471 938
431 836
836 264
123 977
88 731
687 189
724 669
849 182
151 347
721 781
762 52
713 879
323 359
595 251
301 161
437 921
783 505
825 193
496 596
906 285
677 105
579 950
935 913
744 926
937 964
181 359
888 143
836 606
601 490
226 596
55 449
844 877
785 747
664 13
471 543
753 374
41 691
902 503
231 784
528 111
253 651
401 315
941 103
92 985
51 421
21 707
922 293
857 489
769 965
75 680
330 674
157 242
168 479
697 285
337 89
390 701
118 665
224 699
241 535
528 935
799 601
449 293
453 556
756 937
298 7
678 723
61 9
161 451
521 761
198 367
845 423
261 749
113 857
876 69
893 661
46 557
975 240
282 739
657 601
747 354
376 185
821 250
341 480
655 873
76 421
439 44
361 187
120 756
625 731
289 185
811 564
576 169
805 237
491 718
844 720
515 486
851 970
773 981
991 345
121 369
535 823
507 566
553 413
219 999
909 245
760 147
34 927
391 767
861 520
414 307
367 917
61 853
651 624
225 105
617 506
927 713
365 565
16 969
513 347
696 809
220 774
536 9
910 834
664 99
621 899
691 264
337 21
607 117
609 119
219 1
126 437
172 757
787 852
5 948
812 140
329 526
491 158
32 865
715 129
953 142
13 211
801 497
93 537
473 821
602 85
209 231
121 914
686 74
963 961
929 641
75 701
701 480
426 421
321 916
723 449
149 689
403 835
184 45
105 626
928 13
512 317
900 561
409 83
289 591
182 109
756 97
541 256
191 117
220 753
689 260
198 123
521 13
41 77
913 903
697 426
831 376
661 191
751 192
121 281
138 560
344 912
726 347
42 675
145 758
206 319
349 872
172 416
601 624
341 677
133 473
973 383
526 594
341 201
887 986
1 195
91 871
806 805
261 834
981 121
897 191
407 100
513 713
539 386
142 777
107 485
351 625
517 780
571 217
621 873
880 85
498 22
34 463
28 158
379 33
318 916
228 965
786 934
211 186
546 839
851 83
141 542
867 698
559 520
995 233
281 566
421 515
3 907
817 716
881 188
459 803
409 71
937 186
530 921
482 575
32 374
277 951
727 286
977 61
621 969
586 503
412 504
177 53
966 334
271 264
92 412
241 57
1 535
995 739
826 774
207 996
831 634
881 499
351 935
925 165
226 124
541 297
351 221
865 94
602 57
751 545
331 698
217 514
723 404
697 128
316 781
409 151
219 739
813 846
556 649
462 604
235 841
121 473
817 839
469 609
501 43
646 659
937 143
831 990
415 361
427 566
935 821
306 726
883 667
673 492
841 253
420 994
586 651
881 182
762 489
678 809
421 473
731 542
922 782
97 232
965 251
693 545
241 418
881 555
162 31
541 595
43 323
890 461
337 154
551 282
726 511
571 691
213 281
403 256
317 719
869 293
136 65
35 341
776 96
494 242
500 325
641 377
441 482
543 695
936 422
453 91
770 841
715 881
106 702
741 47
938 681
749 411
38 581
577 297
423 377
215 386
161 239
85 847
939 638
487 207
17 316
94 537
555 45
168 633
251 170
424 240
482 331
451 649
284 137
286 481
211 201
596 172
833 679
961 393
33 642
151 569
214 76
256 737
251 769
34 761
405 637
944 103
600 651
131 147
839 910
909 905
811 548
769 458
585 497
176 282
696 446
737 551
929 885
945 301
913 529
335 181
826 693
65 481
321 541
681 745
926 365
537 804
299 705
846 796
128 221
201 825
649 549
137 901
891 284
661 509
168 209
766 713
661 51
311 397
976 693
852 825
451 641
57 751
160 1
379 457
905 559
989 603
96 520
236 626
326 439
809 334
565 296
24 974
547 489
382 573
455 411
240 51
127 150
259 223
857 273
65 661
521 16
841 941
531 551
720 615
647 233
851 536
647 951
744 493
321 331
851 289
491 679
497 637
886 443
275 405
409 941
957 970
335 793
387 356
490 52
775 948
37 315
170 496
623 460
561 793
481 650
561 961
843 826
191 645
401 315
321 819
603 786
761 351
374 725
485 468
627 826
783 74
439 278
913 886
606 651
941 400
181 237
240 755
285 518
400 711
279 884
793 665
445 661
59 316
862 826
336 715
260 251
166 975
592 188
973 873
958 356
85 884
154 407
362 171
276 195
607 731
896 114
849 249
896 444
870 621
86 811
223 691
293 403
435 666
772 481
181 108
228 971
69 34
198 389
778 793
419 973
811 821
761 158
997 743
61 923
723 645
78 841
321 360
470 60
269 177
49 901
12 271
117 681
804 882
297 306
985 1
182 239
746 501
453 83
192 265
372 537
625 495
126 40
600 678
789 965
557 704
756 897
17 908
2 304
911 210
553 817
725 761
209 449
951 57
931 796
525 595
49 91
751 5
131 833
736 849
801 6
161 530
613 676
397 641
962 50
364 401
975 851
858 480
686 539
136 607
343 531
915 409
773 250
760 101
542 964
391 959
81 695
54 333
346 2
12 955
567 613
816 765
443 587
751 697
219 191
763 9
904 902
251 560
556 533
88 737
407 47
922 88
619 690
929 563
281 123
221 295
99 979
717 531
979 752
481 201
897 193
326 961
288 297
469 887
466 436
42 305
124 845
659 175
363 155
29 937
97 777
551 348
50 883
48 551
393 747
226 454
339 639
261 72
489 806
37 537
256 819
21 269
516 793
988 737
485 165
481 842
17 601
916 182
437 501
779 621
309 401
308 236
734 821
669 386
176 213
711 701
581 923
241 413
431 923
981 933
733 661
719 339
389 569
893 149
761 9
466 218
102 553
849 740
466 210
795 165
921 194
179 994
89 51
193 810
440 413
880 581
437 922
931 937
561 840
645 777
205 212
25 90
641 326
575 771
535 441
639 481
276 835
581 931
146 527
926 1
901 49
332 787
101 149
579 429
61 192
781 655
454 67
754 621
177 661
140 377
531 809
898 288
409 626
729 967
877 849
864 401
950 457
658 693
579 889
993 332
101 36
241 636
841 701
917 116
48 920
799 657
981 735
538 637
3 216
769 181
686 721
1000 176
155 626
842 959
427 126
456 275
123 409
889 321
409 465
271 425
701 651
65 656
993 448
445 456
421 631
503 483
216 668
324 181
679 389
569 605
217 116
250 9
387 421
392 130
195 269
946 786
665 89
766 353
999 103
497 529
125 673
462 547
531 463
176 161
961 104
953 676
395 977
577 910
665 998
816 411
3 810
447 376
211 146
334 946
537 121
697 566
888 533
565 59
681 53
675 446
773 1
689 999
857 464
409 166
7 903
972 59
399 777
597 26
829 626
266 60
591 987
736 213
348 719
913 526
411 641
973 102
327 331
276 739
385 536
975 189
438 265
644 283
354 803
606 723
151 651
419 339
431 595
398 390
649 981
793 817
848 373
156 473
421 877
615 325
622 889
365 326
85 127
889 851
97 26
612 562
921 653
391 47
473 497
47 881
477 745
56 742
399 193
166 681
96 657
391 41
683 984
32 545
866 857
804 251
376 931
721 116
821 145
656 49
975 249
341 766
740 313
833 391
9 746
273 459
564 676
292 681
836 476
341 433
993 637
289 149
155 975
91 651
285 659
431 865
724 12
337 534
342 705
706 1
225 611
852 881
132 257
974 813
9 989
64 375
276 425
873 403
868 855
961 900
376 765
526 699
65 324
451 876
121 897
565 641
993 715
616 583
863 935
410 481
141 378
230 99
180 310
661 911
219 827
986 283
456 611
839 330
198 512
573 257
576 785
412 130
873 201
741 81
294 691
802 528
85 260
445 760
883 374
857 593
687 765
556 745
801 645
139 318
333 321
825 973
71 879
681 221
845 196
760 84
501 793
391 246
169 293
370 782
945 725
56 116
822 707
586 147
920 986
874 247
889 45
376 62
532 761
577 624
455 696
831 297
613 874
415 253
679 473
476 703
906 926
692 701
327 297
166 893
306 621
260 236
101 87
458 321
230 615
721 429
847 765
692 625
263 477
730 841
871 468
571 719
940 697
385 209
567 153
836 47
704 911
629 993
736 876
634 41
546 567
921 513
126 451
593 936
788 822
426 847
277 956
741 198
885 25
339 460
357 397
161 926
369 617
171 713
639 151
79 105
627 571
928 711
456 934
780 559
791 956
645 21
997 11
888 701
42 569
805 943
953 756
501 229
197 345
251 191
701 442
39 59
841 257
56 306
681 984
497 968
693 361
787 453
755 941
936 738
374 361
945 330
311 501
209 496
147 819
681 688
187 865
605 115
289 841
433 17
401 317
195 4
665 706
611 689
744 252
16 409
868 93
569 632
736 451
151 416
124 664
773 183
161 381
865 601
641 923
993 997
1 979
98 527
264 801
496 33
75 744
131 17
979 927
319 804
757 741
473 717
633 97
441 609
251 881
141 681
401 482
861 674
478 754
277 615
362 45
781 961
920 586
800 251
675 969
734 641
933 807
942 689
941 452
826 774
21 895
137 575
525 456
485 794
905 437
909 663
886 297
425 423
811 361
842 561
531 969
237 40
36 531
991 938
417 561
721 149
683 62
681 971
133 243
371 779
801 729
111 641
976 311
965 449
47 954
983 356
279 596
776 124
935 953
601 771
455 782
105 775
867 357
49 809
913 31
941 519
774 841
943 386
256 306
254 141
49 553
687 913
699 866
863 808
813 705
3 841
567 441
501 641
566 709
432 807
593 438
428 766
497 729
200 32
945 847
492 618
547 697
771 1
802 891
965 233
581 326
831 258
386 709
659 297
801 799
789 194
399 751
464 28
177 525
619 193
788 873
163 495
241 235
188 336
41 971
566 693
879 645
441 491
896 334
854 845
941 124
7 921
237 122
321 841
520 847
551 633
249 126
88 38
563 988
307 313
151 455
481 482
14 753
683 529
489 525
532 571
782 26
961 29
916 97
797 421
673 491
739 401
415 892
601 9
487 485
615 326
550 699
772 292
501 706
687 780
89 401
395 689
475 253
122 893
856 60
1 620
208 11
223 462
882 998
645 273
228 949
133 173
1000 996
478 962
241 620
561 336
640 251
669 592
1 298
693 37
271 875
16 831
68 322
961 831
331 813
951 753
191 373
336 267
899 271
507 530
246 321
618 139
371 889
184 880
165 721
100 195
329 873
338 945
286 512
349 646
238 161
861 271
163 309
882 630
226 127
951 224
259 280
499 979
91 885
6 186
807 391
933 761
331 611
264 831
258 188
99 888
972 807
761 317
345 173
239 12
89 251
983 105
1000 888
958 436
562 859
225 429
544 451
517 932
934 832
176 850
953 921
23 146
852 852
161 260
921 941
267 745
375 273
161 142
963 663
909 998
60 821
839 803
233 508
831 600
201 500
449 761
545 761
131 365
151 254
483 681
91 236
872 715
880 849
746 781
252 746
285 327
578 441
94 318
916 13
734 339
446 687
224 190
581 697
887 4
674 212
211 352
609 22
81 133
233 725
230 634
426 983
759 631
193 809
73 676
723 719
471 341
521 71
703 884
317 415
116 489
886 351
584 431
599 817
781 401
485 537
353 961
851 409
975 161
101 753
154 389
185 468
207 810
761 601
753 256
600 491
334 998
531 523
953 476
803 880
913 177
201 32
611 617
104 110
929 404
746 245
657 599
84 336
73 818
13 74
50 943
699 625
733 857
371 437
201 671
579 68
896 321
129 666
334 241
967 251
64 977
316 94
976 590
226 917
801 751
227 53
370 116
241 681
273 544
471 51
398 861
211 544
575 401
48 108
62 127
169 81
343 221
948 373
775 726
901 353
843 113
638 399
933 497
849 790
982 407
610 524
687 405
343 210
417 495
172 345
353 6
897 31
45 759
257 33
731 681
117 622
798 846
902 987
540 356
899 601
676 556
66 185
161 849
692 996
365 760
313 871
921 63
22 685
9 667
443 981
775 166
829 541
526 481
616 421
709 725
34 997
261 833
405 296
964 541
97 9
132 854
12 544
419 121
833 975
97 748
41 420
933 616
332 259
859 496
908 1
679 179
279 401
598 538
340 372
561 467
271 568
368 371
443 641
711 847
777 261
761 427
345 95
216 361
411 425
226 137
291 585
257 607
969 803
840 601
680 321
208 341
417 921
391 293
362 9
519 931
43 826
4 656
607 193
974 625
346 910
802 331
189 553
665 259
765 401
289 129
701 369
467 611
901 393
346 793
521 930
251 423
523 841
235 823
601 527
61 282
618 295
152 205
495 241
581 825
243 370
297 797
105 745
56 461
7 995
276 58
591 409
116 661
358 393
541 267
659 569
301 145
300 52
841 167
306 225
257 821
729 299
989 881
117 244
685 291
421 686
813 988
505 421
873 111
299 721
302 392
251 456
538 986
553 473
423 477
341 555
905 95
946 607
152 99
789 392
511 692
941 630
17 647
831 470
94 151
983 930
218 248
511 621
901 473
794 833
507 581
409 537
861 626
496 526
526 464
241 990
500 899
560 175
503 378
581 192
221 626
169 551
1 988
529 681
91 313
349 521
943 836
1 190
117 41
443 166
201 186
577 564
158 115
51 541
424 225
446 366
247 314
976 731
201 517
762 237
95 587
713 238
110 1
292 855
156 896
775 709
986 51
999 656
325 561
946 867
268 446
437 301
380 726
621 269
701 773
591 281
625 905
119 856
5 901
834 921
980 227
435 51
905 619
881 412
201 501
979 729
367 398
161 920
449 434
573 901
805 865
112 333
983 33
351 976
817 45
66 856
305 117
731 695
811 333
11 841
49 773
748 752
765 705
757 418
334 189
893 465
101 745
80 816
451 121
982 758
223 986
301 86
671 632
697 713
280 48
37 94
631 183
577 605
68 62
559 449
325 553
889 323
926 729
270 660
371 830
579 307
637 870
186 667
726 204
675 122
3 55
680 997
624 609
841 282
993 275
745 715
20 56
536 830
487 497
561 442
121 777
382 368
992 833
111 501
7 640
193 609
309 651
213 297
549 127
229 635
426 126
793 343
589 209
529 953
477 37
551 26
856 73
641 613
633 865
419 568
665 120
905 222
937 398
835 921
309 74
457 927
573 370
861 238
289 121
577 814
468 22
249 151
803 401
550 401
497 223
981 395
577 997
879 860
787 107
876 807
513 591
713 616
128 81
112 560
864 70
539 203
645 109
981 738
542 916
169 705
528 509
501 492
529 889
882 777
734 876
518 960
133 615
753 312
929 840
225 667
421 861
741 374
256 84
311 35
546 649
337 883
603 825
393 113
317 883
81 1000
286 946
796 869
375 860
267 281
1 99
981 867
846 57
212 622
189 966
159 201
577 281
417 111
809 59
953 805
490 411
838 50
730 351
691 339
811 814
462 479
121 153
321 539
801 626
398 506
205 526
546 353
609 511
654 95
676 81
631 801
993 218
935 233
398 786
651 509
797 464
303 494
596 361
1 531
809 868
478 121
512 205
89 753
174 35
463 108
805 280
150 720
121 609
692 597
111 951
324 58
35 136
793 467
673 847
862 44
613 133
190 11
557 749
319 363
122 549
613 701
324 553
155 139
703 565
141 186
448 946
539 531
499 17
891 701
311 281
114 844
305 451
959 876
39 398
905 309
127 681
303 725
906 395
450 780
641 973
676 551
806 501
69 758
91 121
759 321
601 624
886 67
73 126
284 999
298 349
525 527
32 750
857 425
53 484
401 392
554 520
45 311
936 55
607 581
905 947
251 97
968 917
651 627
44 961
138 931
477 935
866 753
261 801
881 635
509 357
853 490
609 705
489 513
441 973
666 383
230 399
561 760
801 331
401 229
923 884
611 68
818 781
496 844
171 74
441 254
596 501
381 931
723 873
801 784
671 527
520 137
256 871
247 265
817 228
780 5
317 723
188 289
837 891
196 769
527 129
707 167
81 820
901 175
42 701
26 665
1 43
648 881
573 91
445 108
292 674
800 409
271 535
513 918
705 41
401 55
389 124
806 209
327 878
965 830
547 921
467 306
450 769
334 587
811 686
671 819
990 571
41 351
626 862
587 723
745 129
245 464
361 914
973 798
105 341
845 1
491 271
283 865
379 174
273 600
326 113
332 281
552 208
237 581
34 437
276 147
152 97
106 672
133 517
138 984
401 345
541 43
646 801
265 180
729 286
593 531
236 921
131 818
99 606
837 762
827 986
1 993
330 426
845 169
477 113
27 547
237 706
399 709
981 185
313 747
741 184
768 6
623 281
557 816
574 565
601 456
793 522
921 445
519 924
512 605
596 843
768 649
71 641
777 769
731 34
67 684
701 392
981 113
1 907
201 455
116 241
21 681
445 405
725 64
801 17
310 780
241 736
169 471
549 1000
202 437
498 207
598 184
201 828
329 921
217 256
26 941
590 766
270 355
41 690
981 121
493 171
958 723
800 750
999 409
473 921
991 49
122 757
121 849
991 901
45 716
421 96
421 769
775 665
645 202
605 102
506 946
425 771
251 453
941 169
783 371
847 97
808 91
398 579
270 794
631 785
297 289
751 257
705 33
672 768
848 957
866 1
381 392
387 921
801 149
421 422
623 143
137 305
817 893
129 956
112 947
731 698
640 751
153 986
105 89
432 977
47 99
664 815
969 33
993 939
435 545
729 773
993 49
873 485
975 743
820 525
11 179
185 97
947 793
249 801
993 433
116 397
79 880
525 504
641 473
657 215
409 284
866 78
686 929
114 977
497 949
390 349
489 113
818 945
771 999
393 915
981 419
981 715
727 747
827 381
947 204
313 501
935 236
491 481
509 668
681 315
310 199
506 289
941 37
211 323
137 817
839 918
276 251
949 613
433 129
901 167
443 57
415 590
51 601
936 121
110 421
941 644
37 942
963 512
803 473
286 482
1 413
982 781
139 393
191 105
155 959
265 869
441 12
81 613
989 861
9 733
730 769
31 51
116 813
855 471
426 399
73 961
101 233
884 273
532 886
868 201
873 682
28 427
326 1
787 661
5 873
217 803
367 53
846 629
141 371
999 654
679 939
861 215
806 467
407 473
483 261
931 131
866 105
579 446
424 461
864 988
309 77
522 545
911 751
966 853
418 956
290 550
5 873
305 827
769 598
653 441
336 419
171 195
655 77
722 877
156 121
704 272
37 535
713 201
153 41
159 786
798 440
996 709
497 366
699 132
789 276
808 566
899 697
604 291
393 152
369 411
333 768
75 729
627 136
516 695
501 393
375 346
381 214
137 521
486 997
541 806
876 960
177 686
267 873
779 46
486 610
182 281
131 259
473 27
378 309
197 22
305 613
441 101
111 811
137 257
221 379
788 489
189 241
101 995
521 293
501 841
261 416
199 21
950 457
468 244
793 595
76 63
581 64
753 839
743 751
134 521
160 867
689 841
77 67
991 837
116 174
696 551
651 985
829 934
716 979
436 287
801 958
740 29
76 348
291 229
577 31
146 96
378 307
94 817
171 36
646 475
921 870
421 910
945 826
249 774
851 256
477 251
49 22
891 27
866 866
69 257
164 766
722 684
673 509
415 629
998 165
445 509
549 656
751 981
976 361
729 139
437 190
677 364
513 930
51 815
884 600
945 817
52 641
754 791
481 856
17 56
956 101
278 270
871 162
16 348
703 26
711 7
636 162
499 97
251 292
506 237
626 320
781 822
225 729
279 58
591 571
629 643
680 423
170 426
740 491
765 191
407 581
365 381
115 209
932 315
661 199
239 506
219 623
923 661
951 167
976 489
772 361
625 503
383 218
919 16
175 986
226 761
411 252
779 581
269 66
401 152
64 185
153 723
933 894
938 181
156 134
613 547
863 805
9 421
440 126
637 331
595 635
441 961
264 1
731 403
201 497
87 590
364 665
609 633
849 816
237 457
570 311
39 150
93 265
1 841
227 866
154 754
433 265
243 690
856 897
281 61
761 872
125 727
851 995
502 933
668 840
952 893
121 544
962 221
886 88
925 293
258 161
315 713
741 349
574 261
555 85
881 717
325 208
890 917
980 593
152 161
351 817
926 256
865 792
135 349
209 753
256 227
898 735
551 415
715 899
479 756
253 544
874 644
99 60
41 251
883 233
567 550
138 400
759 316
729 212
501 853
625 204
275 121
116 841
985 877
209 550
869 946
830 662
958 739
777 473
449 524
997 660
510 709
701 589
201 851
81 861
801 927
674 933
802 192
799 896
389 71
369 783
136 705
8 706
760 721
47 721
274 786
477 872
157 45
307 190
673 394
651 921
541 740
628 409
181 135
41 136
571 327
65 20
302 179
841 787
26 536
827 138
943 967
830 356
157 528
657 225
810 376
693 380
226 281
755 801
489 925
967 126
753 577
691 231
700 393
672 990
16 880
251 336
979 682
169 381
989 121
946 119
862 805
918 971
541 91
449 559
910 441
959 161
293 648
248 9
908 97
325 721
283 896
202 373
120 349
369 721
586 981
43 141
251 993
489 527
879 553
233 551
670 251
549 9
931 189
824 353
415 521
667 719
230 128
210 479
220 170
587 210
61 311
351 141
180 298
126 517
10 294
336 861
481 921
963 851
857 61
127 501
121 488
666 81
337 496
1 162
136 685
417 265
820 21
227 731
86 93
119 681
397 509
429 405
213 38
481 653
395 169
113 741
877 751
221 626
931 313
470 620
809 849
945 107
456 1
351 33
698 24
941 33
609 385
741 719
67 244
219 929
80 128
760 448
563 601
201 531
989 137
103 615
865 676
791 645
5 85
946 954
668 825
122 705
953 455
152 709
793 976
526 447
183 832
106 441
159 921
793 351
821 72
945 210
725 531
571 772
351 761
346 876
520 675
264 506
751 626
882 808
252 471
691 745
158 251
885 841
874 671
478 118
795 301
936 812
181 321
23 447
41 601
381 844
328 207
811 117
392 668
737 507
601 306
592 549
331 26
831 379
532 71
451 857
560 686
173 408
665 63
401 685
759 708
288 196
657 407
161 597
689 341
268 681
126 498
561 863
584 351
933 869
416 441
398 351
417 257
829 484
721 251
993 729
835 499
729 401
549 565
1000 431
275 721
721 393
125 671
983 729
901 860
441 80
850 126
233 470
804 639
100 256
265 209
481 309
1 610
838 531
333 774
768 97
293 329
27 422
536 235
801 669
531 886
970 677
413 840
909 315
645 945
746 239
273 611
326 253
380 370
659 656
21 350
666 697
689 725
192 200
405 811
832 945
809 640
251 526
87 232
921 522
697 973
361 308
393 35
326 807
901 998
925 856
553 981
861 173
767 144
652 861
21 175
879 817
421 789
736 532
891 260
959 796
151 911
763 391
666 731
576 733
457 247
93 641
714 1
867 251
736 501
911 465
468 849
136 17
212 436
281 56
647 588
671 55
913 771
617 496
760 344
426 96
317 353
130 897
487 661
217 298
885 936
453 936
209 685
513 526
295 640
995 995
209 118
521 812
695 246
505 786
834 429
597 665
15 893
108 528
893 2
564 185
429 86
828 301
259 215
433 965
781 116
107 952
148 276
883 701
459 1
206 260
309 726
274 571
852 151
1 570
334 456
179 238
851 120
476 561
86 567
923 17
203 167
701 865
77 293
314 873
176 790
623 33
247 771
33 595
71 927
300 553
433 573
1 691
426 476
69 395
566 645
105 418
741 715
966 906
53 576
401 233
681 795
795 751
530 154
30 401
849 670
903 901
258 813
83 720
813 431
447 281
241 561
925 853
668 691
557 985
240 253
261 567
77 801
997 881
953 121
735 134
166 49
647 763
721 547
245 37
267 86
643 431
809 575
589 763
924 846
914 495
621 281
221 123
586 132
261 464
901 591
655 297
437 481
263 827
732 449
548 851
995 765
873 424
709 203
346 125
658 761
97 727
64 26
902 216
793 615
925 4
654 661
628 662
31 836
321 449
313 533
318 393
409 916
348 897
285 381
468 939
761 501
924 104
829 773
475 537
98 609
133 65
531 781
700 1000
366 141
279 329
563 997
742 327
483 777
769 241
219 439
202 899
786 228
222 121
971 607
257 473
934 217
185 137
110 193
755 861
509 529
853 709
41 905
23 878
899 894
91 376
274 577
746 713
195 507
497 168
952 657
844 693
357 301
874 678
81 362
901 665
747 776
201 1
929 379
341 55
891 975
425 406
814 914
701 993
274 100
946 171
945 21
395 644
563 216
599 535
468 338
901 30
341 813
375 813
778 729
876 901
577 887
701 750
981 317
259 887
646 993
117 991
793 277
811 975
501 192
323 381
311 369
341 53
431 802
253 66
657 911
163 275
405 226
935 417
211 939
873 776
83 693
475 337
206 196
5 316
953 889
215 262
21 692
833 251
993 531
113 673
7 848
464 441
394 890
702 272
865 36
681 308
844 52
374 821
55 567
615 233
422 906
549 929
287 401
836 171
618 411
441 573
943 708
326 32
945 678
393 131
317 310
188 878
723 533
665 720
703 45
405 177
638 695
926 775
671 120
836 875
1 417
251 8
392 301
81 911
431 187
96 277
621 559
756 621
11 469
781 665
306 496
51 641
174 415
81 155
512 761
496 224
584 149
516 9
441 366
517 971
932 399
79 269
271 388
200 761
556 201
166 126
727 634
561 903
453 371
326 73
331 804
967 346
601 491
562 294
117 962
551 11
581 681
296 637
207 550
751 186
51 446
107 53
476 433
158 450
986 455
825 608
671 849
70 137
271 376
567 820
771 815
772 65
737 83
405 991
529 657
841 449
721 129
612 425
441 30
351 83
758 512
377 76
801 720
876 303
224 899
58 556
823 129
136 215
273 845
377 317
459 141
661 845
565 448
260 271
267 71
686 586
637 707
847 950
601 861
401 909
308 702
423 56
59 858
417 425
465 21
217 173
547 785
818 831
362 750
761 68
861 945
28 672
665 646
828 596
351 441
178 811
1 952
311 139
641 697
349 976
149 764
777 801
117 569
677 717
901 706
874 526
885 663
561 465
361 631
507 93
230 394
541 811
67 888
284 492
406 148
920 163
552 769
8 401
691 513
525 887
504 761
926 128
653 231
697 236
24 63
949 297
551 777
481 73
657 137
357 339
876 801
409 57
637 67
353 93
542 827
500 201
351 409
226 797
447 491
862 480
361 569
161 639
241 722
756 972
669 313
521 449
997 581
897 861
422 169
285 261
49 340
521 114
925 401
881 765
743 487
121 385
605 305
727 732
561 451
314 544
151 14
364 339
685 559
401 171
176 271
133 122
68 507
386 686
461 964
115 45
742 731
818 628
232 964
66 92
481 613
596 702
832 59
449 313
939 609
846 167
850 33
146 119
255 19
503 839
751 713
917 303
270 275
258 96
603 226
189 95
115 573
990 185
533 830
397 381
227 689
243 183
708 249
424 328
943 147
129 620
260 815
729 340
986 345
589 109
606 61
681 371
761 606
241 57
228 826
114 923
671 651
345 851
791 101
480 577
485 951
204 643
271 694
636 111
633 475
566 681
781 183
665 386
15 281
81 807
449 617
882 671
330 104
159 239
78 813
929 49
569 337
138 81
361 706
138 395
239 969
214 185
813 617
62 669
182 54
937 756
19 933
152 602
481 535
533 897
949 337
705 718
728 356
457 792
121 562
136 689
633 981
59 135
121 231
17 181
399 919
341 631
527 259
552 494
937 727
826 901
553 26
642 260
731 791
741 616
176 193
289 665
763 601
837 363
521 9
481 820
735 743
783 876
559 329
757 780
306 121
258 436
24 185
519 257
448 153
153 195
161 810
717 548
335 461
168 781
220 568
811 960
437 343
710 931
136 521
585 37
412 178
577 201
69 959
785 451
635 193
81 748
23 410
341 911
517 49
176 768
921 515
523 636
463 680
233 923
17 170
256 795
451 234
728 458
181 865
937 870
1 251
303 369
981 321
207 833
346 591
333 605
65 932
170 193
337 833
624 344
307 685
301 750
852 585
198 753
15 945
406 406
513 940
405 241
248 114
146 54
105 817
180 781
257 1
161 547
226 893
205 401
231 726
887 576
157 205
661 722
351 271
601 738
321 84
777 769
867 1
626 781
726 541
881 597
957 864
423 629
857 722
457 871
161 965
207 7
44 501
963 406
676 181
9 159
593 578
423 267
873 101
546 249
701 80
526 35
256 675
369 561
397 223
346 537
467 906
395 421
619 67
917 637
888 746
247 479
180 763
286 302
562 505
157 567
898 913
416 897
457 141
356 451
937 729
797 636
204 645
474 169
553 969
387 945
46 290
72 232
576 681
512 672
827 745
704 407
809 913
266 157
676 411
817 125
335 932
117 252
213 443
75 651
35 939
950 581
351 777
931 162
866 826
80 721
817 813
526 947
281 753
518 777
921 871
171 411
271 16
935 153
17 141
653 561
381 829
697 556
903 921
623 91
656 911
372 87
557 515
615 332
265 379
112 136
667 233
984 584
769 505
808 138
804 205
313 298
571 578
727 81
602 18
437 885
936 282
685 876
882 281
632 671
1 201
129 535
12 273
249 105
636 945
527 348
551 761
935 137
373 761
769 216
486 77
91 199
724 376
721 201
679 341
409 333
51 820
251 428
419 987
529 281
175 100
141 1
39 55
568 201
992 689
262 277
595 521
57 930
902 486
837 441
86 745
689 81
671 616
301 215
849 185
872 609
63 251
80 572
1 413
362 923
561 696
351 293
725 181
841 753
916 535
84 609
660 744
466 981
143 210
592 521
164 568
632 241
36 409
253 840
466 551
497 220
217 133
87 780
764 125
420 745
520 240
538 706
187 279
33 775
416 955
783 118
259 939
976 549
833 41
115 425
229 752
393 845
486 241
400 307
767 301
646 779
529 801
516 181
70 292
409 882
187 821
905 782
435 462
586 359
251 985
103 936
398 711
557 141
268 194
725 153
371 560
193 424
961 996
302 201
599 355
137 93
157 697
631 899
231 730
941 591
379 61
404 507
737 366
613 571
88 210
947 811
222 884
788 119
60 660
267 873
775 553
35 577
297 905
884 819
267 26
481 628
741 149
411 97
300 134
714 753
376 817
233 93
538 801
829 417
532 385
695 792
436 222
570 921
851 969
167 670
931 356
363 556
231 616
193 933
921 281
825 153
409 417
666 282
793 36
916 752
903 241
317 878
91 761
146 253
311 955
893 761
136 565
259 933
326 617
554 527
749 789
153 309
317 50
29 121
931 813
645 45
595 921
708 285
386 922
649 536
41 856
451 643
961 927
489 116
826 497
785 354
465 485
937 1000
971 393
207 614
929 461
973 872
335 175
281 346
742 86
986 776
85 718
344 166
771 555
511 389
779 754
886 143
685 964
241 331
279 122
376 632
359 36
37 440
405 881
175 602
339 78
974 747
139 23
490 77
853 187
228 435
160 683
797 556
877 386
696 120
321 381
337 121
161 989
59 17
468 691
343 170
994 891
878 853
695 244
271 121
677 38
514 843
669 31
909 627
401 383
79 845
577 999
451 282
705 722
87 145
250 126
291 89
345 437
701 217
697 405
475 544
294 801
733 593
113 201
117 950
51 405
901 281
163 617
289 110
69 426
385 433
955 513
126 246
487 321
855 999
833 709
612 321
561 191
601 692
433 201
776 142
225 434
351 721
891 999
613 745
251 892
612 204
833 950
464 526
587 38
393 645
200 363
256 601
826 611
109 699
717 959
871 565
657 556
601 60
751 745
601 778
113 239
196 211
833 621
763 239
786 543
625 420
301 26
121 208
974 679
777 623
72 632
170 581
678 303
901 721
150 153
791 517
201 115
468 835
91 948
492 31
245 673
401 775
886 154
168 61
101 957
581 870
466 581
563 353
433 627
657 564
961 316
803 203
249 166
238 275
91 77
553 830
167 989
230 695
847 476
182 661
321 539
195 101
131 351
551 25
589 436
945 281
761 609
426 951
888 233
165 87
933 353
769 256
356 795
55 819
881 128
920 723
53 615
535 547
94 722
756 876
819 908
969 749
926 541
872 615
452 249
526 808
30 742
234 230
855 561
673 175
42 366
529 406
101 975
610 111
387 871
893 627
441 980
176 209
589 455
237 721
941 707
506 845
606 810
397 290
763 622
751 721
997 860
865 93
271 395
262 625
381 81
911 853
865 249
599 643
179 274
954 873
489 638
607 496
441 151
321 791
881 973
771 1
105 606
281 493
263 981
929 453
415 111
451 326
329 841
257 586
118 898
264 406
418 141
833 411
529 654
384 496
918 475
89 425
156 805
475 759
377 773
451 225
976 978
651 896
531 66
571 573
763 205
410 356
860 785
361 621
476 726
945 755
525 251
550 30
69 78
95 821
421 168
386 571
657 547
778 199
146 733
757 45
926 521
654 961
73 513
594 5
458 578
505 336
221 201
990 809
420 715
490 758
109 906
46 758
661 220
776 861
225 996
189 319
646 773
571 316
741 542
477 668
154 688
809 1
171 906
882 559
957 841
544 89
126 561
390 417
822 153
753 718
901 365
301 756
791 85
326 51
717 521
46 757
385 232
461 881
129 462
41 43
961 632
927 11
126 707
103 221
191 593
280 857
50 359
257 762
207 193
611 953
31 483
749 861
471 988
691 753
504 705
796 261
229 131
828 771
494 141
107 825
896 266
826 871
659 428
325 703
49 111
809 771
977 736
714 361
641 529
484 93
873 765
874 150
51 900
6 630
87 449
943 430
969 792
226 989
589 179
840 594
427 561
132 558
929 693
893 567
743 50
882 411
926 405
871 181
597 961
701 907
433 97
653 515
501 785
429 119
224 530
171 665
134 377
646 628
241 901
666 547
433 589
851 517
537 391
82 467
403 159
838 612
61 959
606 874
801 733
867 105
820 743
593 220
15 201
431 860
203 781
692 287
695 626
981 660
757 993
337 32
416 337
419 321
713 516
798 141
552 561
926 477
305 799
283 439
549 91
281 218
97 85
959 414
641 67
909 361
361 966
384 400
685 41
525 442
1 705
781 251
301 953
833 597
704 537
953 964
302 296
791 297
754 792
571 541
191 825
314 871
713 46
562 649
479 705
244 679
328 990
125 385
573 325
185 251
297 620
799 935
18 6
141 74
405 317
976 350
266 151
221 547
704 961
869 141
410 503
649 927
759 939
91 386
651 844
136 215
641 1
918 611
825 113
979 657
166 462
401 671
525 501
51 541
356 456
621 316
325 648
727 851
668 165
526 447
1 416
671 431
849 592
806 551
721 324
626 117
332 222
251 757
214 761
47 930
491 193
880 647
531 646
280 786
550 599
109 101
338 251
729 653
917 633
526 572
331 272
181 667
151 421
61 662
73 641
895 645
777 5
957 273
777 2
861 819
164 169
688 565
917 143
492 210
695 159
993 18
669 863
699 262
427 387
66 438
473 790
641 966
994 325
792 401
341 944
526 881
919 885
426 308
417 39
938 417
533 411
378 598
400 441
879 127
9 983
676 941
366 382
765 692
245 46
156 413
611 515
208 606
354 161
671 532
921 506
979 999
961 677
115 469
811 786
861 385
481 606
303 76
433 928
5 592
521 350
977 141
481 51
689 893
985 204
251 61
588 666
672 548
751 385
481 781
435 105
551 616
478 937
66 993
987 942
117 921
644 90
802 465
253 937
698 145
217 176
126 221
112 253
247 749
126 519
136 921
921 796
257 159
263 211
35 813
174 883
857 741
541 529
309 767
321 1
778 470
242 545
148 908
485 57
123 128
923 811
219 665
284 921
400 273
586 409
991 811
481 519
819 967
425 875
956 351
451 517
479 901
33 50
739 391
779 353
317 603
595 888
472 590
782 361
884 836
126 469
829 586
631 201
444 479
1 984
273 550
639 759
1 149
481 401
434 889
760 326
439 851
389 267
976 17
362 313
16 10
122 633
868 170
985 571
651 601
399 987
639 331
697 685
897 723
996 756
813 31
930 545
983 945
169 242
64 933
502 541
801 115
349 551
721 621
257 99
973 550
575 738
205 277
725 137
861 829
23 825
484 293
955 647
22 405
887 595
979 809
901 933
35 473
999 392
199 977
717 943
655 425
875 771
481 811
607 555
613 431
45 513
534 483
986 601
51 126
253 12
821 195
71 302
143 626
56 894
720 333
189 84
804 761
793 327
843 337
177 65
883 146
925 491
844 386
896 490
969 930
533 596
518 993
238 254
422 603
336 693
761 367
515 57
636 296
416 409
570 384
151 881
275 625
97 593
501 317
370 809
626 253
104 896
814 101
412 591
257 97
111 746
684 277
386 913
121 221
643 646
869 243
365 441
507 485
961 83
736 313
679 411
65 53
20 324
604 384
951 101
457 451
11 241
745 195
868 581
487 609
737 332
953 621
215 429
77 253
671 937
501 764
25 231
740 27
46 476
841 498
281 617
329 355
952 465
841 388
253 113
25 743
457 963
833 405
350 693
613 249
494 126
789 481
249 756
614 745
101 296
283 58
286 626
439 181
901 981
703 849
351 567
21 321
832 21
775 452
21 549
241 251
329 631
351 901
572 771
693 309
571 633
634 161
849 422
555 281
797 351
501 65
582 856
53 827
716 567
155 937
831 501
817 121
357 125
17 743
449 939
169 828
530 341
247 552
289 81
317 268
905 721
984 901
928 17
425 237
287 576
474 400
529 21
29 337
763 794
928 201
85 860
607 498
490 148
649 993
832 837
55 316
428 602
412 717
875 310
689 802
609 877
76 133
844 835
428 438
861 776
258 548
585 237
623 237
932 99
152 701
245 231
250 650
296 153
6 889
671 11
987 291
333 81
162 649
381 344
460 54
46 551
836 193
558 809
580 484
741 451
761 121
819 137
286 809
587 773
107 416
1 299
789 635
161 254
787 841
373 265
913 668
762 949
711 935
629 362
219 121
841 15
897 643
593 537
817 489
463 683
255 991
718 846
649 37
471 369
384 800
73 776
793 513
998 165
87 28
756 447
677 95
466 4
161 886
416 337
242 97
573 451
767 156
888 601
585 601
976 853
734 166
72 403
537 871
746 19
397 640
951 825
217 943
848 9
354 991
274 601
761 108
60 976
177 931
14 45
186 504
301 461
66 845
253 45
105 897
231 503
681 855
584 539
778 547
727 335
483 842
561 727
153 101
261 305
895 668
252 761
625 1
161 41
672 369
451 186
397 841
972 75
387 931
41 566
841 159
923 476
385 661
374 257
53 861
560 495
530 122
108 605
211 571
356 845
581 996
309 180
321 70
735 970
829 718
504 461
63 666
343 799
84 487
506 421
771 625
832 249
721 809
35 269
911 369
709 802
996 356
591 877
330 201
625 669
631 9
837 958
972 809
499 251
52 861
199 800
294 349
79 460
351 104
945 313
144 374
977 65
458 127
78 843
829 120
378 97
354 186
693 957
871 839
241 529
699 314
666 178
556 501
992 81
11 315
65 11
31 653
101 306
881 213
414 807
573 825
223 589
377 202
70 980
881 6
616 85
801 378
403 573
39 315
793 215
329 779
769 172
107 934
277 901
437 796
302 813
572 16
23 279
285 865
753 286
593 615
421 913
560 301
256 786
852 133
73 969
781 261
496 657
420 39
366 489
734 871
665 237
104 49
294 121
401 236
346 441
246 175
76 79
125 441
769 810
368 475
464 206
289 449
983 197
307 561
666 597
354 551
433 751
941 481
306 763
59 193
972 358
49 72
953 771
171 899
685 413
466 171
902 885
871 203
973 641
935 551
831 937
81 881
635 937
729 716
239 793
305 195
71 41
889 774
934 982
1 706
521 257
15 802
839 590
371 923
521 841
225 901
764 937
852 689
471 997
749 847
576 719
781 377
631 310
53 306
464 471
320 201
47 626
749 7
348 845
753 561
72 67
474 597
785 127
533 291
863 396
581 681
921 345
773 151
171 31
902 91
685 967
648 993
549 465
50 388
159 440
603 595
431 638
361 111
737 513
634 423
532 95
415 564
663 66
677 834
376 505
588 120
366 456
431 991
665 501
767 82
265 812
897 1
297 556
63 595
918 925
806 87
666 541
846 355
854 195
241 265
978 40
604 445
399 105
301 721
889 305
211 649
951 111
3 677
551 285
871 817
265 131
302 480
46 986
51 371
3 785
701 956
830 117
835 371
985 769
281 313
699 116
433 312
227 421
971 409
473 381
437 293
744 358
711 200
337 562
929 617
132 973
599 107
438 251
209 741
372 410
327 371
201 91
831 301
691 963
37 924
19 248
343 446
793 625
977 311
361 306
337 901
411 794
376 575
874 785
522 141
530 129
9 503
181 571
256 881
457 210
439 987
447 295
498 225
653 376
921 827
199 859
417 7
29 111
721 135
916 601
341 671
881 998
233 402
2 289
713 846
293 628
41 426
606 685
615 937
709 940
817 973
291 946
51 886
742 349
375 532
517 211
729 566
151 303
263 652
456 287
489 180
807 477
1 426
421 245
311 416
977 61
653 65
896 98
241 445
461 500
118 657
337 401
873 646
824 881
395 666
99 512
310 17
261 214
637 648
26 601
889 865
725 561
706 29
6 8
693 817
691 625
601 246
626 346
617 505
503 121
5 651
681 181
445 997
978 225
646 301
817 309
306 376
443 461
999 607
305 839
141 234
509 925
209 139
363 733
118 1
836 235
365 221
61 175
380 751
616 352
737 616
93 857
845 644
630 673
313 231
681 943
554 244
641 279
27 257
405 54
201 394
814 61
582 777
648 301
231 598
1 396
97 43
682 985
119 909
444 161
19 801
450 964
563 824
186 933
237 891
31 659
961 385
522 909
261 37
45 746
681 201
385 751
435 821
704 22
65 21
419 449
881 778
833 952
281 953
297 466
641 941
629 105
311 780
157 298
921 325
521 126
478 755
586 25
142 870
69 990
126 227
569 470
100 433
669 948
781 320
81 541
23 926
817 861
241 561
990 401
441 437
193 201
256 141
940 715
907 1
75 465
717 482
370 45
934 146
988 618
223 986
673 721
377 843
849 913
877 66
511 341
733 448
325 561
581 178
363 657
991 241
158 527
111 975
965 841
866 465
983 382
753 625
881 139
211 123
879 925
21 701
377 709
691 202
554 335
498 273
507 932
955 264
91 749
227 971
734 129
946 575
466 236
481 691
64 573
641 106
517 888
401 491
885 694
74 582
105 708
411 543
45 511
880 185
805 897
742 601
776 164
981 167
119 564
856 401
921 154
497 743
631 591
51 304
605 577
525 16
420 825
773 801
673 849
215 55
752 501
23 402
558 929
260 681
304 73
677 938
690 978
907 696
834 475
481 174
816 501
315 532
877 37
885 221
463 199
87 531
630 17
553 802
488 974
519 73
900 395
273 386
419 316
440 934
369 831
376 677
472 351
639 165
160 737
679 660
559 695
164 65
878 983
425 371
177 223
837 265
529 701
721 923
805 201
192 253
850 862
961 476
725 989
301 741
846 70
689 101
217 969
426 777
200 997
127 633
993 719
854 713
486 49
304 993
934 559
384 809
355 782
510 140
101 45
500 448
281 801
171 541
245 851
769 580
192 833
225 49
938 466
873 854
233 251
360 571
277 452
937 211
290 331
499 102
179 585
18 352
693 263
640 229
27 393
876 550
580 701
601 462
236 642
976 65
825 271
368 393
297 976
690 48
201 832
303 76
169 162
281 832
751 336
117 105
876 833
971 313
801 60
974 609
981 813
978 482
262 939
309 233
560 611
628 502
531 271
458 102
909 881
9 640
859 613
924 332
28 469
385 441
269 271
21 444
337 221
957 111
638 601
448 301
949 622
126 12
257 997
89 954
808 178
13 901
551 961
250 323
441 596
1 132
995 756
131 977
145 33
57 790
349 506
271 161
603 436
370 995
949 787
989 710
736 793
845 440
504 108
997 279
580 696
492 776
201 118
160 279
877 566
226 669
193 646
6 63
931 461
761 76
551 766
721 740
544 946
234 574
615 214
625 559
401 727
461 998
481 878
891 187
361 153
301 285
873 372
709 238
975 685
563 293
156 3
126 957
116 988
556 673
331 229
441 297
401 147
873 481
886 653
373 447
613 87
719 976
280 798
713 595
483 469
705 321
991 730
476 582
686 13
35 501
410 697
524 468
409 219
85 124
759 409
17 904
713 647
376 91
462 551
625 344
833 165
381 373
443 467
150 914
152 485
793 760
641 458
165 729
327 624
385 473
87 913
976 193
41 777
281 291
540 537
282 196
657 529
736 321
625 881
503 197
567 861
201 71
769 121
525 786
578 301
170 201
130 17
29 425
787 809
594 866
950 543
119 111
593 161
561 46
779 885
145 113
877 913
148 917
721 963
615 476
995 709
72 561
721 323
661 682
842 199
432 749
20 636
101 910
470 677
351 771
203 908
593 27
1 128
945 634
21 289
827 361
996 702
449 356
529 41
951 143
372 768
550 36
232 569
51 122
609 435
892 149
52 680
631 426
323 977
896 232
846 996
979 962
854 802
671 576
706 482
932 401
512 751
551 396
166 441
176 854
894 50
381 485
835 897
721 15
552 337
508 894
97 445
927 646
784 661
506 809
917 131
418 472
50 466
449 668
929 495
464 130
306 361
608 351
635 101
929 36
134 191
686 2
930 569
468 129
905 17
825 482
64 350
394 160
556 773
281 108
217 135
186 64
728 339
801 94
566 570
955 737
412 74
409 716
324 977
225 795
104 387
459 301
647 30
59 462
53 937
201 249
769 441
443 793
225 392
251 733
758 686
441 778
506 561
251 429
365 329
545 876
190 876
379 509
272 713
542 811
316 481
707 274
628 495
745 986
929 37
241 283
64 251
638 933
477 601
807 712
525 516
737 503
77 73
297 881
310 891
31 52
181 41
590 837
838 753
181 282
109 718
196 638
939 16
778 526
745 523
417 540
596 103
696 857
185 322
437 601
73 526
551 315
965 437
417 61
971 297
741 411
961 330
719 65
221 357
563 360
825 12
774 272
80 925
242 135
61 655
208 747
112 481
311 579
279 363
521 561
777 98
45 43
359 117
236 341
495 881
706 498
301 838
965 957
667 601
559 185
800 352
287 769
240 964
841 377
271 911
13 357
470 289
968 391
309 681
366 673
125 1
405 137
140 51
885 249
467 26
193 521
536 944
227 117
275 479
645 990
765 612
753 547
617 953
692 182
241 376
986 51
520 245
252 501
33 779
612 711
930 106
798 933
547 800
478 591
951 573
707 780
905 491
424 822
605 403
518 401
261 757
723 319
51 551
349 901
49 8
549 694
11 661
580 221
251 944
381 11
614 216
525 363
469 1
554 533
426 961
457 415
95 462
97 847
1 453
65 69
569 717
339 23
828 431
466 494
850 736
487 151
296 75
274 801
461 656
456 261
277 545
917 126
381 257
592 338
330 830
401 357
233 488
944 935
237 741
153 660
346 512
681 452
401 576
165 5
851 645
226 193
668 95
429 138
859 159
750 570
147 249
257 631
385 547
1 471
348 557
153 901
775 569
501 381
521 85
875 136
236 155
703 731
761 545
19 466
250 814
555 646
824 131
241 209
861 461
411 225
101 929
441 985
635 867
168 38
137 683
195 289
105 293
864 151
696 701
433 459
979 787
851 915
335 382
548 802
781 334
709 793
782 721
241 821
126 29
785 123
413 754
761 674
799 568
957 372
509 477
577 669
534 497
213 649
667 252
679 11
737 626
74 861
677 725
568 19
366 578
501 265
65 930
586 414
763 208
485 291
45 755
384 763
999 366
843 514
718 231
547 300
781 355
425 283
497 401
783 410
269 577
107 87
261 194
509 442
306 230
216 724
591 621
247 664
533 495
489 235
501 751
599 106
178 994
181 877
156 201
747 662
251 193
871 637
797 315
9 851
777 923
825 7
257 308
56 309
543 199
916 789
433 633
705 871
77 329
443 661
691 201
241 653
146 892
213 603
541 457
791 419
788 9
740 499
59 290
473 303
145 254
491 984
174 985
622 336
251 857
426 713
990 176
901 457
705 230
649 607
405 936
12 275
270 841
386 490
630 828
917 222
641 745
71 754
455 649
241 126
569 617
661 555
155 298
401 162
603 586
341 416
701 751
797 919
109 830
931 873
887 916
777 64
435 214
847 375
786 789
70 501
915 685
241 664
689 19
673 461
889 449
758 577
96 441
889 363
931 1
797 586
1 609
758 101
62 860
491 459
393 501
155 220
814 528
549 909
501 406
63 945
555 255
958 929
146 552
38 603
881 696
824 163
577 821
21 561
564 945
419 496
569 831
93 756
855 353
772 358
487 76
496 901
861 833
496 81
453 212
877 841
477 384
125 482
232 313
381 615
38 885
810 563
626 321
491 527
436 905
197 844
79 913
615 340
223 486
241 127
783 611
146 156
571 829
741 394
586 353
121 896
881 597
83 551
432 683
479 953
131 345
58 460
134 225
541 661
956 89
275 201
15 235
357 572
969 971
832 909
302 247
326 953
610 651
44 873
230 273
561 141
629 291
776 206
438 514
125 141
318 76
168 994
988 759
265 930
834 295
121 57
202 176
876 235
257 905
107 74
43 455
610 198
581 158
446 999
304 481
773 177
501 766
987 521
73 261
873 972
577 481
826 196
506 501
807 425
975 28
158 446
905 851
357 601
801 45
337 134
834 1
325 371
375 97
776 563
416 87
777 545
497 731
417 933
445 711
801 241
311 611
440 69
275 17
610 241
366 391
101 763
708 951
850 665
777 585
854 233
771 538
355 900
699 146
342 346
364 66
4 901
567 385
286 342
969 20
801 362
506 2
187 361
913 878
986 708
981 877
742 188
817 211
226 841
241 329
991 976
876 546
867 989
803 666
764 508
256 143
691 106
761 289
41 981
255 43
906 828
841 689
351 26
820 27
134 229
373 300
785 29
965 695
450 63
120 599
233 111
402 459
256 508
905 311
205 961
61 611
589 721
259 505
464 577
461 672
946 994
681 961
73 538
603 961
294 77
492 137
434 900
105 176
453 873
991 381
156 477
161 453
178 504
725 801
111 309
339 911
237 945
372 922
489 441
861 226
495 899
313 14
809 811
871 316
945 623
660 151
905 146
985 811
767 126
621 611
449 899
247 984
836 849
747 362
881 316
273 478
190 693
981 188
620 41
691 569
527 699
491 80
50 659
644 398
121 995
441 599
842 80
113 714
980 669
864 729
586 961
526 148
240 771
393 577
701 518
919 283
831 686
598 169
32 277
943 841
798 390
70 221
1 285
916 714
156 805
208 679
291 43
213 269
403 303
533 572
342 111
399 423
242 826
573 37
465 170
581 645
481 251
190 950
716 685
523 876
403 361
957 491
193 163
25 261
561 681
301 726
221 417
864 812
155 866
268 406
466 310
739 513
833 593
583 31
930 682
925 454
555 262
561 279
151 921
540 16
376 972
692 63
501 580
388 916
931 7
411 926
835 293
569 378
40 329
331 669
111 959
961 233
489 611
258 773
857 213
162 470
640 883
179 905
426 652
661 261
401 537
91 876
105 433
887 952
131 999
782 311
558 1
192 369
81 46
912 953
28 400
761 321
1 860
945 21
133 953
321 709
186 499
517 911
351 724
215 341
381 834
359 685
901 371
793 590
681 161
915 901
931 961
134 441
468 146
461 204
283 176
770 94
208 285
138 571
385 795
285 105
501 608
617 151
1 153
475 562
146 483
720 974
831 321
161 141
49 457
141 789
430 297
516 821
589 301
936 939
60 553
910 271
858 436
361 677
353 873
769 540
691 844
201 529
306 797
394 962
562 489
670 442
956 818
575 861
952 151
652 136
902 755
995 691
208 145
425 644
305 586
104 993
644 161
731 281
132 169
103 52
154 111
895 455
34 261
11 651
675 717
621 275
424 764
626 2
576 921
831 31
249 645
833 121
293 463
355 752
460 461
876 931
79 556
738 668
697 137
453 249
585 788
53 283
706 847
949 521
997 261
173 341
667 240
289 984
529 723
975 123
91 119
11 163
335 995
710 560
1 823
844 686
856 673
369 193
233 877
260 305
708 146
161 609
801 214
747 486
914 110
501 538
101 745
330 504
874 348
121 38
727 831
397 865
786 476
931 161
608 641
475 559
876 616
125 421
233 175
546 231
631 645
391 501
850 650
478 427
449 415
980 521
607 425
763 833
372 304
237 651
214 178
150 793
26 180
417 471
760 641
522 578
867 118
499 160
227 251
417 777
313 53
777 841
436 225
641 683
569 383
483 999
974 977
943 547
391 719
321 211
525 981
111 332
801 499
791 709
552 566
676 741
741 311
617 615
45 240
752 511
595 35
766 436
249 381
181 556
681 441
790 501
225 967
70 777
374 361
941 196
966 240
694 557
643 951
326 187
51 27
173 83
996 606
313 593
567 117
741 166
299 109
751 183
368 867
115 521
17 561
346 343
453 351
609 455
219 914
171 874
533 633
831 85
101 641
575 644
771 717
816 519
193 215
729 341
456 393
841 647
647 202
6 257
86 843
369 420
381 535
903 769
665 610
818 290
451 765
721 743
79 949
666 918
184 676
998 742
289 151
427 691
728 485
465 379
576 519
827 532
31 38
501 621
740 263
643 729
110 611
535 819
215 35
196 786
656 935
359 757
279 65
668 835
287 286
839 948
453 832
971 360
678 992
614 209
873 385
5 949
322 375
433 478
259 87
539 461
848 28
415 129
668 837
118 792
588 537
900 174
323 545
20 414
26 201
731 320
613 6
96 313
346 323
557 77
257 553
281 361
721 951
701 634
782 86
655 169
297 643
766 293
957 728
26 999
799 50
325 1
200 906
897 657
938 941
147 267
39 401
601 370
996 413
121 675
36 61
346 832
971 489
419 325
241 951
498 145
545 702
681 441
846 894
841 484
709 116
298 598
465 92
225 601
683 294
626 909
335 617
717 87
681 967
626 508
226 833
600 733
792 643
101 705
645 407
21 223
371 166
286 786
571 677
501 415
493 964
604 601
787 785
431 664
961 77
285 876
267 831
156 406
168 180
98 146
493 291
505 411
841 902
524 442
252 984
907 397
676 401
941 301
710 329
732 337
573 521
321 801
451 892
878 321
721 531
916 811
757 65
343 309
158 473
6 169
958 296
401 76
541 400
724 582
768 305
409 983
643 713
507 701
96 28
891 517
751 536
463 508
347 346
657 842
251 776
41 629
641 653
717 573
840 816
546 130
631 627
258 981
368 531
565 191
841 45
493 622
464 852
351 953
103 564
535 742
53 687
411 101
68 252
746 973
66 213
602 929
533 275
483 965
84 979
733 365
401 198
890 826
454 861
393 612
294 144
937 937
401 522
907 395
880 76
420 485
658 626
126 189
