300
176 266
283 61
214 162
236 111
237 156
299 227
180 7
90 292
57 276
11 216
105 186
124 268
114 92
43 36
55 39
56 186
274 299
80 216
120 78
201 213
263 48
257 130
239 136
170 68
77 290
154 142
209 176
218 216
193 247
182 83
158 245
235 209
136 256
10 142
290 211
186 17
38 186
39 227
59 42
157 48
265 282
242 40
231 11
269 42
130 247
287 211
295 87
142 299
50 11
126 6
61 8
78 216
2 216
229 216
205 103
192 1
36 130
102 92
175 247
161 267
166 36
72 192
198 263
227 216
165 263
241 195
88 286
13 3
134 92
277 99
146 176
17 216
145 231
75 39
94 65
118 142
46 127
76 96
66 1
285 60
83 5
95 59
96 213
155 189
73 42
297 52
230 235
222 290
143 121
171 2
44 20
225 215
71 8
279 95
253 193
243 186
272 192
196 277
247 216
26 113
5 14
97 38
123 11
163 142
248 107
300 4
127 216
288 3
33 107
24 29
147 43
228 107
91 159
219 55
70 14
194 192
87 173
282 165
139 211
151 194
189 118
40 48
250 11
74 191
254 209
81 205
249 103
289 186
49 179
106 119
251 58
85 42
233 142
108 130
14 10
128 216
135 121
132 213
54 113
267 175
197 43
292 2
116 136
41 65
223 186
98 68
148 9
259 135
244 247
19 106
152 17
202 232
256 283
177 231
156 50
125 103
28 15
7 287
181 159
261 125
266 17
141 131
207 183
144 142
9 247
280 233
107 130
16 290
294 78
121 176
32 103
275 73
117 42
212 193
84 38
64 211
47 186
122 78
138 1
179 15
162 148
131 42
140 211
82 87
79 42
164 266
220 263
183 154
21 258
173 14
104 250
62 50
65 176
206 250
178 12
268 274
246 154
92 40
204 79
208 299
1 247
12 17
3 157
42 10
6 48
262 121
110 250
103 11
22 96
185 43
160 27
113 121
238 192
270 264
245 216
210 102
221 161
260 120
232 112
188 20
211 216
191 194
224 36
195 227
68 56
129 292
101 146
286 79
53 117
8 276
60 133
4 161
67 25
119 131
58 216
273 115
271 138
20 2
240 158
167 44
200 129
69 141
168 236
115 87
37 165
199 68
187 209
184 162
296 175
18 17
252 251
35 134
86 93
153 70
281 187
213 58
258 63
111 178
25 274
234 61
215 243
48 216
264 99
29 268
30 275
169 286
31 218
159 27
278 93
63 93
217 245
149 46
133 49
150 211
109 139
100 187
226 15
52 292
137 11
23 115
45 73
190 80
284 187
291 264
93 211
27 194
112 14
276 216
34 59
89 135
99 39
293 120
15 276
255 163
51 118
172 223
298 276
174 197
203 71
