6957
1149 5007
5131 5363
5159 713
5351 3855
2105 1175
4501 5455
484 848
6571 1461
1882 1679
196 6592
1458 1477
1068 1973
1148 6478
5624 4254
2484 1419
3142 1681
3395 4372
4307 2776
4005 2185
1679 1198
4216 423
5286 3395
5211 4645
1405 5269
963 4921
6646 5175
416 1988
5651 4576
872 6748
5608 5587
2414 5454
729 3358
4949 80
5306 1008
3967 5976
1224 2402
6351 5553
6342 5861
591 1339
1318 3325
6629 2426
5986 2831
5632 1608
1930 2869
2851 573
1679 3983
1679 6190
6859 5140
6611 6832
6437 231
1944 1679
4261 3063
6512 3466
635 2767
149 3033
1679 4277
1679 6930
6283 2801
5586 5084
5918 6501
4096 5340
1679 2953
4519 5809
4583 6713
6509 4782
5039 4587
1679 6200
3976 4144
5014 1679
6781 2496
2036 312
4212 5700
1850 4009
3575 1081
1509 2657
1380 5996
5837 1043
2945 4764
5488 2692
3015 3028
2999 5399
1286 2438
2825 2618
5861 1685
5927 1679
1044 58
1987 533
92 1805
3517 4049
3387 1679
1749 654
4826 4401
5606 5165
2753 474
6544 678
3976 5890
6614 4568
5994 4367
2540 3812
1679 5498
6879 1679
16 1679
5135 1297
6306 1679
1834 3595
3662 2541
1053 2598
6031 580
3745 5149
4090 1679
1679 350
1734 2076
2791 4313
5240 1679
2396 1693
5991 3075
5998 4280
3715 1679
4190 2525
4442 1060
1679 1978
6556 4660
1216 4279
1131 1679
1679 6036
4802 6830
631 6592
1679 6926
1045 6115
2380 322
5569 171
2668 4770
1559 4588
1679 6528
563 3940
4264 3520
1679 3071
424 5044
2099 2957
2660 438
742 2291
2075 1089
3979 1679
5231 2923
1303 3362
4157 4164
2041 249
925 4829
1829 3117
4575 78
4229 4173
3154 1774
247 6848
6644 6522
6754 5593
145 1197
3631 191
5671 4344
515 1302
5379 79
1679 5121
2424 5297
6409 5794
1679 4908
3236 3490
3618 4767
1679 1324
5719 3885
6568 44
2727 2650
4008 1679
6681 1679
2171 5920
1968 5564
3829 3739
5 3288
1679 3820
6573 1363
5962 4742
5502 3310
1515 4523
1859 3450
1679 2195
2094 6112
4693 3672
2000 5251
3878 5526
3797 4566
6160 4870
1287 1206
2572 1444
4132 1939
4516 1679
6498 2388
3799 4904
3557 3998
420 5090
1679 4365
1679 2649
1000 4603
3775 6536
5599 3213
4292 1111
8 1679
1679 147
3006 3751
3838 2463
1679 5844
5389 2330
497 4483
5722 6612
6908 3508
6452 2118
4826 4029
4501 175
4034 189
1531 5307
5050 657
1679 6054
3699 6212
818 3825
6252 3411
1257 4462
3084 1679
840 852
2565 6288
1679 6083
6758 6340
6410 1033
3496 6472
3730 3809
4712 1514
4416 384
1515 5716
1679 3794
6542 3832
5823 6236
1679 3020
3877 5757
608 4560
5389 113
3258 6022
866 1444
1410 6949
235 5058
2538 1729
4004 6421
1622 1679
4578 4531
1548 2085
1679 6480
6117 4804
62 1265
6736 2489
288 4951
6092 3709
4278 1679
464 1679
1120 2117
469 3698
4814 6424
179 4762
83 2820
5132 5647
5457 876
5645 5977
5525 3277
444 4029
1679 2604
1848 6301
4915 5640
5957 566
431 2286
6524 2728
1424 5972
2343 4169
2451 3275
6588 6631
1679 4456
2822 2864
4614 2444
3340 2011
5554 4988
6061 798
748 4661
4820 3578
5925 5100
456 5496
1764 355
4095 1957
1589 6483
4083 1679
645 4851
5311 1315
846 4764
3116 4318
6613 1873
1679 5019
5689 1679
6849 1679
2995 1136
1423 5188
2091 1679
6488 51
1679 3366
4119 4499
6345 3987
2411 306
652 3047
2483 6951
1679 956
6251 2369
4 4948
2478 6680
3190 3635
5929 1281
3028 803
333 6283
1054 3834
5078 6656
996 6607
5917 1679
1679 6589
5643 2313
1679 3337
4350 5424
6494 6113
6655 6858
4618 710
2777 1679
5165 499
3899 4295
898 3022
2130 4269
3309 6000
797 1966
1604 6198
1512 5504
4360 4535
2303 3612
802 202
6692 2087
6901 1679
1679 682
3295 3259
2264 6234
1298 4862
5461 794
1679 559
117 5419
4557 2626
5765 4982
2009 1169
2950 4762
3728 6813
390 2784
6563 6805
132 6410
3391 3118
4094 3573
5385 1060
1092 3735
5342 1679
1843 285
2303 1830
1690 6748
3865 6639
4372 4630
1960 2165
3993 6057
5607 4936
2383 3636
3264 832
3938 5251
2911 1317
1919 1960
1142 1594
1362 111
504 6064
2824 2333
4485 1679
1513 5351
2902 3359
2041 994
1394 2998
4693 162
83 5911
5494 5486
2838 3200
5711 5532
5767 4109
1986 6033
5809 2360
1144 4115
1599 4383
3922 1679
2472 2474
3565 5789
4209 5536
1492 3420
2482 1679
5527 1399
972 1235
938 1777
3228 2262
3588 45
6905 3951
1679 4642
3826 3137
1679 1106
6390 6232
4594 6305
4930 3433
2010 344
4055 1294
2380 279
1448 1081
6223 5015
3801 1679
3827 5408
2901 308
547 3178
6583 173
1679 6260
208 4142
4289 1679
2457 6310
1681 2033
4750 2932
2895 6831
2916 395
1858 4300
1557 1696
6044 4763
5625 529
4624 5539
734 4053
344 3675
1679 5518
1200 2452
984 2658
2507 3112
1679 823
3426 1825
3634 5006
1699 4587
5239 1596
1084 2745
297 5470
1679 2756
1679 5743
3797 4623
6797 1486
1408 3936
5265 3565
6630 2253
1866 1916
538 1501
4072 4359
6793 1612
3015 2381
509 725
859 1679
1679 24
3959 5431
1361 6012
1679 6382
1463 4551
1833 4985
982 4678
307 3201
2808 5737
1679 4924
4855 3731
3888 2003
1770 1679
2424 4961
881 5052
3647 6699
1608 6279
251 5289
3281 3255
6543 663
4430 1679
219 3932
1975 6359
4870 2905
3669 4569
1679 3141
5369 94
1679 2209
2158 2634
5430 4250
1563 6068
2300 1435
4241 4533
6810 4114
2517 4634
809 1545
1679 1852
74 658
177 1433
214 4209
6052 4368
3053 3464
6641 1878
5099 5328
4553 1679
1679 6457
5896 1283
3712 3388
1679 5707
1791 3958
4864 6425
2801 2110
1384 3916
4110 972
6598 930
5117 6806
5669 6844
6518 6239
291 4634
960 6526
1679 6868
6439 1674
4060 2929
627 314
6405 1420
2805 3584
272 3969
1926 2768
310 3174
1372 830
506 77
3206 5721
1739 2132
4047 3642
2346 4422
5437 6612
1679 2635
842 3553
1643 5813
2760 5741
6740 314
2110 6915
1679 540
405 6293
2172 2152
5274 3871
5374 6477
1956 3956
453 5359
6270 5999
1679 3649
1634 5795
2143 197
6468 2874
770 4447
5538 6704
2925 2114
2491 1096
2576 1679
1823 3792
3550 5204
4472 209
911 6669
5395 5067
1838 1518
6724 5612
12 5284
4722 5215
4455 3412
5623 4815
1150 1913
6812 4085
1679 2861
3268 5283
1380 4975
5384 1679
3847 1744
4034 2704
1679 5335
4359 1022
5445 383
1238 4714
6418 4667
6110 1679
1669 2781
2790 4405
922 1679
2956 6820
2518 6747
787 6916
4565 1679
4533 5434
4719 1019
4410 4920
6760 851
1679 2961
5336 1665
680 5995
3177 2954
204 4464
3674 5542
5820 4197
1679 5950
6662 1240
4141 5427
1047 2719
6304 3237
5144 4586
1679 2100
6077 5734
1476 2404
1302 2225
128 4433
2239 1361
5363 3904
1679 2115
3237 1970
5510 360
3074 3012
4283 2311
4329 3197
2681 523
1189 5989
6895 4162
2250 6923
1371 1679
6880 4471
4474 4997
6668 4043
1199 4258
151 3465
4379 4374
538 6824
2657 3241
3109 5250
1679 1024
1677 3655
5306 2487
6456 6822
3103 5427
2620 5402
4274 4030
146 612
5315 3831
2667 1035
6035 5296
651 3434
5214 502
2459 1679
1911 2062
1679 5329
2584 3004
2089 454
2741 5970
600 4467
5283 5710
5766 6554
1571 4917
1633 1437
3147 6377
4766 6770
3228 6551
6383 4222
4793 3085
5589 6203
5515 1115
4592 4604
1778 5686
6219 1679
6039 3307
3602 1597
1950 5317
4450 1679
3150 3118
5201 1977
4676 3426
2821 1147
166 6134
1679 3246
6520 3007
2477 6398
4951 222
4605 6939
665 4051
2268 1969
4859 2704
364 2569
3108 5456
1808 1679
1247 5932
1427 3291
1679 1225
3497 1631
1679 1494
6542 1004
6203 637
3282 3908
2544 6165
2853 2701
1670 5441
545 5161
2762 4509
3474 3185
1679 3580
6060 1568
1804 1539
2475 5187
6020 3123
1851 6471
5904 4563
4675 1679
4669 5534
770 4653
1244 4941
5712 2506
1679 4834
5779 1679
6667 2701
6453 5620
6493 1679
4191 5771
4104 705
2434 614
3630 246
3728 1229
1299 6475
6735 1679
1638 61
4663 1679
6699 5460
2543 648
5260 6787
5665 4441
5523 5194
3504 2031
2098 6365
2267 1847
5179 3147
1817 6914
2749 2059
3134 2705
331 3106
1679 1156
5627 6166
2061 1616
1679 720
6026 2934
940 3737
6585 5115
6218 1679
2918 6435
5023 509
1120 4116
194 3678
572 1679
1679 3619
1679 238
3984 386
1304 4141
1679 5946
4461 5706
1065 6254
4131 2470
953 6848
5730 1809
3960 2247
2399 4284
6326 1679
6287 1679
1740 5176
707 1679
1692 5994
5819 4909
1679 5410
4597 2105
1658 1679
2437 1193
6315 4621
2177 827
4755 1679
5507 1142
2724 2192
2918 1116
6625 4719
2615 1931
5489 1679
5299 1220
1679 2669
3292 4027
4544 6012
3181 4251
1679 1946
1900 5846
4809 2950
5855 3494
506 1399
4297 1146
1207 5462
5890 158
5334 1355
6455 3729
6066 6686
6661 1679
1679 3944
1056 3088
6845 2593
1679 3514
5011 6391
6888 634
5448 6177
244 6067
6590 3905
1679 3052
450 6195
1822 6298
3431 1679
6500 1230
549 3848
848 3785
322 664
1416 1679
5136 5795
4490 4011
3611 5298
2552 6893
1884 612
3576 133
564 3406
4602 949
2596 2630
5155 1497
6555 4919
1320 2684
3368 3901
4720 3314
3803 2927
688 2154
6397 1323
1528 3334
3411 5202
2536 2528
5274 3513
6581 4452
3935 6892
400 329
2002 2145
4617 3903
2844 163
4304 4484
3161 6780
417 5118
1381 1679
1182 1129
6238 6705
6567 2641
5902 2545
4780 965
69 4063
624 2802
2016 3756
4632 3581
3306 2650
1679 4967
5105 4394
3825 4506
6677 4185
227 1865
1679 895
1868 5612
3345 2271
3382 4902
4211 3768
1165 6957
1679 3980
5108 2456
4725 283
88 5992
649 1877
388 934
6856 2905
6552 1991
2888 4713
4010 1194
466 3218
4929 507
6769 2906
5017 2977
858 14
4291 2608
5157 4037
2129 2413
4842 3432
2962 1175
586 3444
2080 5214
946 3548
6261 6208
2349 1898
4713 4750
5661 1679
6115 4100
6122 5810
2168 3553
4758 6808
5409 4877
4092 5863
376 4961
4938 1673
5058 371
1085 1102
5530 3680
6181 5565
5841 647
2185 2095
2563 3125
3383 3686
318 2515
1679 1400
732 3860
1193 6335
6934 2418
1679 2680
5101 5633
199 4044
5428 4219
1746 1679
3 1679
128 2780
1535 4354
4232 858
4714 4202
6086 1679
5835 6764
3912 4101
3454 1327
6490 4621
570 3758
2737 1679
5640 4616
2265 2480
1542 4776
3484 1005
4515 5698
2514 4543
6126 274
3610 4925
4903 3536
4007 1254
6935 5419
4330 2679
2687 1679
2337 374
4584 2335
3523 5531
6650 3478
3736 6494
1543 864
1195 6030
1679 3440
4057 6139
2689 6044
3856 5635
1056 3302
5012 3810
503 3714
3763 1641
4773 6021
3466 2593
1679 22
6623 2521
2219 4375
3405 6040
1202 3194
3760 312
6866 5864
6840 5592
4146 1719
1159 4177
851 2589
1496 926
4822 6176
2699 1679
1976 1474
5281 2441
5323 2999
3919 6400
4787 566
3396 2620
4812 618
794 1431
584 3742
1679 2332
6271 1679
5036 1955
1046 5691
6851 3350
2245 6075
1188 242
1288 3785
6067 592
2364 4886
1679 1700
2208 1679
1679 3701
3713 6877
162 3749
4424 6313
6858 4481
2150 1679
719 5218
1679 2590
2648 6395
274 739
3861 2292
6302 1613
2176 6428
432 1679
2432 3962
5417 636
358 777
2368 3702
6435 2651
862 3560
4339 839
1271 5189
2766 1813
6894 2158
3823 5146
1987 1679
1274 1549
1344 2760
3518 5400
6914 519
4880 5919
6948 863
2107 1679
4816 4667
5324 6656
343 2092
6491 5046
2896 1679
4293 1538
1649 3696
4950 3713
1077 1962
4768 5151
3704 1146
5697 4562
3309 4186
327 1365
449 3163
3221 1039
912 1679
1819 2879
1095 5948
4818 6240
2236 781
4369 2941
5142 1679
1679 3030
1679 3953
5928 1679
5577 4546
3222 1775
4224 4564
5608 4747
558 1679
3170 4066
133 4137
1850 6275
2022 5270
6130 1830
3171 4220
3334 1679
5954 2362
1470 6132
4900 1075
3002 6743
6120 1892
1679 5032
368 423
990 6095
1130 1163
879 2829
914 5394
2803 2377
1661 4102
1964 2355
1679 1623
5704 3472
3627 6216
1551 6467
230 4832
6579 5224
2798 6451
944 2782
6204 4954
1679 5405
6800 793
2301 5580
4894 6749
5912 1010
1679 4130
2223 3383
5639 4823
6071 2267
2145 4772
3693 6334
1265 606
645 5579
6694 1586
245 2244
5802 5965
6186 4089
3736 4803
708 3511
5549 2542
5258 3145
1679 3881
2359 4740
5943 3658
3767 5728
30 4512
2557 967
5141 425
861 1679
92 3370
1679 3187
511 4655
6839 4696
2197 2119
6232 2179
3636 3482
5074 1916
2828 4272
5672 5847
4139 6887
2948 3875
4198 1679
4512 4351
2193 567
2266 1679
3574 4531
2229 3023
1609 910
4984 1436
6475 3631
1319 6768
1679 4180
6379 6485
3235 6483
4054 629
198 4920
517 5453
1048 5948
211 5243
2082 298
2226 1990
1186 666
2086 6331
5896 3465
1679 4489
1223 4627
4556 3781
6688 782
6103 3656
1679 3562
668 5676
3168 2980
1079 1679
4655 2228
873 5732
1679 4457
4743 5301
1679 5022
6313 942
5839 5783
3074 145
5492 1353
997 604
5197 2165
1679 5818
6041 1679
3850 1545
2549 5658
3101 1486
1679 4187
4062 722
2908 4564
1655 3747
4256 659
834 446
3027 387
6237 1679
1482 1273
50 6937
1679 3900
4306 3361
5603 1233
3891 4303
4934 6716
2319 3371
1922 6820
678 4547
2061 6701
6380 4495
2623 6371
2914 3948
6281 307
1248 3080
1414 5381
6314 4290
68 297
2823 3676
3928 2749
3912 6193
1679 4928
5991 2530
5866 6093
3696 3391
2054 113
4346 1989
3768 277
4796 5180
1886 1993
2142 4403
5718 1036
3546 4571
4125 3530
4158 1679
6364 2140
4681 1728
957 6479
3552 1117
1679 5703
6559 5192
3932 877
2496 2370
4867 3773
5192 3808
4161 1679
5571 3133
1667 1679
1645 1101
6894 2631
595 139
5598 1205
1679 3459
1679 5799
1845 361
4937 1679
5391 4495
2570 3008
4725 2186
6829 1825
5877 2181
1395 5671
467 2702
1679 3158
2007 2684
3018 2394
6744 6685
1293 3124
3946 4885
4373 4414
1766 4810
5103 2594
4426 6885
1679 3369
4058 5197
3862 402
6581 941
4654 3999
932 2771
6903 4197
3315 1062
4098 2869
1679 2609
872 605
1421 1679
3232 1011
995 1679
4443 3240
6706 521
2274 1679
1679 760
4299 2657
4356 2603
2495 1128
647 1679
239 6722
1300 1679
1716 1653
6370 1679
1679 3748
660 1679
1679 413
3876 3943
5080 6663
4205 1679
1075 6952
1679 5769
1693 6942
5249 4566
1278 4863
1820 1901
2708 5107
6374 1679
5246 2326
1812 6011
3116 505
2302 1659
5853 5358
3689 2518
5808 4073
393 2615
4588 6917
1619 4106
4451 1938
6275 492
1757 4821
2004 2903
6048 4497
6484 4075
3062 843
4151 2356
6527 10
3380 5833
2605 1679
364 2630
2038 131
6372 1176
1616 2406
3896 595
5460 5508
670 4076
6508 3381
6209 4775
597 5309
2167 3665
1385 105
6202 5138
2677 1433
773 6312
3987 5638
304 387
4178 2239
1499 5216
5183 3676
5693 926
1055 1364
3204 1875
6427 3392
6651 3467
3905 6011
227 5330
3155 365
3346 4868
2988 1679
2663 1650
6013 6582
873 6658
130 3100
2762 4183
3583 4384
6174 870
5645 184
5731 1428
1734 6363
2814 3009
692 3136
5600 1679
996 3363
6161 4391
383 6125
4550 5674
6318 767
3699 6759
5565 2703
5285 5298
1040 1290
5798 2957
1679 6387
1679 2882
4218 2992
6570 6392
6695 97
1679 2058
6362 281
65 1679
610 1975
5205 1717
1460 6050
5949 4525
6016 4691
2106 5070
5684 1679
5181 3142
586 5829
1614 3261
6097 1679
1728 3789
6565 1889
1018 2835
1384 974
4077 3444
1679 5791
5076 4606
1771 6040
1406 5854
152 2189
719 2874
6555 1877
701 4454
2952 407
6056 2529
1697 4192
4864 2700
5419 228
3543 3549
3102 5962
6557 5719
5951 853
3767 2188
6527 2847
2136 3573
4421 6407
5520 5746
2144 984
5261 5008
6922 2771
6291 6431
2623 6111
3297 4043
1134 6843
334 6356
3723 6224
3673 1454
1679 170
250 749
800 1679
1679 5860
382 1784
3694 3254
1679 5561
1705 5114
4811 6666
4206 1053
5825 1679
6404 4426
1901 4099
3716 6520
5826 4028
3192 466
1059 1378
1092 4710
2533 5824
3861 1249
4284 2218
5114 6106
1880 1582
943 4686
1679 3205
3202 5970
2187 6833
1959 6778
767 1824
1813 992
1005 5702
1679 3870
343 1679
378 5720
1679 5171
2770 606
323 1679
5007 222
5512 3855
6346 6301
3429 1679
1679 1078
2093 6049
1876 2763
5455 3188
5017 4682
1741 1679
1679 4233
4121 3599
5880 7
1076 180
414 1479
427 4901
597 3199
1679 643
704 5641
2578 1356
6648 3375
3930 793
5181 544
3449 3685
1908 924
5547 5483
5238 3139
6208 5658
3899 1845
5548 4905
6120 5218
111 6936
5463 1679
1491 1062
4944 2347
6869 4422
1679 2904
1679 6469
763 6199
339 1237
6233 1679
4299 32
2561 2661
2556 3410
3453 898
1397 4901
757 2512
3250 6227
384 6701
2676 1364
4843 5864
6789 6459
2461 4797
3687 1337
427 1730
5621 3854
1983 5337
2291 543
1132 1792
4947 2439
6691 2468
5959 1481
2421 2867
273 3761
321 1407
6062 3591
4784 1316
4539 1357
67 1679
6352 2943
4630 195
6910 2023
1974 2131
5677 347
5089 1679
6796 698
1489 1177
6454 3489
3229 6652
1679 4991
1757 5266
2736 2354
1679 617
2835 2920
717 3515
6226 1679
6792 5350
3995 927
718 180
4147 703
789 3836
4818 5830
3321 844
2237 1758
1431 5577
1296 4877
6165 6096
1134 2074
1572 6521
4977 4313
2318 269
4853 2320
6436 3989
4018 6179
6755 3247
2022 535
4395 6561
1679 2761
3316 2029
3540 2972
5370 4355
733 6060
1769 2766
3783 1584
3495 2934
4503 1611
5587 3361
224 2568
807 3501
6506 622
761 6425
1701 160
1965 6873
2958 1252
6535 636
2002 1000
6474 330
1679 100
1375 3277
5137 4757
4279 1773
1635 495
3598 3706
1679 3480
5507 5563
6757 205
6246 3727
4815 296
1065 5586
6116 5965
5177 6599
461 1268
1701 5176
361 1739
5751 3437
267 5876
5765 6451
4012 4776
6707 3545
6726 218
287 6518
1602 4110
6350 3327
4394 446
2360 2241
3510 1679
3864 1679
3449 4918
4204 1679
3260 6137
6504 6692
6085 1351
329 5562
1374 4829
4844 1860
3385 122
403 1679
4480 1914
4145 200
5748 6952
5068 6638
6060 2818
5447 741
1719 1141
103 2296
6377 4506
2464 6844
5850 2019
6143 5263
1670 1506
2258 3154
1874 3746
2337 3115
5448 2254
1641 2269
743 2148
6621 2830
2506 15
3385 4524
646 3092
3306 6594
6653 2848
3836 1460
2415 4631
1679 4836
1070 6708
2584 5318
2708 3652
128 1624
2738 6863
5262 6485
3569 2795
3588 6768
1679 1854
4240 1995
4832 2167
6052 2857
6548 1223
6343 6824
2398 4608
4001 1679
1804 5986
1452 2297
6929 4808
6266 6471
2622 6295
6890 3535
84 5487
3425 2473
6417 5276
3298 4965
4978 4956
2212 5574
1280 3849
6122 1191
2720 2931
3349 1679
3529 5336
2323 6577
1455 2939
5140 4309
5414 3742
1607 699
4558 370
1679 6442
3629 2392
6082 5709
1679 2400
1679 5807
4640 332
2401 788
6573 262
2725 2452
17 5403
5401 745
4492 6080
4801 1677
1679 479
3288 3317
5667 1679
1154 4994
2357 6890
3433 5748
2833 2843
6107 1679
4362 644
1679 5423
126 447
4618 2211
5095 6941
415 5816
1915 2378
3333 2829
4096 2068
1839 1679
5910 519
1354 575
5980 4641
401 4688
4796 5782
346 5001
4841 1183
2878 5638
6498 1336
1417 3545
1679 2280
5088 4459
6538 725
268 5981
3642 1836
2345 4049
435 1116
6786 5429
1605 3925
892 3886
1679 644
3483 1859
1505 1350
4651 5421
831 5992
1679 1100
5583 1679
6660 4993
5025 1736
6931 6263
4027 1679
1727 5289
3538 1679
5895 2581
5999 3608
2774 1513
1841 6734
1218 962
1578 1293
5308 5000
388 10
6944 4943
3377 2439
1767 5348
5375 3462
188 5220
305 6213
2187 4669
824 3379
3814 3478
4200 2816
3635 2210
1679 5109
2654 3206
3045 4911
2093 1187
1679 3256
3064 1540
5046 5348
1925 429
959 3904
3138 6173
2619 1802
897 1679
346 482
3250 3058
5708 1038
1344 2428
1349 4670
5473 2721
1679 1488
1263 2688
1672 6826
6386 1679
5540 79
5677 1673
5998 470
5975 2628
1679 3707
4329 1505
6142 673
6870 4003
3296 1863
1162 5780
3577 1367
3541 353
6320 5034
1679 6628
1679 1772
2407 3040
4494 1912
3008 4333
2675 2232
871 6595
3244 683
94 2977
4750 4061
5743 6828
3813 1561
4214 4359
3460 1679
564 6917
3609 5051
1679 5122
2131 4438
1679 3657
4591 292
4816 189
6151 5947
593 149
5396 1666
1035 2009
4163 1590
1679 3441
4190 676
2329 537
4000 5696
3407 5538
1679 6128
331 748
3705 5657
205 5512
2348 470
2355 5655
1893 732
6230 3251
1611 6042
2307 84
498 598
2177 1888
4162 1550
1679 3351
3423 894
159 1679
5756 2520
1133 1679
138 278
3021 3217
6889 2856
1063 4788
3581 2616
2367 2416
5602 3443
2550 3561
4648 2077
6688 1032
4673 5835
6034 1638
2982 1398
1679 528
6571 1679
431 3570
4969 3077
6911 6491
891 2295
1208 5974
1389 4311
2446 4255
5499 2788
5187 3803
4825 5717
308 4476
5566 461
738 4308
1679 2850
1337 4778
4840 1679
5145 742
4912 5447
5867 116
6852 258
2010 6031
201 2516
3046 3268
6860 4848
4850 4276
4353 6507
2691 2119
4818 3002
3949 5421
1679 6530
5618 2730
4885 3834
5432 2238
689 5532
3128 4478
919 5807
6777 5488
5742 5567
3670 3296
1679 6249
5616 2772
5524 1613
3394 6556
2603 625
991 4174
3502 6140
521 2920
380 1679
5954 3219
6569 5675
965 4087
4899 2854
5290 4207
1003 302
1679 115
6450 6146
4694 2221
1945 1465
4240 3357
6124 2241
1849 5371
6033 5568
1012 1679
1045 5346
718 5887
3343 3076
4208 3770
2547 6505
4176 6333
989 1394
939 4036
391 6764
4689 1679
3269 5042
6597 23
2679 4521
4119 2898
3189 3029
123 2372
6277 3156
6356 3430
5848 5908
5650 3991
2739 1454
3344 163
1679 669
1784 2065
1679 596
1579 3378
215 4231
3973 5358
3490 3010
3664 1679
5541 1984
6810 2200
6164 5875
66 1736
4047 5847
2309 3384
5736 6872
5566 6481
5570 3043
1679 836
5096 377
1679 721
6772 2153
6169 1679
1679 2039
2899 1679
1679 5660
3693 5393
5762 2976
700 5475
324 1923
1679 4649
2741 1921
813 4325
5275 5636
6109 6934
6174 2044
1603 5053
5721 3647
1466 3247
6534 3212
4557 2746
6738 1679
2662 6957
6253 4676
6195 1113
6185 2571
5531 3051
2458 2113
20 862
263 6752
6406 1679
5900 2970
5983 4407
2676 4865
1923 6886
4987 1311
2384 5513
6298 3897
2643 5695
2876 5287
4874 1679
4348 3145
2402 4686
2514 2139
952 2275
5909 2108
209 5737
408 3089
4880 4123
3509 4025
500 4129
6608 5621
6152 2573
1519 5494
4117 1679
4216 4576
2127 5548
1679 6038
5750 2503
5413 1876
4973 6823
6624 6587
2931 5071
6776 338
3539 1679
5392 3719
5459 1679
5466 6394
475 3646
1679 256
3525 3043
6411 5880
1272 1970
856 6881
1189 672
4486 3741
3878 5713
6127 1766
3824 1525
685 6314
1282 2487
1679 6627
1271 2090
1655 5856
4400 977
496 3273
4093 4997
2781 6816
3445 6024
4893 1232
4636 5430
5648 4131
5871 4337
6400 4490
505 5644
2331 4179
4746 615
460 1541
4612 6928
2524 1679
4931 6322
5144 6749
4418 5606
6238 132
1679 2020
2723 5607
1679 6502
5952 1679
3007 3037
4112 1679
2132 2346
5063 3054
5766 5569
2323 5828
2080 4828
1995 5943
1340 925
177 93
4231 371
123 680
6910 5646
3848 655
6665 5941
6891 4242
1679 2169
5277 6335
1238 3013
4715 2120
3463 4868
337 3200
429 4763
4462 1688
2414 3244
6576 2191
6168 2352
140 1679
4288 1441
5325 52
2214 4540
4492 6564
5267 6496
4327 6884
6645 1768
3981 3955
1491 4071
1172 1679
886 6180
1105 2665
1679 3914
512 3191
3463 2508
4155 2375
5337 6210
4609 4605
4593 372
3704 602
1600 3954
4461 1776
260 2296
1679 5386
2572 6160
5771 6573
5055 6147
2640 4983
3262 2377
4953 6184
6294 6891
6353 557
5814 2786
5338 2166
5922 2870
1694 6384
951 2512
4523 2751
3484 1721
5284 3436
577 1679
1176 6188
2597 1276
2997 613
3335 3618
3710 1679
4442 4532
2353 5026
3069 6268
1586 5540
4926 6667
4011 4017
495 6308
4772 5339
3078 1679
1591 5686
656 633
2606 3105
4718 5126
6825 1929
6178 4782
6058 1243
1439 2005
1297 2123
6325 4085
4544 6243
781 1413
4102 406
4552 1166
2217 1634
2813 5789
4551 221
1948 983
2775 1679
4023 237
2665 6312
5482 98
3916 2523
1327 4574
2729 1430
1847 4534
82 2540
1679 5815
6462 1679
2017 6318
672 3073
41 1679
6657 5462
2052 4953
2664 891
5957 1828
4149 3049
896 2682
6751 1536
811 1178
136 3523
4058 6529
6553 2501
4381 734
3560 3591
1679 6689
6784 1204
851 4659
5246 1499
1577 5365
1679 3011
5338 4671
1495 2660
5631 2205
3650 6319
1679 1738
2031 5832
603 1679
5270 5644
5057 6955
6198 2033
3477 1154
1679 2290
3274 3442
2802 6500
4690 1679
6897 3917
4505 1679
1500 1206
4761 1703
3694 1903
4223 1679
207 939
6496 5496
187 3227
816 2329
4314 6874
3886 6138
276 207
2264 2997
1418 5314
4122 1098
666 1891
1679 2255
1679 1755
1679 4439
5879 728
4184 471
1598 2435
6705 4176
4759 6235
1679 1393
2974 1679
6072 4585
1795 2116
4416 6297
4257 2466
2275 5934
4758 4552
1353 6850
2783 1679
3605 534
1054 2512
656 5898
1278 6131
2875 1679
4013 1138
2921 2412
1679 290
4153 582
3759 3633
5379 4227
3974 2245
6854 473
6770 661
4692 2915
4243 89
3955 6030
5322 6945
249 91
2453 5823
6486 2386
962 5792
155 537
5077 6337
5760 1679
2736 6673
2592 1742
4545 6537
2967 5047
1884 2531
1679 3791
3897 3651
1442 29
2492 2790
3590 1679
4189 2941
1246 2449
713 943
6577 269
1679 845
806 2527
3432 1129
4159 2695
1016 1522
6221 4536
6250 2776
3058 4619
2053 1679
5380 2016
404 2769
6906 37
3144 4567
929 1679
3582 6152
1555 1679
1286 273
5974 72
6770 349
4699 1679
3085 6258
6653 2507
1280 875
5790 1679
2103 6307
6279 2892
1732 5831
6285 4698
3035 4784
2317 2136
6263 3370
3048 5490
1338 6568
1838 1484
4737 3712
3308 3113
5919 806
6154 340
2073 762
195 5665
1233 2993
710 6646
5873 325
3026 700
5173 2759
5585 6136
353 332
1679 4922
4914 1254
3006 4235
6676 5315
4188 4371
1844 337
2270 4637
5730 2784
1977 2454
2497 1679
1487 5772
3533 1174
6368 2301
3202 5929
5915 5673
3337 4298
2638 1679
1679 1213
174 3920
998 2733
1318 5680
1026 2819
924 5776
1354 4483
2225 3616
2071 6943
2551 2852
1595 2102
1375 2548
3033 187
1679 1478
1679 783
4745 1166
6822 5186
744 808
6020 1998
1679 3890
2795 2161
6396 2397
6349 1679
6315 4239
3744 3773
4933 5278
5842 1679
1221 4999
2178 1778
3506 6702
1321 6637
1679 1030
1679 5582
3556 6333
5139 263
451 1596
4979 1679
3532 1915
46 422
5546 841
5523 3682
1809 6074
4452 1139
3448 3667
2723 4420
2713 6478
5757 4944
2334 3266
4774 3025
3089 4378
797 5973
39 684
248 1679
5098 4537
6588 1042
6381 3095
955 2794
5010 1145
4895 5292
5227 637
4004 5352
3734 1776
4301 2325
5767 1326
3554 6474
6775 241
5210 5624
2529 608
5268 4150
1679 5029
2429 1650
5535 5500
5879 1598
507 5557
4881 241
1595 2034
4142 3643
2779 4052
1192 1679
4871 4412
5441 6550
4584 1517
5846 1905
3572 6890
4239 2079
2586 961
2827 3964
6273 5497
1539 5280
4170 2390
4155 356
2182 1097
1104 737
2937 6216
6087 1679
1679 966
3526 2041
5634 6444
1554 1679
1589 2356
6501 5166
1593 1679
5694 547
5649 5597
6795 2095
1695 1679
5559 5873
1583 3175
3148 220
4146 1875
5061 1679
5332 4079
1168 513
1159 6622
969 4747
5362 2792
3533 5433
3188 1572
3014 1720
5438 4057
4010 2220
6690 3595
437 4895
64 828
6385 4276
4127 3513
903 4532
3863 1679
5229 3990
221 4884
527 6814
2130 99
2014 6746
3207 1477
6019 5984
1679 2559
687 1679
5571 3652
3476 5043
1840 3910
6933 4420
6059 1679
5691 3892
1529 5304
3064 6652
1679 4752
5833 6257
4400 4479
6696 1013
3910 31
960 1606
2772 4738
4633 3945
3731 3196
5572 1625
5065 3231
6390 3273
526 5925
5271 3362
3659 593
5857 1429
1679 1952
5670 1679
2458 105
1902 2579
1679 5845
6613 6570
6099 1222
1587 5424
2000 5326
3887 607
638 4114
5714 5094
5244 1679
4477 1679
4529 1790
1502 4018
4410 6388
3057 4350
2003 4236
2955 1679
4898 1679
1679 4392
2601 5545
2471 1679
2606 6463
3276 6575
2006 5981
4791 4476
665 448
6634 2833
3982 2174
6675 1679
5170 6473
2522 342
2395 6825
6251 1953
3260 5745
999 1679
829 6906
5355 5273
5862 2622
213 2806
5346 6920
5088 3561
3680 3738
1069 3148
5211 4046
3804 2328
6028 6671
1679 5035
1679 1723
5993 571
1679 5120
1932 4065
2111 2362
2816 5652
235 933
1679 5353
1707 758
2809 6170
1679 3607
6085 6310
2940 6181
2189 4711
6381 6284
6384 4879
771 1679
2071 6560
6944 4894
2969 4143
1475 5929
1679 3549
4235 5106
6900 1941
3811 625
6729 3329
1831 1679
6709 6487
5594 484
5304 1389
1679 2711
6955 1556
3572 1783
2828 5903
4600 6929
1090 6580
3271 5982
3055 5097
5354 90
1679 6541
5754 330
1301 1242
570 5828
1679 3135
3450 2900
481 1679
6141 3617
6002 6803
2734 1462
1765 1679
4984 462
6322 622
2499 1679
167 2817
1679 2841
5741 3233
276 524
1985 1679
6215 3149
3921 3453
6686 2215
3422 954
6531 1016
2560 722
4482 4846
5936 1927
414 967
2865 5848
2778 1976
6058 1331
3879 2465
5949 5653
938 1679
6360 3319
1432 4622
3469 415
3204 3119
6595 5230
5605 6170
3648 6609
3196 3214
1794 3098
6161 3909
834 5850
525 614
2166 2311
1679 3858
2308 4411
6091 176
1246 3608
2427 1679
6513 1679
1679 820
144 2578
1679 2855
4931 2557
1679 1425
6348 6368
3173 1679
2846 3167
152 5469
4814 418
1792 266
1679 5578
3648 2310
1679 4955
3000 3633
5659 3359
66 2954
6461 2083
2007 2985
1679 5956
328 2420
5051 1424
5208 4393
1679 4974
1679 1682
868 3810
2036 1014
964 1706
4125 3168
2448 5083
4237 4033
4082 6367
2735 6725
3621 985
3417 1679
1679 385
6378 4882
3166 5918
4561 6568
243 4213
6487 480
1679 2410
1937 1679
5541 219
2962 1476
6938 3746
1385 5228
3117 2060
2826 1299
5354 5010
2910 1679
4929 3936
2811 1031
1679 3997
6889 127
4876 2238
3551 6163
6366 4856
619 1679
4007 3582
3718 3254
2480 250
1679 3603
2416 4248
4322 668
2192 2313
2141 1709
2655 1679
899 6932
4354 2316
2025 2298
6604 4238
218 1320
1095 1489
4121 5443
4526 4742
3416 6618
730 2464
4923 6437
4748 6553
3628 1566
1185 4036
6523 48
4601 662
1210 3352
2113 6869
2393 1679
523 2160
5646 2348
3516 786
5694 1316
3025 2842
2566 1844
2907 1679
2712 4370
5043 108
2198 3475
2526 1679
3840 1215
2500 6788
4021 1515
884 923
6717 3971
1606 359
5163 6034
1411 6654
2371 4356
2289 1679
2118 3967
4863 5585
5733 1679
3827 2521
5118 2326
3249 379
5732 4522
6877 5914
1086 6893
4212 5360
1781 3271
642 3823
827 3959
1234 3985
3097 2591
1119 3507
2889 4459
5083 882
857 174
5493 3382
2698 3929
1679 4417
1679 6774
3717 4087
2502 4003
1292 5024
5729 3929
1538 2944
2859 4786
1679 6420
6071 96
5827 6290
1679 6157
1771 6878
1358 4632
5394 1467
4569 6909
2751 4414
1251 2042
1267 2821
2070 3542
1387 5024
3711 2057
2204 5152
5418 526
4528 6855
5923 1679
4778 319
3279 4495
824 2757
6823 3479
5550 4892
4323 976
3615 1679
1913 6039
1679 735
4014 1759
272 548
1236 6256
5239 4507
5768 880
5794 514
4332 6624
828 6745
6101 6854
2240 99
3718 1442
2582 866
487 3938
3321 3566
4542 3338
498 1126
1043 1873
2455 1679
5817 2429
3719 4353
6784 2067
4789 900
6099 2588
1679 1352
683 1403
527 4026
2299 3184
504 5210
1171 2632
4515 890
313 920
1679 2246
5174 2121
5552 436
1541 2227
1679 522
5076 791
5175 2122
4401 127
5091 1203
4128 1679
6682 5763
233 1720
5940 3402
1038 2661
5941 5942
6341 2714
3845 3255
6178 2843
1920 2943
4002 3716
3730 5308
1679 981
3169 2574
349 4543
2656 3889
5286 2247
4245 6279
3656 1679
1679 3471
2944 2566
5793 4718
1548 4904
4168 4679
2732 3685
271 3829
3629 3847
6100 1604
3622 2721
1170 3692
3568 4700
87 6798
2340 3128
1072 5047
6712 1679
1679 36
6633 3353
3610 1542
6177 1262
4473 4376
3666 2491
6339 1679
5882 5030
232 1679
4210 2174
3530 1037
1228 1679
5865 776
3053 4325
4695 4179
5303 2607
5716 6378
1552 2312
5078 6489
1679 6047
4837 1629
6927 1679
3950 6292
601 78
1679 3531
1628 3393
1679 1737
383 415
5865 4529
336 571
2681 3354
2048 1679
1080 3835
6546 4623
1679 569
1691 6017
2555 5372
4586 838
4982 292
1180 6652
4582 338
5106 1752
1810 1679
2361 4246
3927 1878
1087 1679
3884 1679
5215 5987
1959 5806
3245 4542
5959 6048
1350 5617
5160 1471
728 6763
1679 472
3491 1525
1403 4597
5167 1679
3100 3946
888 6258
837 6016
3311 1679
5899 422
5801 6667
1903 1011
5150 2315
1277 6267
2587 2037
5601 4377
1907 6928
6187 1872
2624 1270
2154 5502
1707 1661
1307 2645
6710 4286
4806 3425
4374 2284
1085 2133
1339 5985
4367 6915
5193 1557
6720 5069
5320 1205
1679 2321
5859 1679
6640 1679
4448 4468
368 1497
6734 5877
2690 6545
6883 2343
6303 6433
3724 6790
1184 5622
1663 3770
51 909
6205 316
1123 4152
1999 1679
2070 5425
3452 2970
1928 3831
6792 4106
4510 4679
1753 655
6576 6611
3564 1679
825 2862
2327 2562
5516 5212
102 6189
1787 1679
1315 6481
2442 1170
1164 5796
475 5319
1099 1718
1245 588
4046 691
4120 3310
6236 6551
5611 4007
2832 2973
5474 5039
1157 1553
6765 5711
1679 6626
3721 1679
4360 1414
4413 1553
6389 6706
634 3753
945 1679
1679 4487
4666 4028
381 1679
5131 6449
3671 1968
6634 5542
1679 915
3671 5123
74 2757
3835 2484
3626 1705
1335 4795
1312 1679
98 2582
1158 833
6138 4546
5547 2272
4574 3948
1089 6340
1388 5015
27 5440
5822 1679
4774 6788
747 764
1533 3300
6505 1409
1532 4455
4431 1679
4702 261
944 6606
480 1341
5123 2405
3180 3839
1679 947
3659 3600
1679 6532
4366 2504
544 1549
6056 3571
3519 6239
4226 1628
6658 2748
3557 1217
299 5641
2949 3799
3780 5376
2481 4103
1162 3764
1426 91
3691 3164
3857 1540
2230 6261
1897 3167
6953 5535
5212 5077
1679 805
4585 4554
1287 6228
437 1799
5221 3371
1753 6050
325 659
6925 1679
2565 35
5432 752
6913 3087
3455 508
5499 3722
2021 6097
1503 2595
2389 1848
510 1521
5812 6079
2774 4765
4033 6088
913 2980
252 3051
2431 1679
4328 2881
2320 2705
1907 837
2509 5889
1933 1599
3160 536
5040 840
5232 923
1179 2945
5888 2490
6463 428
5869 1310
5830 1740
4136 2299
5805 879
1947 1679
1607 6659
6802 3203
621 3764
3050 2216
1585 1149
5728 6399
6805 1823
1665 118
2722 769
4691 3378
32 4429
1495 3365
6871 868
2971 799
5688 6336
4559 121
6404 2612
6427 6733
6217 5517
133 3521
5947 1220
397 1909
3756 4550
3413 6577
744 3194
3364 375
5931 6852
3419 3104
4760 1295
57 840
5470 2860
1679 5961
198 1569
3643 635
5849 6899
3293 6603
1971 2124
6565 5008
4821 3222
3408 175
224 6951
2640 3806
4316 5520
1368 4192
539 6418
1285 5712
5355 4526
1967 3653
6775 5434
1144 2515
3103 1480
3289 1547
3498 4980
6460 5226
2352 4271
2297 6635
1332 4093
1679 6647
6323 3860
4348 1862
5087 1679
906 6037
1853 2108
4228 4830
2366 1679
740 1883
850 454
5328 6729
2483 2216
6391 1877
3207 4520
4053 5708
4166 705
2101 561
3895 277
4504 2883
1679 1313
886 3101
4244 1452
1973 4941
477 4436
5951 2989
1051 1679
1334 6111
3133 5111
5209 3481
2726 1679
4334 1679
4225 1679
1679 5738
2193 2128
183 4314
3526 4459
663 6075
4194 1679
6663 829
5555 3107
4013 2341
2839 1679
2978 4871
4036 5887
2727 2215
5287 313
6737 1833
2707 260
246 2555
5101 151
6636 3822
6126 6633
6921 1679
3295 2019
1842 4443
4220 3220
2987 5012
1493 579
4019 2599
4524 1984
4720 3554
1514 1933
5633 4379
2612 4055
4068 5753
3037 5964
4886 880
2243 2583
3312 1679
1679 5529
1679 3060
5870 6244
5810 624
6327 3372
3174 6373
2710 6432
6134 4855
2844 75
6357 366
6569 86
1679 1020
2586 5102
6045 1
3641 1679
5809 4097
1679 1401
2196 1240
5075 3575
1420 2879
3571 6225
3508 5318
2437 183
1881 299
1002 2897
4771 5320
2363 1063
490 958
462 257
1679 1190
6792 6280
1954 181
6242 1492
5889 6443
5111 5705
1679 4996
1128 6495
3402 164
5152 3857
1679 1855
1679 5234
4425 1679
5631 3215
1679 5878
2900 9
2382 3783
1114 4274
1679 3606
6202 259
1526 1450
968 4212
4388 1939
5830 5264
6158 717
2005 4939
5096 5224
493 3993
4370 1473
6724 4604
3605 4138
2885 5431
5465 6853
2082 2175
1679 6615
6540 1756
1520 2942
4965 43
2358 3378
4260 6711
3982 6007
4704 4127
6827 6584
4448 3363
3323 1451
3853 4977
3844 5752
4830 275
5294 4255
6777 4296
2815 1679
6750 4660
4717 6456
376 6286
3911 787
4424 6859
5739 4347
2422 1679
2716 1269
2207 4743
6642 268
2197 3558
3059 1793
5682 88
5528 6210
5511 3191
3830 4388
1345 747
1495 1588
2338 5549
3097 3757
3688 1679
178 4207
2117 6529
5149 1931
5310 549
215 5736
733 4824
889 684
5770 3377
5231 2511
1259 226
2987 6043
449 3342
4247 5294
620 4268
5479 1679
3449 4145
1031 4323
3882 5989
6711 6265
328 5223
5673 3766
2379 2049
85 4358
1273 1929
6731 948
2786 2673
2341 2710
1751 2979
2887 2733
2800 4017
2717 4371
1615 3747
1679 530
2263 4484
6439 4089
2235 5675
2221 6448
6142 6954
3638 1679
2728 3338
1764 4453
5894 1610
5330 1209
4408 2922
3921 2595
4889 6274
3157 4888
6295 2602
233 1390
6665 2199
1026 6792
746 2367
1679 1516
1679 3003
3567 1679
2891 6680
442 1465
3925 1656
6519 1679
6670 4791
270 6268
4415 1679
3190 4848
5013 2503
1122 5119
2960 1679
3939 2722
1107 1679
4358 2812
3318 893
4913 4740
1679 6229
6545 971
3700 3909
1722 2357
2173 5119
893 2866
1679 2743
4754 1679
1379 1160
1605 191
3913 3750
3392 4389
1109 2069
5001 3036
4707 4491
6338 512
2444 6303
4345 4798
4428 5454
4206 2162
202 4068
1961 3224
1151 5763
316 5282
1725 6292
1600 2696
95 5431
5139 421
534 6899
3578 4380
455 6329
5313 1679
2324 5609
2856 4067
1498 6168
2374 1657
876 1179
6211 4256
5652 5156
1679 2138
1094 6022
3234 389
2335 5820
4572 2709
3083 1679
4579 295
4872 2860
1679 516
1093 2905
1679 1816
5072 3639
4697 2591
1679 4548
3970 5669
686 3771
1679 2629
1679 192
126 4433
3487 3646
1679 3587
3874 2331
1679 4160
2939 1645
1679 5821
3630 1202
3287 3708
4107 142
792 1849
418 3042
5679 6077
1544 769
43 6731
6801 3995
749 6946
473 6835
167 4396
488 3623
125 1993
287 3941
4995 1191
1856 4896
4104 2513
1103 2750
545 6755
1167 4406
3239 6197
529 4643
6193 4844
2600 5522
6593 4464
5412 6257
4890 5588
1165 5506
104 4074
2938 2691
2350 5396
1333 1679
2522 4847
598 1521
1601 708
5066 1727
6274 6299
5516 990
2252 1679
5382 6933
4496 3585
5944 2304
4808 2800
4875 3354
4985 3061
1679 1951
5162 1679
2927 2317
5421 3044
2964 5650
5117 2880
2443 1698
3213 5065
5147 3178
1279 3392
1967 6845
1482 2642
1885 3170
2587 2096
4972 5521
4949 2804
407 1426
6710 1282
6766 2744
3189 1711
4839 1679
1281 2976
5464 899
3313 2175
5726 2959
2242 969
4497 6466
1679 3795
3939 3790
6133 3494
34 3239
6017 4195
5617 2412
2229 172
1013 5681
4813 1679
1894 6504
322 1678
6900 4607
5433 1010
5858 6865
5326 4481
3475 1218
1084 1257
1534 5781
3143 5630
6444 1329
3896 4140
6558 4611
5461 1136
1679 2046
72 6919
2207 2176
33 5403
2168 4715
1679 6429
1925 402
4799 3467
1464 886
2042 1934
1233 5744
5477 3882
1048 1108
5333 1679
1986 4078
723 3039
2456 2712
754 4444
5935 164
411 2304
1688 5115
6297 1846
1235 1815
1679 1676
2202 6550
1679 2222
3947 1679
2754 4115
4312 5572
6745 4749
1510 1679
2141 4062
5851 3139
2554 490
5610 5378
5984 5138
2281 5680
3824 5800
756 1924
4154 4143
4168 2237
358 1232
1147 5285
81 5125
173 3499
2073 543
6421 3400
5884 5663
6125 6207
400 44
4294 1547
390 1712
2045 1679
4795 5798
6725 6903
6081 2965
5897 4958
5528 2664
5154 5213
2779 4968
5967 38
5851 2713
2504 1904
1199 6121
4517 5050
3744 3146
1249 373
3143 4469
3885 6006
1639 918
1679 1058
174 6515
6144 1983
2819 652
6076 6155
1527 1362
3328 1119
3720 6252
2087 3917
6003 6683
3780 3906
3761 2658
6023 2949
2840 2378
5020 1178
1679 4357
1317 2026
2306 6035
4391 3786
40 2202
6294 2797
778 1348
1061 2465
600 293
4787 2624
1171 3284
392 1679
6186 5199
6838 3821
6797 6244
3497 4267
3398 1679
753 4149
3498 3287
4677 5213
3082 1434
4756 3985
4913 2636
1679 1447
6182 6351
2979 6856
6426 1679
1982 5699
1761 6508
579 3305
815 970
4957 1733
2922 1001
4182 3931
6904 1679
342 4441
6285 998
5980 1668
4368 874
1713 4590
5834 306
1914 6753
2253 4342
5855 14
3994 6751
2066 2924
4071 1382
2430 2890
4883 5048
1457 4254
5558 216
1679 6162
1679 2789
1668 4701
4270 4909
6562 5872
3474 394
1612 1806
4491 6341
2305 1675
1683 1679
2446 4032
1536 4575
5630 5768
2448 5196
3928 6779
3771 168
3586 1749
3253 1679
3534 4662
280 1270
819 1679
4101 3645
541 1679
5374 4809
1679 1239
1392 6637
6199 5750
3687 1446
4865 4286
626 4697
4873 4695
6643 4473
497 285
4706 986
4409 4560
5866 2135
3289 3970
2403 5250
490 2488
4444 775
1679 5883
1679 3816
920 5995
901 1920
3333 4347
3961 1679
2614 4148
2639 21
2278 1266
1679 486
5452 2694
6895 4234
590 1006
1687 6398
5316 4625
1679 6912
2837 1091
5174 6883
2395 291
6105 275
3447 1679
5580 2807
4797 4260
4100 917
2571 5647
2862 5602
5692 404
6882 2244
4510 3155
4872 6586
3903 1936
3230 2273
609 4113
3851 993
810 4598
4339 262
2951 1455
5233 5749
2651 6728
727 3617
1679 5041
217 5486
4612 1419
2336 6392
1214 1679
4247 6402
5637 3059
3819 4629
3034 1687
5724 1679
1323 25
6722 4458
6605 4729
5568 5380
2788 3198
7 5727
3969 4522
6336 5805
2909 3379
4812 4889
6055 782
1761 6730
568 2867
6525 4628
493 3598
6362 5263
3184 278
1445 1004
4540 6819
3504 3065
1679 457
4545 1546
5259 6941
3926 1679
1184 5971
6447 5259
6672 3418
345 2534
5168 5759
3709 2900
4182 6272
1679 110
6486 1177
1122 502
231 3518
6881 5495
6865 2361
2306 5909
4847 5846
4966 2256
2376 5604
5783 3843
2164 2541
5960 1679
4619 4850
3056 3819
5134 4541
2702 551
6082 4134
6896 4820
5985 5996
3778 1856
842 6003
5359 4773
6331 5563
5312 1679
1679 3223
5048 6764
2535 6305
5893 806
6834 1679
4734 5361
4402 4671
1359 1679
1130 294
2625 6076
2330 2528
6863 3625
1250 37
1679 5172
757 6832
5390 2398
2928 122
5517 3068
3766 21
5811 2694
2797 2418
2930 30
2126 1679
5182 440
6472 6582
2575 1679
2001 4800
3568 1911
1200 5166
1150 1158
1406 3814
5248 1360
1501 650
3991 2469
2928 6721
2481 286
1679 5191
1679 616
2445 3325
317 6876
4080 1780
838 2281
1679 265
1517 2217
1347 4493
1422 4594
6296 1702
2637 2553
1126 2278
935 1769
6552 896
4387 1679
4734 2322
4639 6422
6119 3457
3093 6698
2434 468
4536 5519
5693 5806
6458 2804
5891 1948
6269 1782
4167 1679
6846 3779
4596 321
4198 1789
2370 525
6013 4210
3700 244
6205 3372
807 6415
3602 3546
3307 1006
3403 1679
4643 2619
1326 6168
5495 5836
6006 4708
4386 4854
2531 5871
335 402
1294 2375
6660 3489
260 2511
3272 1464
3442 225
3653 2878
4680 200
1893 6524
3079 3424
1679 13
2170 6248
4854 1630
3556 2017
2084 5331
5758 208
5926 284
3406 1253
1201 3634
2563 4765
478 1679
3280 4448
3637 2767
6367 5256
5753 6409
5184 3597
1679 6220
5718 2015
1715 5997
2677 1576
5882 375
2929 4173
5475 1410
4232 4502
3879 6642
3808 51
2008 6222
4805 6385
1097 3868
5564 5074
4998 5370
6861 3898
2759 4236
6281 2057
4437 1679
3430 6329
1470 6146
2732 6746
104 4382
5472 6297
1809 4385
4682 5762
4412 4549
139 4573
847 2898
2294 3457
4151 2637
6616 3837
3456 6328
5443 6300
758 2975
685 1032
6773 5802
5100 1253
706 3119
6799 5281
6482 935
3842 5288
4313 4319
3140 5662
2302 1529
2122 5979
3918 1679
370 6135
1679 1275
4811 2709
1662 1679
1837 1679
6093 5446
4723 3035
3153 1138
3245 5679
1679 5028
5575 4272
3811 6781
3419 508
5751 658
773 5978
1679 1573
6123 2517
4419 54
141 1679
4932 856
4138 2859
1330 3104
1487 1250
3157 1679
863 1647
181 4447
5893 228
4943 6517
3887 2888
6514 3883
5018 1679
2731 4268
4685 4292
3283 3436
4189 4861
1329 5091
6062 3438
4841 4887
2035 5108
5169 1679
4683 311
2867 2715
210 1346
303 2865
5412 5198
5060 6364
2018 1814
4956 5387
5237 1679
751 3512
444 2193
1406 5204
930 86
1109 2803
4293 283
4956 6818
1322 5605
5163 1348
2404 1274
2516 5290
4726 4936
985 1222
1679 452
2319 2477
5745 6004
2135 5148
1679 3122
565 1429
1679 2027
6842 1679
6898 812
3971 6129
5885 1679
1383 6655
4238 1546
2308 5112
1537 3177
4052 4906
2683 1679
1242 1571
5003 5230
2716 5982
2338 482
1575 2284
1679 6632
1679 5347
3405 6875
2236 3491
531 2534
811 213
2104 2625
946 3340
3095 4078
4156 3790
6070 940
56 1679
1679 5110
5095 5803
116 5436
2025 1888
3481 3786
2409 1679
2162 2505
1679 4463
1473 1037
5505 363
4517 6767
628 1679
3846 6586
1413 6151
4866 4976
2340 6317
640 3762
1679 2674
2336 5426
2706 4595
6061 6121
1036 6539
630 532
5235 1679
677 1481
6920 3225
5247 3131
2549 3000
2744 3532
6355 1230
4318 2079
1483 1679
1711 2930
3537 2500
119 6908
4466 1921
2286 6141
420 2747
1685 365
5341 2403
2085 2259
6684 5376
1726 6619
2270 4429
4731 1679
1979 5654
1786 4056
5609 3934
2642 3230
554 1066
731 5340
1868 2279
973 1679
1049 6081
1259 6204
6051 1690
2966 5697
3727 906
5201 6286
4084 6247
4983 1828
6939 2314
2261 6401
2968 1396
1679 4217
2194 3943
5062 3176
2153 3386
348 223
6037 5700
583 2008
2700 3198
6672 844
1679 2151
870 5450
3322 1935
3368 2672
1003 1289
3682 4474
578 2156
2798 4838
5291 3399
5392 1423
2752 1679
1679 1211
3286 5188
3732 3482
840 778
1679 3624
3534 1500
4498 6801
6092 1304
2901 4326
855 4897
6437 351
2161 1096
410 2695
5975 5932
1679 5345
6913 4496
6892 4258
3650 1070
1151 3258
5972 1405
711 3034
2383 1843
1679 5116
2912 5731
124 1679
1679 6618
1469 1679
942 1067
2407 1610
3684 2919
1795 3055
3062 3755
5055 107
5481 5021
518 4270
443 237
439 4148
1742 3749
4475 3127
1679 4349
1988 830
5075 3690
3585 6612
5944 2084
3693 790
2533 2470
3726 1679
6171 4729
5942 5715
6143 1971
3485 3415
1781 2742
5546 3547
1502 1924
465 5208
4253 5484
3599 6812
1979 821
2078 5672
556 4741
6063 2328
3975 6737
5554 1347
1679 3660
3640 3977
5439 1679
5510 6503
1927 2075
6681 3952
716 4804
1679 3644
1679 2064
1204 1577
1493 6053
2049 3286
1607 6440
3081 3136
2144 1654
2425 6187
531 5579
1023 4512
6344 6601
3998 4181
4445 2396
2646 6304
4733 5875
6327 5533
390 4321
4336 4917
160 2986
5774 789
3272 6209
575 4677
916 1609
1112 4164
6294 5242
4091 5604
1679 555
1022 5966
5079 2932
568 6479
4581 143
4662 3102
5073 1679
2152 3493
799 6919
2734 1008
6918 438
1558 1679
6499 4845
1679 4340
1679 6547
1890 1679
3519 3838
4306 2307
3360 4135
921 1679
5037 1245
4266 3951
1679 1963
2133 4384
4440 4908
5576 4664
2149 3397
974 2520
2513 4975
1080 5755
5049 1679
1459 1007
1867 430
1679 4215
401 1679
1186 6818
1323 4480
1679 4935
815 4949
3662 6458
4999 894
1899 4933
6789 2273
3784 3199
1544 3389
1679 3966
161 1966
6079 5344
2388 2824
3681 23
2577 5990
5377 2006
2827 5271
354 552
6084 6259
6366 424
6871 1370
2351 3388
1892 5266
1182 154
1485 6376
5059 1195
679 1679
2164 788
1679 1748
5327 1248
1619 2454
3753 5157
491 1219
2849 4627
1652 2813
4942 928
2254 562
2231 2485
3284 4678
1996 6715
4684 5301
2894 2472
4269 5926
5190 5068
6253 3301
3149 3390
6069 4337
697 6515
4737 716
3632 1679
257 989
6727 5057
4280 6750
1679 5407
6133 6163
928 341
5886 5845
406 2770
2551 77
489 117
5478 6742
2277 1862
3577 1027
4775 3376
179 1325
6158 120
889 3451
5803 6101
691 3888
143 884
1957 2981
5056 2919
1648 2300
4673 1310
1169 2917
3208 4785
5217 1679
2602 1069
4086 97
1671 5226
1284 1679
5827 3807
2830 6923
3800 1784
5832 408
6157 1507
763 2408
2895 867
3111 1982
802 2946
1724 1679
4960 1679
5592 4111
6850 2719
2440 3264
6522 932
6687 3705
6164 743
5228 2729
3156 1679
68 5436
4081 1512
136 4859
5182 2773
6380 4736
3182 576
4534 1118
552 6909
5477 6509
1635 3758
6517 1110
2981 4954
2339 1523
3212 6405
6557 5912
1132 6791
4472 6346
6776 3238
4321 6294
3161 156
2125 3130
176 5314
1308 6559
3579 1917
6116 5404
6690 6147
3091 5256
1679 6393
6145 5635
5514 3589
1704 6045
6434 2365
298 6875
2493 477
5068 1292
3616 1091
5004 1881
4636 1643
4981 4900
1679 3663
411 3038
6872 5525
2621 1679
4193 3249
2891 1550
3975 2328
4133 4650
3930 3957
1679 4891
6450 6587
2179 4159
1696 5963
4717 5254
1342 4620
1679 3330
3544 1283
2242 6747
6179 686
2523 5253
4042 5555
2890 2076
419 1679
853 696
26 1472
5853 6403
5897 1646
4591 1684
5069 6562
3324 618
1679 229
850 3367
129 978
6606 6440
2633 950
1631 2373
1679 785
849 253
1617 3108
367 1679
6094 5870
6579 286
5189 715
1679 1057
1679 4728
2401 1430
137 5652
1679 6815
2218 901
5339 3828
3381 6654
23 4923
3126 6860
443 1627
5705 1160
3889 3990
4892 5391
1679 5747
1796 4853
3655 5971
768 5128
1679 2203
2725 2224
4333 713
3050 1678
4577 2879
382 3963
1679 483
2682 417
5597 1641
324 3776
3357 2069
4876 2548
28 3625
5480 5687
1620 4226
4352 6630
1950 121
1679 6347
4026 590
40 5552
1679 4262
4518 193
6809 5924
4600 1906
3240 6876
5241 1679
585 3348
1751 1463
5277 1409
2626 2268
5435 1679
4547 61
976 5674
1307 5084
5958 25
6719 4989
1822 6288
3518 3445
3209 1679
3548 496
1679 2984
369 2601
6682 1025
5774 6430
654 1408
3415 4972
1819 2460
5331 2316
4040 4897
1744 2574
602 3120
2433 3042
1791 6007
2425 1272
3488 1386
1679 6375
857 755
3511 6554
6025 6175
3951 96
6791 3125
754 6736
2271 4195
1679 2180
6112 1398
4449 6544
6644 4399
5735 1679
2436 6866
6245 1679
5252 5648
4294 6098
1301 6585
6467 2883
5341 5681
461 1033
6671 949
1798 5637
3356 1801
3115 267
6814 3373
2191 2467
4576 703
2374 5004
3788 1679
1679 1660
4399 6150
4881 2825
311 6938
3893 2287
5457 242
854 1679
5070 1262
1849 1941
623 6761
4488 5983
4331 2909
1564 1679
1050 6816
4767 4465
723 1
341 5836
1679 4962
5973 3265
2870 4626
153 2201
4615 4385
4183 3165
5062 761
3852 6652
6312 3869
1679 6361
399 3597
3579 1725
1718 3673
4302 1679
271 3455
1135 1679
6057 6783
1767 1867
1679 5185
1140 6042
6135 1367
5616 5702
2056 1679
6703 6831
4852 1679
4191 5026
6709 6453
6503 1480
5936 1961
2190 6698
6191 63
4411 6614
2342 3045
6104 5905
6578 296
1754 1679
1706 2365
6510 150
5409 1965
3129 1679
6516 1237
6476 192
1814 6192
39 1201
542 63
5699 1657
6225 2489
4665 73
1679 458
2495 6461
476 1679
629 817
3136 4153
3486 1679
5862 6863
1174 574
3908 2099
5113 6081
255 6537
1382 1289
3283 6148
2379 3248
1679 784
5715 5092
5938 1679
1125 1047
471 4771
5574 435
1980 3243
4793 2353
4265 2429
3183 2120
4469 5444
1450 6683
3872 4939
5656 6484
1679 6600
5295 385
1679 426
1679 1651
3806 3750
3040 142
6947 2173
412 1468
5754 3576
1679 3017
2692 1217
134 4369
571 3418
302 1484
336 5179
320 1679
6407 1103
6104 1930
2884 5682
4243 1435
1679 3114
2047 6206
188 2104
1679 1811
4132 1226
5127 1679
1255 1518
774 4328
1679 5969
2501 3065
6948 4509
3846 3973
1679 1377
2223 3823
288 2462
4849 5613
1679 5081
3393 4511
4555 1679
5473 2998
1187 2354
1679 2546
1034 3991
1647 2500
1118 5626
963 4508
2098 226
6669 5145
5849 4345
4111 1295
1679 6441
4656 1679
3839 3923
2926 1343
1679 2671
681 3859
2072 1850
2420 5207
6594 53
2740 1911
70 2703
6005 4721
6019 6694
4606 2412
4257 867
4724 2023
5254 90
453 6539
2364 1824
6434 3740
428 5852
3347 2763
236 6372
6443 1990
3592 6243
5158 3111
54 3792
6610 6830
3658 3172
1291 1679
6742 3778
468 6625
2673 5704
2793 6403
6459 2065
2450 6207
1636 3569
6888 1221
5397 1815
4382 1756
2262 71
3942 1679
1679 2387
2493 5316
3039 6946
4558 4067
2717 2389
6512 5005
4343 5247
4066 3665
814 2492
6114 2853
6388 1575
2097 3014
3364 5895
1857 1197
1679 2537
1679 6837
71 6546
772 1679
6353 4537
421 5649
281 796
1799 1285
4799 3640
5503 712
5785 1679
3901 5756
6677 6753
3645 1059
1679 6664
6610 4070
3107 5153
5166 4727
172 2190
1992 5834
2024 3066
1679 5678
359 2554
1563 4670
2868 1533
1322 4593
6477 1374
4451 1624
638 93
5143 6840
6807 1679
3924 1082
1679 3409
5229 3934
5106 1247
3291 4446
775 3661
5596 5723
1675 6605
3193 5112
4617 3316
3743 2553
4568 2670
4363 1679
1007 6793
657 5309
5902 3986
1679 5468
904 796
1101 1009
2288 5054
549 6002
777 4994
6414 1679
5988 1533
1679 4171
1869 1679
3404 5642
808 494
5595 1428
2201 3544
212 6247
3558 3784
5551 4169
2596 377
4672 5377
1679 2610
1679 936
1028 4338
169 6800
500 1870
4244 1066
2156 3061
6549 395
1591 34
6032 1258
6616 5556
865 234
2877 6708
6535 3822
510 6118
2442 6027
2137 2468
5908 5888
4091 3410
2 6758
447 3150
5868 5388
4327 6514
4646 1679
871 148
1105 3957
6241 5098
4251 883
3874 869
4993 2594
3355 1298
2530 5485
6256 1049
2706 6266
1679 6718
640 1714
4866 1453
5739 935
5248 6704
6055 2567
1679 6465
6752 1842
2931 2411
2228 4409
3706 4910
4378 4639
3735 5113
6880 81
6272 6323
560 2116
2816 6601
4817 1954
3793 4032
2846 6760
4465 4250
2599 548
3893 5200
3221 5307
1077 1472
4598 1779
4084 4148
565 874
5729 4275
1885 3010
841 3468
3661 3737
5622 3451
3390 4386
5422 648
101 4301
3945 4178
840 5620
6847 3439
2251 2765
1679 1231
6538 2851
1072 3408
1858 1679
5011 3722
422 5690
4694 2139
6620 6940
186 2765
5472 6230
3739 4079
1932 1102
206 3437
1441 2050
3281 1590
5840 1216
5102 6155
161 3512
1474 1251
4175 1346
5056 937
1376 1829
2415 184
4628 4009
4220 4635
3915 5080
6839 445
3570 2901
3067 5385
4986 4541
1524 1696
1871 1216
2791 5399
1532 5221
4427 1763
2958 1090
6153 6359
4209 6452
2204 2845
4328 3672
3275 4562
1679 2991
4625 4614
2774 5245
194 6214
3902 6772
1028 2467
2592 2347
3871 6173
5692 4315
2386 6416
6001 1679
1679 6804
2827 6558
2570 3765
2877 1015
5168 501
1351 1396
1552 601
4246 6911
5186 2871
3614 3931
5141 3160
3928 5195
6088 3153
5857 101
4599 3813
5223 3186
2210 1112
6695 4724
6149 1679
2265 745
1732 2951
5 33
3079 4165
2183 6943
4324 1679
3965 5453
1449 5021
169 2196
3138 4654
4878 2731
3547 6657
3516 709
1679 18
4735 2847
1679 6678
6922 319
4846 4760
3297 6262
6841 1679
62 6065
561 4196
373 5543
4486 6730
3714 4733
1762 6743
5236 4147
2181 3692
1745 1679
261 5130
5158 5913
1679 5614
6639 1422
3787 3456
1812 3757
578 1357
1708 6028
387 6648
474 6194
6214 1900
6924 5469
1168 5627
818 6419
1679 463
4738 810
1679 1212
2924 5464
4352 5817
150 3678
6569 5955
1334 5404
5687 908
5545 5054
5216 6091
6246 6707
1872 4404
2544 3770
5933 4428
1713 6446
1679 3401
6679 5297
2232 3270
6740 5575
4000 6284
3276 4798
357 1679
5220 2656
3353 4599
3094 694
3850 439
2836 1716
1679 1404
3805 2390
3132 5198
4508 1637
1679 1821
6330 6526
1632 3001
1679 860
1656 2968
5398 1679
5418 2996
3124 3032
114 2114
5302 4103
5509 550
3686 48
4006 1891
1679 5411
6043 6053
6885 2486
4794 1679
1679 3527
5945 3856
3536 4735
6572 1679
1395 6894
6700 1679
4108 1150
3130 4668
1039 3621
5090 4016
2972 5977
6937 2966
345 5395
5132 5968
1021 1679
6223 5914
4532 5831
4273 4060
952 6574
6090 1679
2670 4637
4672 5891
3400 3086
6668 5505
467 6787
3171 2334
1940 5033
4015 1679
4992 1615
2556 4884
4658 1679
254 259
1773 4687
6629 621
695 1679
1110 5856
6623 5513
4503 1942
1194 3294
3294 4666
1803 6782
2349 3399
3026 6455
6575 5369
746 106
6248 31
3389 3036
4854 2293
6095 5446
2143 1402
693 1679
5265 6183
1796 3443
2376 3802
2724 3105
6363 5173
3986 3077
1418 2632
1863 3506
764 5812
354 1879
1328 327
3596 6119
5594 3238
2463 3180
5755 6548
715 5744
4396 4657
1260 6817
3241 5710
5481 4405
3613 4038
1088 1679
1679 5366
3894 1437
5037 6148
3604 1679
4815 2018
449 4945
1332 5458
1319 4
2344 1679
3428 2667
3032 3266
2096 2990
701 1519
2510 5963
986 5291
2564 5023
2565 4019
1747 1679
5199 1504
5713 2838
442 2912
4611 3335
1572 6136
583 6744
4602 5726
3352 6184
6470 1679
4833 6829
4554 2372
780 1679
6394 5437
1679 6332
3015 1490
3769 3620
5688 1912
3968 412
2688 5931
4304 5414
968 4109
5777 2310
1314 2186
2693 1679
766 4822
4373 4469
2184 1679
1679 1155
6254 3777
2183 676
6430 6799
216 5137
1679 6321
1537 6373
3507 5200
4282 3454
5406 1679
5030 3164
6765 2243
1370 3068
6273 5466
2399 3902
2697 158
6423 2880
1908 3099
4023 4446
1679 4753
5367 1654
3195 4869
5027 3996
1679 5002
5093 3963
1506 4912
6506 3853
6916 626
4988 3958
536 4108
2404 2758
937 2318
599 6265
3341 450
6447 623
3960 706
1101 2746
4030 379
4759 4056
3805 2040
6499 971
6192 3452
1325 2293
53 740
4521 587
1387 4380
456 6861
3774 1679
1679 1686
5378 5042
3695 6224
5052 2672
882 2066
2822 551
4054 5375
2381 630
3144 2634
3711 2735
5537 4514
4470 1679
3324 3298
726 4998
3670 2272
6360 3328
3172 5869
5474 4970
5937 4230
6439 3336
107 1111
3743 3867
1679 5219
3076 1468
5534 3263
3420 2178
2295 2937
4449 738
317 576
5759 6726
3777 6649
5824 1565
220 3941
1121 1679
1679 2012
2992 3872
5225 1234
3542 3374
2406 1535
4005 5269
4647 5253
4144 1883
2837 1692
1679 6811
4154 4680
5233 2985
3110 1679
1802 5373
4746 2294
5508 3394
1679 1052
5881 2871
5527 5500
931 1801
2564 1601
5560 5258
6593 374
11 1679
4968 6813
1432 2568
1679 5668
1989 883
4261 6206
1620 4862
4421 3732
4186 6602
2453 724
3999 3236
1355 3176
2 729
1679 3331
4622 2160
1805 3740
688 5819
2159 6778
4692 1997
1640 2435
4383 2112
4633 2854
4780 4419
6024 1457
1679 2447
4086 3676
2155 4950
3891 5191
2510 6137
2088 1559
4076 5051
4703 2730
5612 2147
6369 2884
3555 1679
5133 5031
6762 4980
5299 4118
3438 6728
1710 1679
3524 4271
697 5487
5396 4783
2251 847
616 6
2359 6616
1215 1603
646 6886
4281 1646
1345 5302
279 6782
5063 1726
5085 1636
5009 1679
752 2090
653 2441
1625 4790
4608 6191
6666 1704
1679 5321
1390 5097
6492 440
3592 6159
3666 6460
796 355
1511 1679
2148 6767
95 2305
6344 2498
2538 517
5872 651
4341 4882
2037 1440
2214 5701
4706 6490
4861 2134
900 6309
993 5613
3210 1679
789 1626
2647 1456
5467 3691
2298 5038
6936 5357
2171 5194
1974 5031
2935 3809
3738 500
6763 6596
1679 1152
1256 988
4785 4283
832 3677
869 3175
5898 3841
6422 1666
5429 3520
567 3046
3004 3464
6328 1763
3016 2600
1841 2466
5504 108
1602 3626
3495 5573
1679 1366
5942 5740
2206 657
4549 5492
604 5059
1679 6723
5772 236
4022 321
6105 4133
1806 5480
4435 6073
206 3821
4963 5079
469 6766
2831 4730
2769 4173
1076 3012
5160 2645
2103 2508
1652 6302
4184 4618
6269 4356
665 585
2146 1468
3782 1679
3075 6032
4413 1953
3131 2285
2641 4273
4769 1679
102 2200
1504 2260
1569 6855
5764 1679
3550 755
1679 6046
3342 76
6282 4068
2663 4331
3733 72
4946 1679
835 1679
5388 918
2525 5720
3374 5450
3252 1679
631 5793
6802 6320
5922 6415
2940 3134
5990 1633
885 4535
6757 369
5544 4285
2479 550
1067 4177
2967 1321
5154 4342
849 5778
2451 4330
4031 1679
5552 4578
2088 2263
4172 1679
2545 155
5255 4520
557 2125
4341 335
1996 4823
2986 1397
4887 4708
45 1780
6495 2433
3132 3913
6073 3069
1679 2562
1679 4857
3493 2942
485 2755
1669 5393
4123 6069
316 114
5485 4995
2106 5327
6827 5016
89 26
4059 6651
3347 1462
2536 6167
17 4202
5811 3484
3924 20
4989 3614
4819 4871
6497 1679
908 917
6217 4563
2112 6130
4721 3956
410 134
2097 1427
5190 730
5734 1664
1434 561
2498 1014
1998 3163
6873 6078
5103 6445
1127 1438
6878 3323
3159 3070
3988 5275
1597 724
4048 1679
240 185
5483 3867
3427 5440
1679 135
1679 3414
6008 4933
2129 5905
3830 2742
4116 3345
694 348
2032 1679
1679 2686
6819 4802
2249 1679
4453 6307
4057 4790
980 4712
6897 4914
5509 278
6175 1715
120 1343
4538 1679
4500 1679
855 5934
1782 2269
2419 4427
3151 1679
905 5964
2753 6847
3500 3019
801 1448
2003 2947
2026 5491
4134 4059
2698 4973
2438 6154
3762 1341
6376 6068
3637 4346
5780 212
3265 422
185 3262
4175 3923
1263 1019
750 5401
157 6560
6234 6197
4596 2654
5383 3257
1479 1439
6812 2936
6762 3898
5153 3593
1143 4296
2768 6685
4488 5256
1639 5072
4519 2024
1372 6882
2627 6603
4527 1679
4518 5656
1094 6713
6171 2460
2312 4609
1679 5364
520 5381
4094 387
5493 5976
4530 6194
1011 1266
6715 4921
4088 1679
6862 1679
4613 1679
5206 1496
6864 6366
492 356
2773 2441
6021 448
1679 5124
2124 2963
2198 459
3468 1909
5222 1679
315 1679
1679 5786
2933 1679
3169 3300
1679 3992
1679 902
4835 4316
4230 916
3781 2172
1679 3654
6291 5060
2436 3677
310 4905
712 681
3754 190
4398 3640
6270 2849
5903 2678
3736 1524
1336 6931
2580 1679
6051 3940
6124 6009
5758 3226
1679 4041
1934 494
3818 3159
4418 1684
4626 4723
2787 6641
1679 1887
1679 1391
4748 4080
709 1594
1736 1703
3623 366
4685 809
5659 1717
309 6719
908 6785
1378 2923
4567 892
983 3067
3725 5788
1074 5576
1972 1943
19 750
1392 5915
5901 383
1679 2532
3461 1679
535 2691
42 1258
1567 3111
6365 270
6949 4966
4674 1679
1679 6231
4063 739
3022 3422
5881 3787
5334 3384
1679 2213
4873 5456
3488 2227
3812 605
1679 3563
1679 6029
4377 5255
1578 5426
1002 970
6299 3574
779 6023
3195 6924
5476 1679
1456 3703
2476 2675
6419 765
574 6803
2260 3350
2478 295
6438 2261
4513 1679
1679 2051
261 5958
3759 4978
4665 5666
3596 4842
4498 4073
6385 5107
864 4065
1679 4940
6489 2764
2248 4530
524 5415
439 1137
1857 2916
6947 4525
5742 2848
5147 3601
1565 182
6066 6564
1124 1679
3613 3695
3243 2551
4631 6064
3054 930
2426 1471
5451 2561
3877 5383
1918 1679
2285 6794
1342 2028
1679 1415
2432 773
2081 812
2616 6674
1029 4467
6574 675
1679 5293
5044 3974
1679 2613
3620 146
4837 3185
416 3120
5413 1449
1679 2109
4174 6428
5664 1679
4064 2567
546 2818
1945 1866
5619 1679
1679 1818
4976 2764
4910 542
1261 4012
6144 2858
3318 1244
964 2569
4603 4454
2486 3299
1679 5804
4006 6898
333 1311
489 398
5657 2964
6563 2628
1582 5900
4281 5781
587 2739
6319 804
5930 386
1664 1453
5034 6684
3270 4092
6693 4757
913 4590
3984 1897
698 4963
3348 4781
1388 6525
1679 3435
2421 4942
6720 885
1015 3473
914 2971
5064 5356
360 2547
6659 3462
1163 3515
6848 1278
46 2685
893 2845
1679 2834
1618 563
2857 2199
4916 4290
1886 4335
5777 5709
3313 6796
4948 4291
3137 2476
3807 520
6350 3355
4308 5150
4320 2355
4113 3303
2233 4324
4423 1679
1025 4397
166 831
4475 1040
1560 2279
1219 3911
2417 1417
1679 3492
6276 2369
958 1290
2653 1679
4297 4919
5342 987
6838 632
692 5027
85 2490
3883 15
3703 6000
1438 6423
4838 5036
3358 389
5524 5130
6954 3304
1203 485
1936 1523
1086 627
642 4445
2023 1895
2876 5933
579 751
1679 1581
211 6009
1618 2552
430 1044
3815 3201
1390 2385
992 3211
1766 4120
3552 6608
2015 4343
3949 197
1048 5177
1445 4610
1164 1330
2893 6330
5765 1832
1328 5178
5085 6870
689 1027
5808 4860
1991 1904
6289 5482
1648 1587
803 5099
4970 3094
6172 4307
87 1113
4620 2659
1530 727
1807 503
5842 3179
3754 4218
1188 1797
3021 1256
1226 4964
546 4736
1561 459
3868 4077
6106 4825
6540 1556
29 4126
2248 6674
2659 6308
3072 4832
378 6369
1679 5906
4959 4309
4098 1099
2324 106
3322 1679
4640 5307
1835 5506
217 4539
5601 1566
5904 2391
1679 3833
1679 3041
965 6533
2718 2982
1056 3448
4237 1759
6324 2636
5584 5105
4906 4438
5503 4310
6940 3968
513 2560
6696 911
2806 5225
3113 3593
5305 1853
1467 4253
3966 6907
1526 846
1803 3674
5858 3479
5471 6371
3001 3651
4986 955
3375 3140
6464 1679
47 3031
5324 6851
865 5725
4947 1997
282 4397
588 4393
1679 887
3476 282
5889 5397
4730 668
3066 372
2004 1640
3216 4504
4199 6469
5761 1679
6153 4749
4789 49
641 1679
5064 340
5876 3203
6358 6337
4203 1679
3386 795
1015 1860
3234 2794
4629 6424
1679 6089
6836 1679
1340 1210
5243 776
3524 5126
1785 4248
599 1938
609 4592
3214 5628
4828 5148
6008 6355
501 2689
2081 4494
5205 5151
1043 4305
3314 5550
3339 3295
3038 4002
1743 1679
396 1530
1264 3217
1679 6591
4375 2668
1140 801
553 4014
1574 2443
6543 69
1068 3776
1679 3285
6343 2608
3679 129
171 4683
6267 696
5784 1775
3211 3772
210 5813
6523 2186
4315 5921
4927 3115
2799 1679
5005 4987
5891 4652
1980 3501
326 3090
1679 1373
397 975
6780 3301
3723 4817
2050 4227
5261 1508
2581 5913
6150 1917
2220 804
2814 1926
875 3589
1308 3505
2627 6025
4082 6580
487 6846
589 3087
4958 3796
5863 6026
1679 4263
5449 3751
6357 4716
4166 2696
1125 4915
714 6133
165 5522
1679 3668
6468 736
5553 4801
12 2851
3112 3796
1679 2055
6821 6259
3224 1807
1141 2989
1679 2617
1303 393
4376 3356
5979 5071
731 592
5260 3601
3109 615
4664 4833
148 2159
5170 4295
5238 4969
3293 514
1972 5867
1360 4403
5910 1269
2583 6918
6255 1358
3404 1942
5907 6662
2886 312
2535 3483
2325 5632
6454 1797
1679 4434
3146 4081
3895 3290
6549 326
2028 2956
1679 5300
1614 2155
5033 2787
1956 42
5292 927
1029 5907
4878 3876
2283 2052
5361 2959
3817 1679
4336 6262
4038 632
5778 5452
3215 726
3049 4511
2714 594
3165 2256
2832 5921
4268 1928
5311 2059
6300 3225
1679 1910
6771 1679
3873 1679
1562 6522
4152 4285
518 5094
954 303
6932 1139
3412 1708
5911 3088
2519 1679
1123 6250
1629 2231
5833 6809
6892 3255
5551 5415
3994 4126
154 2037
3689 2479
3852 3981
1679 4952
3775 6449
2392 1731
3242 6670
3989 4332
4234 580
5178 645
589 3424
5663 2405
433 977
4807 1653
2917 4020
5227 6215
441 1679
4700 6732
2935 3016
1592 1679
2588 2235
3396 6676
2732 2785
3233 4992
4896 5038
6739 6773
1788 1679
4732 1679
3248 4398
153 3919
4867 6010
6348 5837
1679 1173
4800 2430
1296 4899
3724 1880
1790 5514
4583 5511
6015 1679
6566 1679
2417 6102
3024 4074
1679 4364
214 3611
1041 1679
1679 5775
822 1679
460 5408
6094 4311
5155 2618
5544 1709
4408 6609
258 6211
3477 4684
5591 5206
1679 5590
2043 1679
2502 878
1148 3274
3669 4390
6018 1679
4064 2473
6241 1224
3299 451
553 2194
5093 3509
890 6072
1679 2863
6383 6693
1164 6945
1786 3267
511 2073
4087 4703
2644 6884
223 6733
927 60
667 5161
396 591
1674 5814
6583 5537
1898 6956
280 28
3121 4497
5589 6338
3854 3906
1356 1227
2462 6631
6201 1679
2229 6679
1896 1679
5987 3469
1260 1115
1958 1679
5104 1215
3639 118
2465 6290
1436 4938
6795 1055
3503 4875
3612 5196
2140 3667
5874 2726
6228 3933
2268 5935
1411 2440
5924 6754
1861 1679
1826 2382
4042 2047
4745 6716
193 3933
1161 1252
284 399
556 1338
1940 4661
1679 2652
4310 4698
47 5526
3080 2897
2419 230
2842 4211
3708 4856
2287 3487
2706 3826
1689 1679
5367 3583
4648 1644
4406 294
6687 3566
5533 997
4903 82
1680 633
4645 3927
1679 2282
49 5868
935 5257
347 5276
4819 5417
6953 252
6008 2030
2322 5598
3152 4964
5643 2969
3907 6123
2170 4707
4616 3343
1835 3779
6649 4127
3446 1679
4137 4624
1679 5797
5082 1679
1679 1083
2887 59
1679 6857
186 3048
1276 4224
702 1679
6354 6159
1697 130
1679 6756
704 5156
3057 1117
6324 2224
6942 3586
4744 1679
1642 6727
4147 910
3842 795
1679 5916
2543 2292
5133 4044
1157 4644
1922 4582
3622 5639
4869 38
4777 1679
6782 1064
1583 3360
2697 6416
2826 5344
2314 1783
5465 2127
3127 1305
1679 1800
5558 70
1794 5067
5826 5519
6408 1679
5422 4581
3152 2782
5164 3193
6433 3627
75 6691
576 6127
5714 409
4338 5356
2881 157
4709 1679
5299 4770
1679 5442
1679 1443
5497 334
5581 3329
5701 1694
4320 4163
433 3344
2840 3257
2873 6615
1679 759
5945 4395
2111 1527
3197 339
5134 980
1962 1774
2858 398
6853 1412
6590 4139
1331 5776
2142 3844
6325 4716
4701 6255
2044 109
2250 1255
6717 5937
4589 1679
3261 3326
2077 4768
6196 1679
3802 2450
5020 373
3496 5562
3226 3734
5596 5317
3972 2611
6817 4466
1503 2995
6821 225
4150 5325
5787 1679
2423 1004
4075 1050
1679 2157
1679 2810
4458 2948
1679 2585
1017 1679
6140 3216
1679 3978
934 1073
3181 1551
582 6212
6510 3123
6309 488
1679 6741
5770 1534
6014 4045
5273 204
4911 6010
2339 5491
749 3798
4651 6114
6896 3529
6358 4999
59 3031
539 4959
2754 4556
6276 4528
4436 4902
1679 4432
1407 2579
5557 4165
1919 3541
6004 6561
2062 1042
4264 3485
741 178
2811 6395
352 5249
4653 4751
6109 1261
3303 5449
4638 4435
2963 982
5296 2408
2872 3950
6697 1679
3818 6098
2475 5129
2040 2914
6182 4185
4259 1485
2792 4482
2820 5136
6466 2315
6905 425
3090 933
5208 2094
6185 6431
2086 4070
4381 64
1659 240
6293 5267
5368 3290
1522 4335
3186 1181
1679 6867
4779 2748
3755 3005
5800 305
5420 44
4579 5128
1679 2234
2597 1865
6221 3208
6379 2137
1840 2333
6446 5016
1902 4788
2442 2755
4201 1679
3698 5305
4267 1368
6635 254
1679 1196
6354 58
4990 4107
3073 3367
1817 5425
4024 1679
5666 5567
2996 2391
4228 798
2926 4478
1847 4971
4099 2611
674 1679
3690 6222
1823 1306
814 3326
2639 5642
5782 3093
6014 4507
4615 1729
1305 515
6808 1046
2102 4389
1481 165
2038 6790
1679 3880
6108 5343
5279 1679
5280 1642
4045 4681
1127 4687
1679 3525
6739 2035
3332 1679
5581 5599
1679 6412
1834 4781
6399 445
6511 1679
5588 4722
362 4339
5490 3162
1672 4657
773 5045
1955 4907
1679 3528
5838 5894
4196 5584
2219 2906
4035 1679
2449 6417
251 959
4653 3407
5997 2666
3278 1679
6874 6289
4157 532
1679 3458
3551 131
1679 5615
5013 1760
5371 4136
2913 4573
2277 144
1023 3793
2445 2809
1383 5685
1836 961
2646 878
2994 6132
4040 3434
881 5521
6794 5458
988 5988
1992 3915
1716 2558
2925 753
1098 1731
5501 1679
243 1679
5559 3720
5843 1679
2461 2903
5839 2678
3875 1758
491 3594
4105 1679
6479 2342
4361 1679
6172 3315
4607 103
1679 1071
5352 888
4499 1520
6100 2398
4069 1679
5183 6142
1679 6316
6531 923
5382 1446
3851 2542
1570 1074
264 6229
3628 2060
6619 1227
5695 1679
6436 4883
3013 1451
4252 5446
4471 3837
4124 1679
4650 1827
3769 1730
3996 6534
5746 3859
2350 3832
6156 5104
5086 4042
5207 5471
3503 1760
6334 50
6584 3365
1779 1543
6102 4559
1679 690
455 5478
4835 6401
1679 671
1879 5373
3907 786
1241 920
1143 6887
1679 4831
1243 5892
5610 5706
4925 2457
825 5838
2793 5685
6702 6108
3828 3760
5591 6956
3308 5303
3341 1001
3162 5288
2983 4852
2796 1679
3843 661
5195 2902
5676 6129
1679 6714
5066 5698
1584 6132
3865 5268
562 6604
6242 6596
6902 1679
4400 3517
301 1679
2123 3561
2276 4601
3594 4741
1034 3954
768 6658
1560 4366
3056 3500
4312 3421
1871 5792
1114 1585
4858 931
2068 6516
667 4879
2163 1679
3005 3269
907 3013
6118 1943
5634 4050
2288 405
3082 5252
5323 4355
5262 5180
2662 4916
6507 2182
1680 3815
1458 5319
2121 6673
4129 1979
3681 5662
826 1679
1679 3866
607 4222
6213 5892
5006 4572
2413 6183
1288 5322
434 4740
3684 1459
1679 3752
1570 4610
3263 5967
4716 2013
3746 6806
2805 1649
1679 5683
4756 2257
2718 253
4287 1679
3376 247
3741 3242
4259 3126
3522 1679
1209 5626
2345 3183
816 1365
1679 4249
1722 6761
4493 905
1145 2745
4156 1714
1617 791
5595 1277
5428 1679
2034 2505
813 1894
3339 6620
3679 6438
6783 5573
6176 6264
594 817
6176 6786
6473 613
3502 4957
611 5752
3267 168
3584 363
5202 4792
6396 6189
3472 6352
611 652
2011 4221
2485 5717
2680 1621
245 5402
6167 1335
2089 2558
2864 5852
6950 3639
675 6798
3106 2205
4317 1096
2373 5653
203 1679
3962 5332
2212 4638
1949 1679
2908 4843
3702 1768
4275 4710
4016 5628
2894 2188
1679 1104
112 1679
3729 5939
6703 1267
1994 1679
950 991
581 1679
3972 2368
1703 2063
6345 3317
1167 2598
3320 1679
2685 821
3096 1679
1644 4282
5135 6330
3282 5129
6063 670
1576 3024
1580 5672
3937 4893
5966 2384
1735 1679
289 1900
3235 4792
1073 4907
5467 6732
1733 119
1134 1574
4845 5365
6621 2363
6145 4402
394 1386
1889 3699
5737 5939
6117 3499
3894 55
1679 3470
610 196
4039 1679
2973 2078
3772 2633
6843 239
5940 3849
1679 1864
1679 300
662 3765
736 5953
3896 6389
6488 1349
843 6650
3227 6443
1236 4221
1637 4344
6096 3019
5727 1161
2644 1508
3346 1785
3397 4786
1229 5884
4824 6411
6826 4601
156 2892
6235 2975
6049 4890
4122 1699
6448 2149
4407 5930
1208 2812
3373 2258
4644 2911
5000 2577
6721 2990
5920 2029
2647 6835
4705 3272
3683 765
234 4404
5560 4502
2257 6296
5203 3963
941 499
5125 2750
554 1018
6833 190
948 5530
4288 19
3192 125
3217 4806
2589 201
4188 6599
4932 3725
1679 6311
1627 73
1679 5629
1679 3559
27 4930
1750 3554
5696 839
6445 766
4739 1679
1679 979
1679 3697
2778 5484
1679 6278
1679 4580
1671 3166
1981 977
1820 352
2067 1183
3675 779
6080 3428
2014 3892
2283 6084
3092 877
4934 2607
318 2134
2666 3219
1679 4460
255 5092
4858 5861
2648 5749
6602 5053
6567 6578
4641 3231
3540 5184
1827 2474
2063 5618
3841 1376
2230 1702
1762 3086
2577 2539
3159 1402
5725 5634
5253 4181
4468 6139
1826 2915
1679 4827
3937 5723
5515 6317
3099 6402
4849 2946
266 5655
3427 109
309 2358
711 6070
2259 3789
2394 560
3439 3063
1412 2443
2690 409
293 6536
5003 2428
4981 76
2103 5773
1793 4135
5603 5278
3029 5157
6622 756
3683 5636
6645 3098
5343 4807
1679 639
1153 1679
4095 4020
4726 5272
4668 4170
2952 6492
5784 4193
5593 6769
5209 6156
2913 2573
584 1663
3421 3018
5372 4390
3988 4514
3327 3505
6065 1851
6432 5451
52 199
5164 6005
3009 2309
1679 2494
5788 5801
2872 4803
5272 5625
1181 1207
182 2083
2351 2397
1082 1379
4570 1679
6636 420
3600 3218
5829 4571
5143 4696
2817 4711
5953 3251
3965 4025
6166 1906
1466 1691
978 55
5368 5357
5362 3220
3319 6078
4860 6954
1679 2807
1795 6617
5428 1369
2001 5539
1679 5416
5968 6188
6227 5637
4241 3745
4990 6643
1679 6413
1501 2240
1679 5349
4214 2054
1309 2971
975 6607
