96 100
1 -1 1 -1 -1 1 -1 0 0 0 -1 -1 1 0 -1 0 0 -1 0 0 1 -1 0 0 0 0 1 0 1 0 0 0 1 -1 0 -1 1 -1 -1 0 0 1 0 -1 1 -1 1 1 -1 -1 -1 1 1 -1 1 0 0 0 1 -1 0 -1 -1 1 1 1 0 1 -1 0 0 -1 0 1 -1 0 0 0 0 0 -1 -1 -1 -1 1 -1 0 0 -1 -1 -1 1 0 1 0 0
2 24 25
1 84 85 -1
1 76 79 -1
2 16 17
2 10 11
1 5 6 0
2 90 91
2 18 19
1 77 85 -1
1 24 27 -1
1 40 49 -1
2 70 84
1 47 48 1
2 18 19
2 60 63
2 7 9
1 6 8 0
2 61 62
1 13 19 1
1 30 34 0
1 58 74 -1
2 55 56
2 50 51
2 74 75
1 84 85 -1
1 12 14 -1
1 89 94 0
1 32 33 -1
1 55 56 1
2 13 16
2 88 96
1 22 23 1
2 5 6
1 77 94 0
2 47 62
2 45 46
1 29 37 0
1 18 20 1
1 59 60 0
1 8 10 0
1 14 16 1
1 82 85 1
2 87 96
2 46 61
2 11 12
2 81 83
1 4 5 1
1 56 68 0
1 92 94 0
2 55 91
1 15 20 1
2 64 91
2 40 91
2 12 35
1 1 74 1
1 4 89 1
2 25 86
2 39 46
1 3 5 -1
2 31 81
1 37 83 -1
1 5 34 1
2 18 94
2 38 69
1 47 57 -1
1 1 6 0
1 1 38 0
2 55 60
2 16 79
1 19 32 0
2 46 67
1 14 20 0
2 15 49
1 71 84 0
1 63 80 1
2 44 64
1 51 77 -1
1 52 72 0
2 26 74
2 5 59
1 22 78 -1
2 15 26
1 5 74 0
1 32 34 -1
2 65 68
1 16 23 0
1 1 30 -1
1 6 74 1
2 62 70
1 35 81 0
2 8 85
1 21 47 0
1 49 75 1
1 6 69 1
2 49 87
2 39 67
2 17 82
1 20 77 1
2 19 83
1 38 65 -1
