592
475
361
843
198
176
9
315
80
52
469
25
504
338
74
612
69
56
381
555
426
675
822
345
170
12
521
132
695
171
505
616
772
191
13
246
167
814
78
529
136
307
555
261
414
238
111
572
3
399
754
402
689
301
550
709
537
200
166
379
56
292
62
697
265
100
95
32
597
243
645
481
188
401
144
95
86
130
522
630
605
164
259
306
232
717
239
408
521
76
690
553
248
348
659
36
193
194
224
339
560
242
562
355
112
694
171
67
275
471
545
402
462
320
83
398
65
173
208
698
105
94
321
593
802
310
235
521
664
407
979
21
47
203
592
793
77
160
168
57
42
488
298
514
745
24
158
10
39
407
861
721
224
262
115
737
291
269
24
910
723
489
386
731
280
178
207
117
478
180
278
182
485
114
10
823
359
877
492
115
188
196
35
417
83
357
595
143
147
685
194
296
70
253
122
354
294
65
135
922
326
94
180
117
232
188
530
20
12
166
540
38
720
281
223
318
189
91
519
71
100
328
253
228
28
439
45
158
55
381
492
109
867
451
315
491
219
324
819
27
79
114
262
131
230
567
308
523
674
105
106
476
543
143
362
714
825
378
14
588
465
157
102
557
280
71
64
953
444
194
341
397
104
4
462
442
171
43
57
868
428
123
113
164
507
381
438
341
30
539
514
485
214
731
494
285
492
52
179
796
312
465
136
919
76
31
527
242
582
455
390
194
813
148
426
689
331
564
10
152
104
509
773
59
510
299
601
409
84
667
26
208
732
127
290
706
948
44
280
255
576
214
171
190
792
362
617
439
298
371
582
339
252
884
592
7
138
30
427
976
220
21
173
119
295
168
150
449
165
447
292
290
361
631
631
730
571
44
472
355
561
447
534
200
60
260
32
309
271
342
176
128
63
430
722
237
408
110
33
57
491
573
423
34
139
54
209
60
414
228
45
226
16
555
949
415
209
99
217
526
62
469
22
762
271
520
169
78
853
46
10
476
254
391
917
353
5
45
629
95
246
339
348
577
545
459
26
588
399
224
28
213
36
650
588
389
82
60
180
46
639
61
362
138
351
420
89
757
902
17
802
62
462
47
231
892
219
526
580
300
38
361
680
62
358
667
704
434
177
31
325
249
36
188
322
164
45
288
409
204
413
46
745
8
439
175
441
320
374
99
803
433
267
165
67
105
45
731
55
668
444
177
381
936
408
80
258
428
682
532
8
478
141
279
213
445
377
133
356
185
26
315
889
205
97
289
248
426
106
570
67
76
35
534
778
731
344
32
773
114
265
524
452
192
373
318
179
721
358
184
199
157
242
418
85
419
373
476
357
10
168
387
597
73
453
497
90
919
345
619
73
648
155
0
123
431
234
95
20
373
55
394
370
399
492
395
31
46
493
443
220
552
1
420
455
157
103
569
443
296
524
6
698
674
48
327
389
95
471
144
535
674
163
62
654
325
324
273
852
881
26
5
27
302
488
380
57
567
116
204
112
52
477
755
254
176
97
212
350
694
620
498
128
10
87
119
579
755
347
719
162
196
112
456
502
726
819
378
403
210
313
18
27
73
172
232
164
400
947
285
12
862
7
213
219
511
122
51
556
250
457
533
785
234
276
720
81
618
156
577
475
604
108
14
8
497
124
47
9
786
683
82
356
389
31
40
678
549
506
734
639
260
794
405
125
87
189
276
293
551
538
326
524
484
408
240
72
121
273
309
527
279
60
373
368
72
458
140
136
138
629
63
643
298
73
141
499
666
349
631
13
272
237
170
111
398
223
491
454
332
231
481
591
793
503
252
215
348
141
492
451
5
527
170
98
584
374
239
330
264
599
613
84
516
26
237
265
468
144
428
541
424
376
448
162
507
309
396
273
524
62
327
354
146
769
142
436
224
234
741
69
225
275
437
556
732
90
625
15
40
20
118
491
462
445
277
572
38
38
799
220
195
209
586
648
375
404
543
130
98
642
3
191
127
35
194
458
89
319
19
282
301
103
19
663
314
227
499
38
382
593
370
406
279
587
173
76
36
157
472
381
218
214
706
683
110
33
255
547
565
432
19
769
125
187
124
266
290
451
117
238
248
1
10
443
59
226
44
512
336
765
245
62
157
230
264
198
293
450
130
501
334
406
554
29
120
198
258
500
168
182
50
244
100
193
397
885
524
761
37
360
266
347
409
238
265
271
286
225
362
240
673
86
622
93
447
466
76
391
343
168
506
409
380
224
321
62
505
728
71
457
115
312
85
164
423
575
46
89
645
276
501
17
177
126
387
200
244
184
708
407
79
250
316
279
0
161
163
621
258
324
418
406
247
177
115
407
921
208
239
871
501
148
618
449
88
221
469
286
362
112
117
605
203
546
585
28
218
501
419
310
235
153
414
240
247
636
519
46
597
829
480
110
641
231
484
542
517
426
337
104
57
156
349
197
479
906
487
760
405
216
58
411
332
161
41
913
86
202
155
391
315
571
28
347
105
681
85
695
159
53
411
836
283
207
670
348
168
465
555
756
230
675
15
322
277
511
860
394
536
25
686
586
389
520
656
364
275
277
563
169
240
857
259
567
213
142
38
276
94
11
366
264
497
380
145
187
6
140
108
169
169
759
303
286
335
359
627
87
6
129
246
125
259
843
100
644
710
771
34
645
150
262
102
218
164
204
156
123
58
270
58
400
380
366
491
19
257
185
308
82
769
244
483
386
119
112
248
100
540
823
369
182
338
620
877
845
547
578
559
610
567
216
446
53
165
756
57
682
624
305
550
387
790
262
232
428
455
535
54
156
850
138
377
629
9
425
42
188
24
790
167
622
86
354
151
23
614
49
703
572
198
0
259
449
89
677
547
118
520
205
777
106
824
498
375
419
470
658
589
152
79
512
176
383
281
520
120
7
12
72
212
427
393
321
328
526
68
233
634
92
494
20
43
172
290
539
79
495
199
290
63
301
498
20
105
544
624
482
401
409
673
333
832
169
550
340
414
766
314
6
114
576
306
585
834
42
27
371
497
308
403
456
49
94
74
254
484
599
351
278
60
576
114
283
830
365
436
476
888
612
53
6
563
478
490
65
718
280
180
502
826
406
386
476
74
39
204
234
367
49
271
222
173
743
42
41
146
607
928
70
97
128
218
165
19
73
619
805
195
353
127
564
188
56
803
474
156
59
353
217
359
328
518
543
101
80
392
664
157
503
366
492
632
240
188
719
249
447
238
468
367
141
490
100
377
401
216
368
17
503
155
48
87
494
569
868
183
354
515
47
156
423
449
41
745
844
33
541
788
259
18
245
743
404
198
646
341
472
206
40
39
312
8
223
372
325
247
152
745
316
31
525
111
761
139
86
520
973
116
404
583
323
303
635
189
131
684
25
382
108
270
111
10
237
377
18
352
223
127
192
170
803
58
42
138
552
436
209
132
186
473
213
446
462
12
276
37
188
946
281
324
590
367
172
120
105
150
269
379
496
114
615
183
524
120
260
679
297
331
557
587
511
4
11
196
495
723
495
338
9
7
111
301
603
19
726
628
367
1
268
34
69
265
538
543
103
1
591
195
337
0
740
328
200
67
482
191
320
425
157
25
357
477
199
533
726
551
388
273
236
453
60
602
663
707
619
110
397
591
269
207
259
498
229
105
75
743
17
588
124
104
198
577
508
328
62
871
341
386
85
335
451
64
694
353
560
126
122
294
527
360
258
604
856
500
498
369
817
660
654
407
30
104
749
269
50
117
363
579
591
510
148
230
3
460
16
571
63
406
278
399
778
354
9
579
685
641
229
656
24
666
235
756
41
240
513
220
404
68
143
317
36
691
678
44
442
888
626
152
290
732
393
478
94
576
107
349
342
638
392
470
122
9
478
291
151
809
690
508
78
828
220
86
483
480
216
205
186
642
366
607
637
161
327
364
104
67
606
899
308
472
269
19
688
15
13
300
123
196
322
718
954
521
51
513
591
719
184
272
533
648
362
34
464
298
0
113
777
66
688
353
379
40
43
274
153
243
169
386
7
243
279
316
129
490
484
250
353
590
557
500
319
180
751
449
294
620
43
686
690
673
419
145
370
132
255
126
35
8
16
645
26
182
842
321
137
53
150
57
279
577
155
174
212
566
897
193
64
535
475
141
608
408
562
153
438
80
106
203
356
307
368
38
572
451
252
290
486
107
690
151
823
214
488
519
355
255
141
478
18
638
558
430
49
267
506
451
362
74
603
290
120
127
731
207
88
542
596
559
45
62
643
275
1
500
101
76
273
380
300
111
184
112
334
143
829
503
919
189
9
521
139
531
322
627
7
62
284
740
411
899
286
130
294
47
383
492
136
414
685
151
708
823
468
687
169
712
396
69
90
76
323
463
632
53
143
580
819
647
790
81
365
617
87
277
458
501
238
369
49
638
527
69
79
498
686
535
587
139
5
201
192
306
205
59
68
242
567
564
420
177
751
96
557
469
70
392
462
56
779
147
638
113
470
668
600
237
113
42
531
327
749
246
472
360
155
644
628
789
192
188
557
678
3
554
254
343
746
277
399
54
176
406
345
483
575
66
57
107
116
25
210
428
573
471
110
496
64
452
161
577
84
426
270
230
820
389
15
172
53
446
189
476
40
169
294
29
178
780
22
184
135
377
197
729
4
540
301
310
266
37
29
238
61
567
643
515
26
218
491
57
132
658
739
340
467
147
237
652
484
496
258
591
212
268
659
317
198
369
563
745
422
514
371
650
383
369
190
36
206
525
238
442
37
58
193
632
199
179
822
427
104
112
169
370
279
320
293
147
162
489
63
635
192
180
934
43
454
803
8
365
487
48
254
73
0
641
11
657
56
153
79
151
358
504
198
263
870
789
35
75
384
244
180
68
321
36
103
71
295
12
283
815
375
282
269
421
190
583
154
354
366
282
13
559
315
78
46
561
332
748
592
835
410
437
128
142
56
145
175
129
447
291
126
374
97
454
366
508
26
284
543
101
338
282
768
308
873
117
235
44
697
712
66
484
477
249
601
249
267
179
496
12
224
112
585
516
367
85
541
15
308
312
590
381
304
51
231
10
646
189
320
330
282
808
67
378
81
94
549
88
108
210
491
6
479
188
212
702
482
121
336
101
164
105
145
213
689
144
463
158
446
82
28
425
192
30
486
52
332
357
367
105
257
235
458
146
595
164
114
495
288
44
148
237
171
595
871
104
501
12
817
210
655
320
154
698
395
61
314
548
340
252
85
371
296
399
128
334
312
493
188
106
645
408
326
238
29
16
470
73
77
506
167
386
90
179
597
465
290
99
305
362
65
835
10
835
624
26
11
488
40
225
232
305
684
104
254
383
739
584
12
2
726
17
583
479
209
223
551
578
425
427
478
643
787
61
399
434
231
265
215
265
461
478
248
327
499
155
186
498
645
100
265
200
579
621
159
733
834
393
460
424
468
495
562
61
746
250
628
470
398
454
848
245
492
534
208
491
156
445
182
108
645
630
390
391
581
616
172
660
489
387
176
60
269
659
214
61
473
103
164
316
358
105
155
258
484
809
395
128
433
73
281
162
412
8
407
710
176
365
694
270
147
269
643
133
137
442
404
137
229
133
408
34
11
269
397
26
176
9
410
366
648
71
561
451
72
649
387
631
143
440
358
411
293
223
560
42
609
229
185
253
383
203
263
442
294
114
158
268
52
13
724
215
569
815
269
347
347
296
307
270
41
111
30
38
432
243
487
173
386
692
76
287
561
247
88
55
265
151
568
98
355
204
373
140
707
160
661
225
146
677
216
470
34
71
505
0
138
354
137
23
143
436
210
330
119
195
670
193
443
660
128
10
538
770
102
661
695
603
685
152
790
363
481
747
571
492
123
288
284
97
35
362
15
174
230
303
86
525
125
486
422
422
406
444
467
453
119
88
205
368
447
274
6
644
841
130
137
547
568
637
895
480
48
143
85
289
654
230
417
266
43
571
842
314
115
46
226
59
225
21
322
286
42
523
626
215
224
924
179
338
786
135
752
193
119
141
376
255
342
531
288
742
560
76
240
440
615
459
334
51
71
325
544
76
667
80
269
144
482
128
320
635
116
31
418
35
689
228
213
196
693
463
100
106
265
395
425
162
13
334
3
210
51
18
240
623
44
126
621
161
503
258
170
372
221
260
421
22
64
324
453
445
479
295
440
285
101
204
235
717
54
182
860
825
81
590
233
4
752
638
659
407
700
324
305
440
558
158
219
196
773
354
369
568
219
892
401
252
96
669
606
23
423
209
489
668
298
115
507
306
74
837
90
234
901
610
73
24
299
631
403
483
233
344
68
651
353
251
369
82
150
199
568
261
357
59
176
59
24
88
303
22
518
418
245
3
37
366
817
648
367
86
178
375
331
7
381
357
830
407
1
99
0
51
92
395
994
306
105
48
70
114
375
374
145
497
521
425
14
440
38
455
49
208
114
416
504
557
543
500
462
828
46
76
259
260
640
746
604
222
669
556
9
817
15
90
246
116
5
787
436
699
667
166
314
44
20
778
88
771
344
484
262
359
169
16
425
357
510
51
628
454
563
22
452
9
530
544
231
203
272
132
466
305
227
295
881
274
279
425
209
51
84
342
144
641
140
190
22
76
97
230
313
171
594
303
304
339
255
630
382
668
550
843
173
321
476
523
368
291
351
189
61
703
110
356
436
130
277
119
543
392
177
201
73
599
259
95
229
539
181
59
94
313
233
848
809
211
574
211
416
511
381
194
354
377
240
349
394
221
377
407
164
163
392
277
209
11
841
446
239
78
549
352
173
362
630
175
144
279
217
363
256
126
707
14
98
112
384
185
576
439
924
650
142
290
38
354
181
681
650
51
445
24
247
55
288
363
565
33
862
92
393
424
132
492
53
212
180
685
526
185
518
655
469
695
265
47
500
235
350
893
263
447
141
647
465
777
318
133
461
75
646
2
32
329
805
379
264
149
392
183
382
234
399
423
257
181
224
372
532
141
786
102
408
478
367
492
370
66
542
334
214
433
163
361
558
49
821
167
285
136
297
337
918
68
173
477
393
33
440
600
526
281
73
160
24
794
666
80
791
192
775
0
344
9
473
168
390
485
205
42
367
201
270
379
12
66
455
313
111
473
71
232
104
788
385
433
83
843
161
342
51
135
371
247
15
355
316
474
668
3
274
247
221
64
328
514
311
639
102
269
645
147
242
766
330
651
207
733
13
76
153
444
695
554
286
878
104
316
21
472
699
230
70
92
359
707
351
54
127
525
131
184
789
515
615
88
861
118
471
563
259
427
9
600
281
235
180
270
21
211
843
147
409
976
6
476
440
367
317
39
23
406
556
68
491
634
350
423
477
125
210
116
149
381
264
220
461
45
156
6
855
371
598
48
202
688
173
536
278
495
361
231
7
507
762
236
698
77
80
452
465
89
1
109
187
33
0
19
630
637
185
169
80
39
234
16
64
8
76
648
67
505
259
417
579
220
216
422
140
138
213
674
125
257
905
954
731
572
416
88
580
861
670
424
618
311
505
56
413
661
6
39
794
34
783
39
924
285
479
336
139
533
432
119
63
281
876
9
62
39
572
332
742
494
659
553
472
866
290
3
405
743
113
36
274
602
507
492
240
24
592
508
47
177
795
115
264
225
165
449
335
316
470
99
5
126
902
652
101
549
500
78
330
375
199
122
7
29
636
42
488
473
100
56
221
708
303
121
354
387
414
473
400
81
687
156
52
674
131
184
352
103
216
810
288
310
409
440
373
473
62
49
620
916
104
119
266
247
706
717
129
13
36
250
302
231
350
703
77
373
858
379
88
201
739
448
238
443
2
112
217
11
391
43
161
96
596
187
450
604
8
660
546
294
181
337
441
275
338
301
387
149
140
256
305
339
71
67
392
458
336
683
8
561
193
272
146
507
222
202
622
27
226
238
208
328
462
161
128
455
460
155
114
305
266
86
125
86
235
29
508
4
628
153
238
885
542
7
737
114
233
204
233
618
27
240
665
120
263
124
25
217
41
374
736
517
210
565
523
310
154
530
242
165
223
463
29
542
148
486
810
337
48
339
683
176
161
10
65
211
846
194
145
210
210
361
204
160
496
110
131
261
440
131
15
22
239
598
304
475
954
422
824
302
41
376
517
36
26
612
672
428
134
844
126
911
513
547
121
98
75
515
187
471
623
250
324
258
145
164
11
421
28
319
5
352
202
523
404
533
456
441
107
162
369
343
275
501
192
638
225
209
404
489
789
302
544
43
158
548
34
157
15
6
68
201
336
506
200
307
193
252
158
239
32
221
568
641
58
127
134
258
417
442
504
737
670
327
531
326
458
63
101
512
90
299
474
168
462
129
127
286
829
304
223
10
569
142
600
374
248
162
682
265
651
505
664
156
141
270
240
338
455
368
717
467
788
322
657
56
347
662
563
580
220
265
232
286
214
290
625
507
402
270
223
72
247
23
147
580
320
256
492
399
440
543
925
888
284
523
763
403
216
343
188
288
125
390
510
431
187
24
47
264
628
117
196
327
212
712
389
227
23
0
151
255
110
40
253
277
330
786
382
234
210
250
106
579
16
678
126
149
410
135
519
799
632
564
295
356
908
315
438
677
180
316
354
15
138
663
1
428
51
241
289
99
2
139
148
114
176
56
182
263
477
595
282
438
371
185
304
9
50
75
641
266
359
149
96
485
130
825
306
548
273
290
421
134
730
374
581
86
25
384
229
270
129
434
30
155
231
336
130
187
322
645
733
190
592
447
409
95
412
464
595
184
724
468
421
455
86
159
437
351
175
591
382
600
41
127
161
118
442
776
774
847
25
240
508
952
50
46
208
295
528
276
444
195
318
249
93
4
333
624
51
66
232
291
430
29
355
800
552
623
338
623
261
30
561
300
109
25
585
539
231
7
216
610
130
173
101
494
264
209
1
698
616
23
376
468
156
310
425
173
919
268
491
533
372
306
395
265
165
364
310
314
345
436
152
348
733
10
49
154
530
397
187
136
408
428
323
160
15
40
376
328
105
57
137
213
70
553
280
134
112
83
307
75
492
63
39
339
691
538
355
621
358
121
716
627
72
729
166
87
151
232
300
311
139
306
241
424
186
927
75
266
218
649
549
853
339
322
588
150
807
361
76
843
2
701
75
256
535
78
99
282
145
652
729
34
916
120
112
73
443
180
134
297
481
287
332
65
214
310
577
513
436
53
444
580
782
521
760
16
160
192
240
604
439
83
382
310
214
363
477
292
504
192
565
80
114
198
44
695
484
212
415
503
583
141
562
130
198
143
478
84
542
261
686
666
449
826
781
161
529
924
301
615
142
448
189
502
60
311
370
383
397
273
301
268
463
318
145
36
333
254
219
452
291
229
919
669
94
272
110
193
948
496
693
523
252
511
691
871
246
134
76
156
116
922
96
299
214
542
579
145
473
46
146
194
436
70
139
286
542
48
112
692
109
519
195
20
379
226
432
25
362
555
870
648
548
615
33
425
58
66
683
294
806
228
286
716
74
134
368
625
610
91
362
282
371
324
384
204
537
239
359
49
4
794
550
553
62
206
97
13
293
74
137
508
590
287
201
179
169
94
684
332
120
307
387
68
290
410
146
88
634
161
31
478
127
196
501
300
61
384
43
143
188
329
471
475
926
10
707
403
311
17
93
23
218
396
27
682
831
500
370
448
480
382
351
392
112
252
177
827
371
647
190
630
669
85
527
20
280
136
209
24
36
225
200
120
129
183
715
376
612
510
436
316
447
283
605
63
522
412
53
209
123
699
760
210
227
17
648
78
133
415
135
642
15
100
401
10
398
5
66
74
749
307
444
560
1
84
25
469
44
529
625
15
133
504
29
206
962
315
309
165
355
579
834
444
870
544
234
109
5
422
819
603
537
374
148
300
358
469
63
775
114
907
144
160
598
162
474
702
796
101
93
512
158
84
171
328
251
132
141
312
375
264
912
48
364
115
337
65
60
364
186
466
482
271
87
160
253
45
509
270
25
446
50
405
292
369
446
446
571
169
509
391
440
642
109
327
54
38
443
807
8
175
594
54
67
173
133
669
787
37
76
597
51
209
387
51
345
323
161
156
108
72
336
718
326
719
322
291
136
292
321
867
414
88
496
138
346
863
66
134
868
158
248
35
552
199
42
62
66
151
254
356
444
197
53
11
107
228
708
28
467
296
296
147
358
384
16
322
243
781
247
37
693
630
14
366
145
502
367
647
946
976
264
476
569
301
43
369
159
280
350
585
30
79
98
245
295
671
931
222
293
367
541
150
65
362
24
597
381
457
122
80
28
301
619
196
388
320
26
225
489
41
839
513
188
24
593
177
41
354
364
5
707
467
41
153
486
327
245
177
28
73
584
151
761
560
323
26
898
83
127
3
358
72
44
48
445
256
192
52
354
385
84
89
169
894
210
24
382
181
217
70
185
137
451
874
463
437
394
386
231
184
32
368
45
196
917
724
359
814
219
59
29
846
639
760
115
521
317
53
238
740
216
532
609
90
197
601
673
294
182
765
645
489
666
302
459
177
186
487
115
135
438
375
130
715
67
131
79
270
202
349
44
904
846
594
612
244
541
384
437
256
7
724
568
39
61
434
279
346
346
61
12
565
534
104
26
217
480
938
52
171
217
444
347
273
236
76
396
679
250
748
719
214
71
241
462
342
629
405
913
51
40
336
567
212
354
26
82
120
495
277
470
705
580
10
622
404
45
454
245
416
352
113
529
431
274
405
856
725
90
315
678
490
554
61
266
40
177
165
511
46
45
120
276
18
224
313
281
428
649
312
581
218
333
31
580
280
754
686
150
316
624
402
596
52
382
292
376
55
170
153
369
645
226
964
179
300
540
560
97
681
202
120
155
75
44
796
540
506
49
101
163
41
424
433
327
73
39
178
43
811
206
114
288
175
462
497
617
101
750
434
430
17
52
801
105
62
447
107
224
138
729
292
566
41
442
843
84
47
128
852
48
842
556
579
709
529
596
326
416
405
657
275
465
53
550
852
102
713
675
676
169
276
212
7
526
280
174
15
467
942
431
11
162
215
499
535
319
321
5
2
436
55
236
31
528
360
380
533
404
811
253
829
509
227
389
693
359
156
48
595
204
387
206
266
329
16
242
430
489
10
54
74
18
360
11
268
261
215
894
367
539
657
278
245
376
198
6
559
47
49
438
55
18
373
359
456
56
229
324
136
492
310
256
447
301
168
476
317
166
25
321
243
779
38
108
558
200
2
211
10
881
626
144
392
438
14
378
245
484
21
142
147
253
397
135
149
524
348
68
253
104
423
275
510
30
829
237
94
331
199
864
691
10
100
0
263
141
141
414
92
135
64
37
525
342
460
652
518
79
168
361
475
84
205
191
508
677
358
247
762
155
338
114
915
622
97
38
454
239
532
171
296
262
194
43
473
212
680
207
622
749
135
792
206
99
329
103
469
290
290
575
94
779
232
319
549
122
463
168
398
118
278
251
147
119
192
655
420
485
125
288
606
116
194
374
385
106
147
244
40
114
454
783
158
176
639
450
20
589
110
47
92
63
241
591
812
328
114
499
879
637
465
1
787
718
225
608
446
175
77
524
687
521
445
583
684
592
764
214
299
458
828
642
236
25
373
651
529
42
185
105
835
680
333
9
6
361
138
300
178
56
295
202
8
169
259
62
279
450
475
197
141
125
357
138
615
558
674
645
79
53
500
332
555
549
224
549
396
383
238
64
156
496
122
571
634
44
460
37
702
109
298
33
142
572
126
315
466
816
326
29
8
463
742
552
19
156
220
325
119
176
245
399
87
340
335
144
585
404
306
741
58
483
598
257
112
491
723
417
280
40
642
504
869
667
886
636
295
60
124
249
22
68
233
208
461
4
49
30
268
143
275
887
339
318
112
685
4
466
221
213
160
57
48
196
125
409
812
674
192
429
86
898
231
668
75
866
462
566
69
607
414
350
138
216
525
81
872
403
22
163
18
164
134
263
380
43
685
857
427
754
73
528
40
642
19
785
483
380
155
376
2
215
90
64
464
275
86
193
381
39
489
715
316
198
4
463
820
156
165
493
295
129
474
142
628
31
156
394
196
246
137
357
154
729
351
75
308
342
540
379
452
412
279
43
370
247
6
163
637
46
240
623
323
252
599
221
566
635
299
483
725
465
312
475
190
476
551
1
459
245
366
867
389
565
3
875
564
682
58
537
506
38
108
816
210
344
178
275
727
521
23
188
626
371
303
27
393
304
431
674
413
138
488
853
675
340
159
271
317
10
730
400
6
157
101
246
920
800
139
860
157
309
757
268
519
89
575
425
543
611
29
509
312
838
34
643
179
418
319
34
296
584
535
704
37
671
636
134
222
350
931
385
256
275
281
568
147
12
341
359
157
573
319
645
301
507
713
87
481
342
725
256
628
20
894
115
518
607
31
228
202
508
31
371
435
130
104
391
485
273
167
378
821
736
410
278
439
133
70
136
41
150
534
337
62
190
626
105
853
338
150
6
263
165
40
137
353
297
109
287
188
311
924
1
251
161
53
659
470
160
779
117
27
350
879
297
212
719
87
217
657
55
21
243
394
609
78
106
348
798
643
736
201
535
9
114
257
849
464
43
548
285
664
545
18
540
156
621
522
582
740
394
336
493
328
376
476
209
20
299
598
15
126
608
528
230
192
116
359
377
141
285
277
679
367
291
209
28
725
482
295
365
25
747
387
688
78
377
464
72
143
85
222
190
140
246
579
565
223
421
160
35
23
956
128
949
370
52
710
385
8
254
255
799
23
441
340
849
289
736
591
485
483
323
778
566
357
176
382
404
599
758
21
189
749
105
2
900
295
728
453
89
516
202
581
511
439
189
82
349
240
75
76
183
29
191
326
459
271
11
393
199
137
273
51
344
458
360
203
236
353
595
114
11
73
131
51
95
195
172
355
404
385
59
531
849
281
295
36
107
222
369
262
9
131
626
106
75
13
281
866
433
581
978
104
103
124
493
173
192
285
279
300
213
200
514
362
197
82
144
324
344
594
178
349
254
756
83
164
495
27
717
435
281
961
718
641
82
741
72
188
116
145
210
343
689
226
555
397
46
491
344
128
538
715
245
291
442
261
352
516
302
334
12
563
499
428
208
779
424
604
217
164
113
175
60
122
10
808
576
853
97
297
309
94
117
203
54
188
238
226
267
204
279
486
119
299
64
49
132
761
114
437
97
181
525
366
201
547
85
452
78
80
75
444
285
330
706
254
740
429
296
420
442
967
84
526
181
434
701
674
639
403
744
76
21
429
271
437
419
886
636
604
394
252
686
347
256
181
560
573
330
506
205
626
316
647
205
100
53
560
117
609
589
118
6
62
589
45
74
206
121
260
526
61
535
780
824
60
7
685
910
359
196
752
55
34
218
151
34
178
593
132
730
144
0
487
293
242
922
15
419
49
444
481
366
47
623
156
135
70
190
466
606
584
741
542
240
78
1
45
729
589
581
154
81
805
645
158
159
417
266
919
66
298
700
740
129
426
490
264
106
269
14
662
42
369
35
794
276
452
456
55
624
203
735
460
10
371
85
78
88
553
296
160
552
607
693
61
529
191
37
171
554
591
576
464
447
217
105
868
479
531
212
6
338
705
313
402
7
754
402
98
143
339
670
101
148
157
432
296
484
395
77
124
837
329
33
867
520
568
37
868
261
403
247
332
106
193
205
231
840
785
266
33
137
638
134
97
274
95
541
364
471
137
438
938
807
113
370
523
36
12
86
586
14
40
662
828
281
146
263
325
75
408
629
978
675
450
16
390
352
136
88
728
6
25
112
143
92
590
59
155
671
493
298
14
27
530
326
448
390
807
118
182
843
92
281
485
644
136
729
226
233
371
32
115
63
59
204
622
15
188
10
643
77
317
429
181
40
466
338
589
135
520
710
499
466
116
365
273
22
745
198
708
447
84
125
152
361
737
6
230
252
396
154
221
188
272
232
210
516
253
228
27
125
220
209
296
364
949
73
79
328
701
95
263
354
458
867
508
507
120
398
104
410
56
57
121
371
125
528
200
100
830
215
195
7
312
211
319
292
252
84
303
326
3
287
621
700
241
162
204
223
536
153
402
28
444
113
151
479
721
205
553
378
111
40
780
94
153
490
44
350
11
145
154
286
40
516
594
675
431
685
412
554
610
735
418
401
131
239
276
57
412
129
438
401
270
507
545
267
154
78
117
758
607
341
160
481
444
174
645
933
386
75
104
491
70
449
36
105
335
108
509
116
659
337
426
357
130
21
631
260
247
601
858
197
68
1
296
195
886
405
369
8
301
579
595
638
122
236
478
414
163
327
207
445
99
238
707
905
708
552
845
74
613
436
34
249
515
200
343
57
7
164
84
98
65
0
62
540
959
550
423
597
219
330
719
742
141
329
539
583
51
103
311
522
659
157
205
220
286
355
374
414
456
359
477
680
98
344
53
778
849
236
591
197
142
331
569
965
115
332
113
340
12
529
32
233
828
226
696
624
283
53
425
117
634
253
45
116
225
214
164
58
706
861
477
117
942
244
148
152
57
793
432
253
3
69
922
143
171
655
691
401
274
705
345
219
292
340
76
473
542
103
608
309
631
351
476
315
669
762
384
736
621
378
885
828
198
80
58
99
5
144
72
449
237
243
616
161
320
360
199
372
183
205
263
440
342
111
408
342
678
611
348
199
343
157
234
373
550
846
116
759
269
578
346
92
1
66
76
348
42
167
472
555
175
128
385
228
437
530
328
896
703
719
317
358
474
44
19
211
827
338
672
441
713
538
86
459
456
310
41
2
248
438
338
924
426
32
199
19
158
387
262
593
383
393
56
38
208
175
67
99
100
634
301
708
182
64
448
367
356
43
261
259
225
188
133
64
358
271
487
671
637
778
318
237
213
166
299
97
639
167
695
470
647
509
147
751
200
215
438
817
240
301
618
40
230
187
383
178
45
694
9
563
100
200
403
287
862
201
364
158
712
383
263
487
16
178
376
229
696
309
240
168
454
215
726
556
103
285
245
69
743
79
789
357
331
48
418
12
575
837
841
79
503
575
127
37
122
53
287
153
776
35
529
140
820
228
93
526
519
1
268
129
582
335
29
327
7
78
16
591
339
294
781
395
69
832
772
76
716
87
429
74
462
56
754
416
270
121
262
341
75
163
533
2
268
663
122
816
347
164
309
375
205
332
413
72
582
111
641
652
712
20
728
231
723
358
412
408
266
611
746
225
112
195
34
601
427
35
282
24
86
177
36
400
256
309
458
307
157
378
128
259
444
423
266
644
832
812
29
376
629
281
857
566
531
92
120
638
118
92
138
70
12
460
16
689
163
216
49
663
193
174
558
571
32
543
410
912
17
623
284
192
175
256
417
51
150
520
137
674
117
269
261
391
518
611
479
180
573
99
465
318
297
366
60
376
34
451
65
683
194
14
135
276
55
531
564
132
310
887
145
289
340
17
209
141
417
586
258
609
374
419
258
522
314
604
590
214
384
22
184
400
42
610
129
348
10
765
431
611
388
581
249
183
89
88
193
230
178
377
361
890
570
243
414
51
344
381
272
540
97
377
226
713
128
182
41
588
127
858
206
333
168
334
313
326
28
602
249
240
198
346
843
110
397
39
65
182
140
0
276
107
527
144
530
426
823
136
233
240
325
107
449
194
70
185
741
566
758
20
252
120
37
625
399
509
353
632
62
430
272
536
390
101
17
57
257
332
486
56
462
292
582
140
212
259
754
250
65
929
538
719
85
159
18
495
398
133
155
308
78
422
423
341
356
419
160
241
178
464
659
121
150
39
422
87
88
277
654
870
181
73
36
366
564
138
704
433
590
392
541
143
46
95
612
844
356
539
235
63
45
559
470
296
231
620
313
164
71
178
377
431
8
264
569
156
66
577
312
390
13
130
93
401
437
84
724
733
499
665
837
267
465
116
464
719
510
532
243
729
573
402
283
510
509
80
84
320
86
499
72
841
133
476
442
268
112
475
323
323
307
31
581
319
512
460
652
320
201
133
46
588
374
244
894
341
478
337
276
155
302
590
188
48
362
647
255
888
644
214
266
812
711
92
312
329
546
624
126
52
247
320
374
186
6
5
8
137
290
839
771
320
9
294
176
167
266
474
348
439
522
328
633
9
51
419
358
13
683
83
351
894
515
122
386
338
557
487
434
181
653
230
33
354
68
224
675
610
102
352
728
360
666
473
518
258
518
159
429
165
63
178
764
538
212
242
83
500
782
20
706
15
666
882
146
262
198
685
235
135
537
205
643
704
696
244
102
257
331
505
95
783
815
77
318
63
237
660
224
31
2
396
291
138
131
339
86
793
302
186
694
540
515
433
92
639
97
159
317
337
47
518
446
852
363
15
350
206
3
19
635
261
673
9
135
429
138
908
263
34
606
270
774
788
485
314
576
63
43
758
80
431
433
728
177
109
658
643
512
377
611
372
451
564
91
235
613
133
445
221
539
330
34
104
55
8
222
127
434
648
363
138
35
112
3
302
343
213
439
495
81
817
104
620
435
687
194
84
26
891
367
364
152
231
786
189
506
247
272
73
482
426
109
34
646
272
153
334
140
725
125
576
671
106
505
149
47
619
528
188
808
158
135
259
653
42
653
32
377
18
683
31
370
377
151
685
88
503
496
182
137
360
212
128
767
249
173
46
694
502
793
681
247
883
167
184
101
103
322
175
431
389
515
363
471
24
72
565
97
373
467
55
490
942
39
566
663
205
59
120
670
488
400
43
208
716
215
527
713
701
19
25
767
300
333
288
208
361
272
102
1
177
663
313
174
899
131
159
347
278
128
123
490
347
537
273
56
400
9
407
684
321
295
17
316
471
608
282
106
287
155
366
423
559
116
507
4
342
392
327
434
52
544
410
460
115
20
430
132
113
188
407
817
22
83
693
589
357
140
160
561
557
160
188
424
485
619
420
619
726
411
295
217
383
249
561
315
766
878
435
283
519
197
197
901
182
24
570
248
497
296
344
146
146
259
132
606
585
314
360
141
572
521
198
365
64
94
276
886
487
353
766
571
351
646
385
326
52
385
96
6
456
807
94
23
609
394
490
473
287
630
652
788
254
500
55
159
460
330
682
22
74
440
694
172
101
276
550
628
210
122
425
68
332
381
173
656
191
483
89
479
243
471
760
455
92
33
322
675
233
686
174
350
343
628
169
556
364
47
167
638
401
278
493
20
101
157
79
897
297
68
276
115
135
266
566
748
800
523
174
209
100
563
353
575
229
147
150
711
145
403
171
498
20
444
188
6
973
277
38
58
152
124
24
90
106
521
27
737
1
139
62
778
75
1
250
909
334
937
505
741
561
546
799
461
91
774
519
331
291
69
286
82
707
332
30
214
281
573
411
737
142
70
14
337
448
146
509
322
69
278
383
702
399
75
702
398
71
145
672
125
373
653
68
382
644
267
25
710
175
592
66
71
386
314
188
355
524
134
207
16
187
667
81
382
168
208
279
12
707
175
112
385
637
716
693
375
146
27
8
544
141
241
368
246
43
492
57
708
156
260
296
848
259
458
394
203
303
198
743
302
434
19
838
315
306
301
400
327
369
283
809
83
70
91
66
61
557
550
226
69
755
201
446
38
667
650
103
243
172
280
322
210
276
4
597
413
125
825
14
446
328
772
381
669
488
116
129
449
295
197
774
83
408
28
80
308
635
786
326
368
205
506
176
445
23
154
617
219
556
187
224
297
273
334
347
519
304
226
165
316
82
235
500
304
55
107
154
431
861
262
511
719
387
418
528
118
659
353
535
312
336
154
209
585
294
258
182
55
189
550
595
307
204
327
224
294
686
22
373
246
48
383
608
395
248
80
27
372
184
226
244
523
226
159
205
452
595
649
388
103
183
659
40
742
277
193
302
66
123
760
191
113
23
598
643
287
16
186
309
112
221
159
88
36
643
847
274
4
21
479
376
161
258
761
689
382
130
485
139
304
686
174
393
325
486
726
422
184
15
460
565
292
728
164
209
282
225
347
46
140
375
153
283
163
547
219
252
19
464
765
385
457
208
131
800
373
197
317
531
371
327
64
509
190
6
483
411
107
304
9
232
408
393
186
595
404
314
119
170
523
113
535
272
419
578
199
336
74
512
500
571
588
248
791
297
499
201
120
189
734
343
391
93
512
327
149
52
388
825
359
546
128
809
44
260
614
771
248
345
162
142
245
289
482
237
395
819
97
278
555
574
720
698
127
36
370
237
746
215
351
430
5
41
229
236
540
93
46
923
241
52
328
564
327
123
683
224
44
220
100
301
80
222
103
104
582
334
155
338
271
8
602
586
56
861
398
293
381
101
239
31
474
658
85
170
655
200
253
3
465
408
683
179
194
511
725
555
763
859
397
84
411
385
657
743
241
143
788
233
735
645
235
218
569
783
199
323
578
271
145
123
345
324
40
714
86
775
541
616
335
370
556
138
281
120
228
823
207
391
501
402
49
567
369
136
385
421
243
65
224
157
226
167
534
139
223
260
579
159
426
210
425
89
291
760
497
112
145
22
542
352
750
581
201
282
36
96
231
239
80
86
157
792
810
115
222
120
219
674
813
712
171
644
302
368
467
685
326
328
126
419
172
130
11
119
29
34
504
467
667
752
180
367
85
59
401
404
188
137
65
406
480
30
725
150
158
6
31
413
255
42
628
379
451
129
207
370
73
503
160
191
666
622
305
675
341
532
336
715
305
367
238
250
499
20
143
201
93
259
153
44
782
62
823
193
471
474
659
199
73
19
398
616
68
83
881
343
108
857
297
505
468
424
174
604
210
723
654
544
158
422
741
615
846
326
253
128
37
634
92
229
451
813
311
10
224
138
228
586
185
510
592
416
264
239
83
312
630
642
272
189
253
142
510
436
314
42
54
232
657
204
406
558
485
816
146
854
139
340
197
50
551
19
297
189
625
38
194
261
377
370
721
74
165
644
169
246
102
349
345
116
32
468
380
17
316
536
456
188
272
100
145
107
47
141
798
210
563
38
397
882
107
265
675
729
181
34
273
128
378
40
382
220
142
10
707
615
567
718
257
329
266
131
385
85
100
580
326
48
492
638
347
603
441
665
119
657
495
45
512
124
398
536
155
599
613
191
99
213
266
628
213
655
118
126
857
786
134
149
176
178
98
119
774
349
42
274
345
465
617
186
493
779
641
345
223
336
704
700
731
420
466
964
41
531
687
646
352
227
583
727
499
119
123
344
768
123
667
426
536
605
471
148
357
340
13
15
733
292
295
492
294
158
378
35
91
173
28
714
566
232
15
44
165
116
573
95
257
134
546
272
127
685
336
157
610
442
252
763
213
62
147
90
705
234
299
60
215
463
5
89
124
5
754
943
86
405
605
260
538
291
7
958
115
234
538
544
545
708
8
89
203
288
28
418
33
814
230
284
470
271
168
672
220
260
140
376
225
361
434
705
144
155
382
885
151
174
891
399
915
976
197
111
504
492
759
830
23
426
340
676
130
833
336
441
677
269
295
105
88
95
191
629
687
380
532
308
190
63
831
514
50
369
300
528
418
506
163
69
20
122
100
210
478
18
489
144
160
806
320
449
805
350
578
272
238
448
335
186
430
370
76
469
130
430
31
611
99
334
6
614
467
645
163
343
71
34
145
250
218
923
385
58
584
14
442
252
659
58
690
467
478
107
26
627
75
219
187
919
889
81
809
318
470
157
293
24
375
96
207
294
685
717
508
24
348
137
360
104
277
965
306
165
245
145
34
336
197
53
33
87
80
52
613
537
355
99
456
642
439
605
235
291
326
536
589
490
348
261
115
12
528
353
294
407
184
775
25
627
200
176
101
621
443
736
156
71
643
637
55
293
16
88
52
152
13
264
334
232
453
69
493
87
229
286
769
721
47
13
377
271
267
476
339
152
716
348
374
453
482
197
54
491
73
143
766
334
240
472
294
930
901
352
575
203
47
386
248
8
325
897
62
444
228
165
275
458
575
341
900
477
257
208
104
92
377
483
38
87
195
177
306
96
496
398
260
450
102
566
605
137
296
352
164
184
81
69
182
396
319
644
746
634
33
287
369
128
12
92
737
96
140
287
176
170
314
175
42
155
181
473
45
133
76
213
701
423
456
318
85
696
76
193
336
154
190
334
131
7
388
59
563
60
596
382
453
69
496
509
583
127
259
364
236
473
733
175
13
472
533
432
712
138
633
89
218
298
70
38
335
108
76
18
7
593
701
471
69
744
197
132
120
118
70
476
147
367
600
507
366
711
501
54
661
783
214
592
111
144
23
622
204
401
65
114
549
131
455
175
157
283
451
266
301
260
406
181
334
72
745
196
179
267
291
552
273
540
371
336
66
447
59
10
130
273
579
2
626
559
337
193
436
215
82
143
186
403
554
682
79
405
743
495
329
33
183
206
374
409
22
9
434
38
22
105
371
18
683
485
57
22
70
88
463
96
24
578
262
311
487
326
159
907
880
204
261
634
204
72
280
76
371
244
92
244
433
855
228
11
81
206
316
191
161
476
287
249
31
453
220
890
67
21
168
122
18
642
407
331
554
78
234
330
151
34
213
221
150
317
698
226
802
31
321
63
497
243
899
98
620
212
198
110
145
104
150
7
3
660
155
248
289
94
748
470
652
43
9
156
411
238
83
281
632
585
354
389
361
615
114
310
127
310
227
79
834
889
231
672
109
463
347
139
562
386
42
498
396
511
514
90
876
119
947
556
594
303
639
239
134
232
351
420
127
469
24
422
81
22
696
445
281
570
377
137
116
305
437
756
277
207
143
213
92
254
598
713
178
72
450
310
908
170
96
779
785
519
457
6
437
357
346
100
120
12
187
598
134
23
8
703
172
253
373
133
357
781
554
123
573
172
245
128
16
570
72
519
665
542
742
168
635
585
106
315
69
465
302
120
184
526
3
77
215
368
392
854
14
26
634
34
626
392
303
51
526
325
67
145
577
303
126
323
681
603
374
626
291
442
328
8
249
314
147
635
424
718
519
684
629
221
91
348
580
731
228
950
105
561
322
47
508
373
294
394
417
77
71
628
94
482
303
599
305
397
229
20
45
590
24
127
792
113
99
603
98
773
39
429
90
344
175
700
254
98
8
162
186
47
250
68
311
725
584
562
359
119
102
200
265
97
115
550
451
578
155
268
218
211
98
596
181
586
264
174
392
379
49
45
29
750
392
52
76
15
962
283
304
204
281
374
116
15
344
77
42
123
500
635
845
282
112
108
141
515
526
89
668
963
51
19
681
424
628
129
90
149
328
317
532
616
208
312
437
48
3
207
486
143
107
634
646
537
353
7
30
433
244
898
877
300
674
194
219
91
327
150
297
254
362
60
673
615
70
653
276
176
129
218
621
72
344
286
715
192
759
122
446
13
150
16
534
638
218
538
42
372
244
314
385
638
73
17
292
25
56
11
279
605
358
421
60
664
237
612
239
183
232
246
252
608
299
89
254
259
467
195
290
205
85
536
305
630
42
287
623
305
140
251
192
694
245
774
634
199
445
167
418
41
554
279
672
193
369
457
299
49
203
7
729
415
102
683
321
415
636
24
584
580
335
327
545
256
684
362
290
389
474
212
455
134
275
174
151
334
47
776
439
246
188
70
156
634
349
343
655
829
297
202
252
572
102
225
500
833
939
513
202
295
399
535
662
35
451
273
429
587
113
135
515
501
308
266
299
400
52
22
519
312
622
152
16
65
95
538
20
20
51
114
11
551
608
242
47
412
213
948
187
486
241
102
253
340
128
169
128
87
526
479
427
208
500
41
452
196
556
125
708
197
739
649
28
209
8
217
411
489
90
201
648
51
597
879
501
783
234
669
150
382
123
369
376
84
240
927
365
484
545
353
318
89
828
146
829
263
110
487
158
471
227
192
97
140
576
271
332
504
46
35
314
140
794
41
682
548
544
361
2
815
34
201
219
236
713
788
182
408
21
485
522
259
289
436
190
411
400
769
927
509
419
691
593
118
286
691
730
36
9
130
349
380
745
503
23
81
311
198
206
420
69
640
794
30
51
69
494
34
514
60
260
8
471
565
564
387
560
447
125
65
101
346
288
765
296
79
449
111
231
173
200
432
44
214
98
79
541
271
598
65
694
343
121
547
575
483
561
26
272
656
646
399
166
388
913
512
305
533
250
212
529
218
186
230
168
158
38
37
123
171
927
391
473
229
736
507
725
499
225
554
575
104
145
449
188
598
386
380
350
449
273
69
448
598
16
353
364
219
532
488
121
138
220
60
226
107
99
47
407
737
292
411
392
560
42
175
0
133
69
769
515
336
184
