10426
12687
21338
7422
9849
1395
3956
267
4728
2181
11968
2181
235
14864
3398
3711
11821
2510
7710
10886
11370
7234
2626
12816
12648
3412
4853
14060
8898
9069
4892
2932
1485
13695
12587
1059
9702
1164
8272
16994
1061
3079
7
7244
2959
19416
6928
7876
6275
312
3123
6665
2388
21198
4763
9434
1053
5528
11063
6799
19654
3318
9666
3408
113
3994
17477
1747
5739
7792
14726
7083
4099
7450
3794
659
4315
5464
4215
5843
791
2421
12176
2675
12971
3074
12027
14006
2231
9611
6337
2755
18138
20893
11491
2425
1323
20840
3512
8513
992
6524
5141
16380
8308
3160
2324
1664
15843
21949
9550
8261
2763
5071
1824
6492
2267
1565
5239
8939
5839
18800
16575
14616
3072
16987
183
17783
9533
4212
17701
7212
4942
4798
1590
13391
14361
12593
17995
17001
6445
6166
7629
3375
12734
317
4672
14617
2935
10229
15127
4068
6314
3593
12178
3607
2329
79
11098
28
12683
6736
5951
2536
15667
7789
2541
1414
5042
2599
1402
1873
12274
3070
9589
10927
1208
3275
4343
4365
13524
2740
4000
7059
987
3776
11018
14599
9341
4944
2636
9657
1801
7677
2057
4435
6431
872
3672
11460
10114
3619
17044
15301
9607
12509
9662
12219
217
9276
17397
12423
8553
10115
204
14615
2537
4344
981
1669
1513
11039
5757
286
12665
7186
12590
5528
4695
3558
9179
9386
5665
4260
7000
1450
16989
5425
3227
2508
9787
14139
14778
392
7218
18623
9255
5175
14687
6758
11610
7859
8847
237
998
3264
501
3313
132
5556
9041
9234
6887
1827
11155
9450
65
6491
10057
1809
6809
12342
16428
19794
2218
260
3243
3966
13692
10592
2013
10083
20567
7454
9931
10448
10081
391
781
1867
3305
8089
13258
4958
2627
908
11213
10368
1649
110
6024
4990
15248
12495
10932
6814
565
11
10974
7039
11501
3150
13809
114
3798
12871
12397
6185
19839
13853
5040
6681
9904
18828
12641
9021
1665
325
1535
2678
9713
17023
10477
2558
5892
1141
10777
5563
1952
8194
10011
18319
7396
155
17502
15648
4435
21561
8150
10828
3744
1694
9041
7158
21353
7807
13000
1396
10764
4728
2079
5925
1629
7881
5773
2726
6671
297
5198
1862
5075
5419
5394
4586
8672
1038
2853
7321
11322
3284
13308
4007
1032
13602
13063
11543
15342
1970
1133
4915
13175
1615
14254
3554
3189
2512
7800
1124
1928
14805
7300
3831
4071
5297
4729
9960
11693
14811
966
4039
4177
4461
9729
3941
1959
8327
6554
5791
10158
10556
8700
9699
7143
11863
12185
16095
13355
15225
10671
5324
8180
6900
6256
2207
8988
9125
1345
21068
5470
1209
16670
11201
7539
7330
1994
769
1648
10633
2405
8122
4521
6266
7712
3806
13231
11757
2735
7234
13389
8782
653
6391
1472
4081
2854
6670
1791
6178
6743
16614
1748
2040
15453
1150
3613
12416
1721
4082
12392
4140
339
2433
11891
3537
2264
13095
1620
17914
10887
9174
10914
1338
15396
10583
7686
4975
17736
226
3555
9169
2739
1378
16176
8837
20989
6953
8567
12048
3563
11513
2041
2056
6730
3768
4535
15969
16681
8140
14524
1284
6255
6933
1740
13849
3895
11551
2560
4237
1992
8385
4784
4854
2421
7287
546
7678
5428
2029
13233
5942
12597
801
2163
14956
2416
9548
17384
13681
20303
11773
4846
15404
4379
7128
12812
450
7880
2104
6100
9848
18045
2365
2382
3285
6398
4931
16314
7192
5
12441
248
1684
3006
7691
9184
18220
10538
1034
3366
1801
2962
1702
2708
12808
500
9356
14424
14578
3460
2652
8026
11836
3148
7216
4982
844
5308
6741
9762
4423
10462
969
10312
2449
13640
2887
7677
14079
15424
7097
6747
15905
3564
371
4512
4912
1470
6449
4610
14352
14675
4716
13678
15954
14282
8240
1513
3941
11339
14111
11439
19806
1983
3908
11425
15652
9588
15470
9718
513
900
7776
1573
9498
12380
5034
9334
116
6056
7597
570
11172
5770
82
2521
1745
12628
21816
6194
4289
1304
15293
17637
308
8488
14254
1443
4269
2014
1029
3250
3531
2457
3721
6664
384
2198
9875
7587
2596
5857
21943
3341
1070
2478
1729
1489
12639
3722
5824
17966
10434
13179
15040
7231
12328
6267
15947
560
628
1786
4006
8005
4152
12871
20828
38
6277
16047
7138
3187
17223
16145
2278
1840
1820
4667
10790
13426
6565
1043
4971
7783
3411
3065
2053
8895
14087
11231
22085
6251
7138
2770
18523
13791
8357
2973
9259
20545
4477
1624
8379
13598
10177
6490
13725
13543
8514
12896
14153
6269
1677
6379
11092
17847
2703
5070
3343
2482
3928
21216
8884
285
17964
5887
6002
7891
5490
3381
1474
11968
2601
10184
2264
7646
4472
5952
8400
4796
385
15386
9339
6415
11447
8222
12572
1459
12807
4246
18544
13757
782
1414
5874
6993
8193
5411
2805
11110
339
8434
5737
2340
4725
7352
2656
2907
6976
17612
1843
145
1725
7153
15311
1626
7128
3004
1308
7479
2927
11374
4518
22
3070
6510
1759
2475
8470
2378
4130
820
4964
6635
14384
3072
675
4765
4035
8501
2370
16102
4405
6863
2131
5123
3373
8312
6650
12444
3938
8614
11789
1390
7316
4808
4441
1078
9592
1747
8136
3196
3535
8234
5853
1192
4025
3215
4875
868
16841
16105
1506
498
4389
18
2640
1951
361
12904
5880
9020
4684
6875
7663
4220
14615
3492
9837
6999
5806
13111
4337
2105
152
3612
6522
4189
373
18890
9466
1059
2147
1703
6935
2880
20875
3922
19895
17695
7518
9078
5517
9290
1034
4284
6656
7009
1370
7494
5655
7986
2863
3725
12767
1153
6278
8003
18405
20913
16044
5151
10894
11839
6810
8079
4362
12503
10349
12532
2583
6850
7648
2964
3353
5945
16461
16003
9464
3549
7770
7035
5333
16142
112
13634
773
11435
12809
1311
10014
2023
3663
10357
10516
16022
16264
16462
5659
11428
13880
1578
6860
6454
12002
6520
1053
13548
7280
5565
11340
3938
7194
14040
3979
4182
1370
11128
2235
9915
6631
7613
1133
3028
8836
2498
10613
3659
10352
514
9403
3534
7200
5748
15060
13328
5051
4407
124
4699
1896
3349
2989
16047
3209
1804
3009
4033
7853
3636
14766
13285
6479
2741
20918
3805
6045
6290
12425
879
1933
3423
4197
2139
5449
5001
6618
11450
2591
14641
5729
10116
6673
16590
3485
18795
483
2861
6181
2354
809
6842
5263
13776
14399
9833
4809
839
11958
11820
5729
6584
4721
11688
6249
2858
2561
20712
523
4905
1367
4622
454
8079
3815
3614
1521
5943
3690
6751
18399
3242
243
2057
5241
17239
8799
14228
14176
15491
4002
3528
1520
14776
6192
10554
4704
9046
7910
16391
11780
9441
6447
7541
10857
11343
1914
1309
15795
7161
4106
465
10492
2414
5862
3849
3574
3500
11736
3543
3446
1327
3526
1399
1472
8819
4986
5522
4086
9768
1694
8085
9826
7724
5341
11178
2006
4990
2429
16378
12749
1956
7020
8142
13548
958
9818
2458
16896
10894
2777
13627
3083
9974
7905
1302
3931
13846
3593
9907
9433
889
11071
9266
5669
5333
15959
17684
576
3545
650
10572
8142
11348
18858
2923
9091
9241
6446
5760
11008
9719
13616
4179
188
13523
13720
10715
4982
12739
5732
15252
15183
3779
3558
6414
7875
4071
1169
12105
12193
2083
6564
3326
2870
7397
2671
13734
4522
4187
4775
6471
11268
9454
5065
1614
649
2622
25
3675
12103
10111
20890
2569
7692
8982
4295
8657
1438
13626
2200
6359
3212
8175
2841
3156
14844
2787
13347
1659
10734
14823
9336
8343
2720
3815
7302
9695
8029
1042
6536
2549
3116
16339
5672
801
332
8732
9779
17111
3125
13351
8725
2085
1745
2767
5173
6298
7818
9276
9461
12739
5888
5835
4028
4378
225
3058
4622
4350
6752
8891
2841
9017
12630
6913
2096
3691
1682
3713
7524
3681
18027
8925
10911
6364
8253
1782
7203
8135
12102
7371
1341
5599
8848
3763
2158
6552
1624
8824
7608
2642
16670
8013
8054
17906
5004
4742
9952
12969
1267
12676
2112
4345
8214
7611
4975
3928
2275
11202
12757
11976
2018
4067
18765
12173
6891
14138
3284
1607
670
10234
745
1991
5794
5231
5234
4098
5107
639
10543
8383
10251
3611
12048
5656
8401
11990
5220
8443
13996
9217
5981
3420
7479
8643
3026
2779
12282
2587
8182
16074
6924
16565
3656
10389
5021
7907
609
11995
19473
10853
1021
11523
10606
3953
3411
8613
2383
4228
11734
15619
5458
7467
4668
13829
17924
12614
385
3800
5325
14795
7481
10575
12916
2913
5962
1941
7672
7680
15988
1730
11665
4005
3536
1277
13489
8844
3681
5847
1987
1070
789
4204
4488
8213
16469
632
9251
16293
12559
17642
3026
4249
5762
12027
5000
6095
11445
11271
6294
19842
5218
671
4083
3204
12604
7376
17052
19195
11182
2228
12258
3565
16809
169
113
9403
1635
15369
7806
6465
966
5895
2971
3196
15322
4230
13565
9366
8073
20203
4975
2515
9141
13922
1536
2912
526
1711
10281
13725
4451
2338
2448
9064
6719
12958
2616
18773
3505
3338
15128
955
391
1109
2541
14835
9163
8197
2432
8559
12862
17399
17086
8373
4874
6475
10946
1716
9634
1454
4206
8714
3541
12969
10799
771
12311
4283
11398
75
7999
4982
3258
4906
1577
4724
8729
6117
16026
9809
2639
375
21904
17446
2671
10472
8813
10601
2961
1222
4345
3602
4450
20054
12291
13336
8512
2296
1658
961
14459
8948
17241
6980
3797
8285
11742
6536
505
2287
1296
9001
7869
1297
10061
9991
6046
19320
3468
689
4584
15570
6096
13764
9781
13700
460
12033
1170
11487
7169
4132
8927
13172
13236
3542
16829
6694
883
4277
11160
1481
2257
6221
8129
4756
10053
4063
1774
6724
15347
3337
9186
9227
4003
12605
20429
4905
1893
5619
10331
3234
5158
14008
11877
6057
1741
13916
13040
2380
2558
11425
20279
7617
800
5662
7176
1635
1526
3481
8293
19590
5598
14218
5332
1554
3381
1477
3664
5613
3529
4081
7009
5386
2796
4001
6321
6775
832
13703
9741
4042
10121
5962
15106
16321
9320
9004
2485
6981
2312
10368
6734
7198
7084
10689
13575
2379
5820
642
7276
9295
9623
18161
16042
968
5474
9345
8340
5065
4055
18431
5612
5042
13877
19446
1045
5078
20194
16796
3533
4374
6536
4715
2422
10539
1295
4689
2836
292
16796
8913
8107
1185
1197
1535
16659
3844
16717
6026
4471
2232
840
3008
7578
10394
1131
1379
4632
1008
13386
1674
7503
10303
2155
5687
8074
6319
4048
8993
12360
9016
3405
3514
834
8142
5709
3017
2638
1874
1011
9770
1769
8698
2827
1624
2283
18151
5518
19971
1473
14511
17097
13887
587
803
4178
13302
246
8850
12726
5621
14549
6458
2676
8098
7857
81
2475
7742
11009
5190
153
9218
9759
15716
1164
13786
5232
2045
16325
11743
7988
5915
2860
3200
16625
1725
5565
5276
4700
777
4974
13037
8008
8008
10280
9967
4675
5266
8480
13938
5838
6222
9562
905
6168
2032
2208
958
6413
15877
16784
19367
1183
6269
3606
1237
330
13317
17166
8809
4064
2400
8847
6407
7430
7529
4152
13991
6416
10690
8022
15712
6240
17739
6065
1403
11261
9719
9735
5628
3575
3343
5101
7325
17461
620
2985
15514
1872
11307
18099
3199
3057
394
14493
11117
1649
5302
3072
3532
14988
8869
2880
11215
12281
5196
6898
7047
4086
4134
1230
2631
17863
6025
11577
6467
9715
15449
5052
8293
6088
6702
7919
7434
1590
9468
18545
2024
20854
4379
4096
9411
4801
6931
5601
4819
205
10810
2175
5114
1208
5772
10512
14862
430
9385
762
3338
10654
1707
2425
4428
16331
1323
9790
9130
9058
16225
15350
17071
4306
2644
342
1831
17080
5823
12065
1769
10233
978
14392
4637
18749
13286
8706
425
8504
1218
7213
6560
6791
18644
9142
11200
4348
4677
8593
12594
9894
2102
4328
18851
1886
3269
6478
9098
3594
19126
494
2634
14956
236
3413
11116
10262
2359
7588
1584
9771
16612
1601
678
19954
3067
14233
8020
15432
17342
16735
6759
8076
11481
595
3767
4972
4950
6115
1575
3947
1674
10170
5487
2702
6007
1331
1247
11361
15357
3007
8511
11412
5206
1089
12391
717
18391
21878
2531
10643
13612
9145
2154
13412
9229
5337
17414
1774
9760
11038
6208
8994
10231
8647
18313
11684
7751
21558
4493
16218
5309
2467
429
5611
3665
11076
4554
11848
5792
16944
7392
21955
6271
14049
4676
5670
8713
1005
1522
6652
15863
10991
15705
2967
109
3817
4522
1114
10476
4966
1289
4787
6899
341
7829
590
1167
6484
4759
3570
12874
5345
13655
106
3880
8208
6690
5009
11833
11446
5039
8999
10411
790
9609
807
16530
20619
152
9644
2458
4248
1345
7692
2181
10370
2879
14264
9334
10736
5056
2626
7057
10360
6653
4686
4304
9110
4317
9586
4407
5740
12491
2962
4373
9166
7492
7426
10486
12622
17863
17378
10035
850
21065
6146
9218
2028
1253
10061
19847
445
1587
20244
16595
8734
2286
17862
8924
10257
11368
10443
3580
5823
4839
9603
3655
5258
9009
3892
160
15136
16124
5304
16575
7991
6218
15094
3567
2561
12194
9835
401
5303
8232
828
15709
3641
4048
8034
8907
7892
4762
15913
3914
7845
3392
4668
6674
5999
4073
7057
895
2044
11320
1844
3364
7075
7969
97
6914
3000
11817
5188
10412
17209
9673
5716
8648
7221
59
6841
4080
12316
1361
3312
2578
13568
7545
1282
17247
9865
7836
17608
10134
3837
14648
15026
3633
18743
10368
15508
13207
1367
15462
6344
4125
10862
1683
12060
422
5996
6558
6425
15561
8198
3429
2437
12640
3563
1380
446
3400
15879
2351
4135
12174
1051
1022
4159
8136
13276
11781
1737
883
2936
11810
13385
14420
16808
359
3439
2926
16756
11272
7978
14618
7593
6657
14214
2903
1954
11580
3157
4436
7818
16603
4607
12356
3048
4192
3928
2051
2473
8555
1786
13857
8806
11802
19317
2852
1982
12964
13144
11060
14613
5176
1266
10061
12554
5282
8887
2726
9549
3164
5366
6900
6527
13628
15914
1161
8536
19966
8196
1772
5586
17956
2721
14003
13806
2252
6220
4665
15081
15359
12060
6022
1137
7973
13758
15505
5694
337
13680
167
8476
4180
15220
7080
8035
4078
5501
2807
19005
9230
3980
11367
8575
5844
11970
1301
16262
3619
5321
13603
1633
5972
8590
323
840
807
2658
11092
4306
5814
734
15098
13100
19701
16001
10845
7886
11160
7573
229
3010
10961
2014
13976
1747
2959
11254
15985
2561
4339
17309
2013
13500
899
3251
3340
1603
10418
5653
11605
6841
1934
8331
12142
6757
3617
6757
7806
2019
4634
15762
6899
1876
10577
7574
9918
8308
2533
22279
542
19951
2100
11808
9631
7888
31
6088
6354
5830
3806
19516
4233
612
7155
13529
4110
12053
3519
10365
7778
1325
11112
9068
1795
2645
6619
14326
4629
10624
3288
4467
8530
5455
8302
6041
17030
2934
4624
5691
4456
759
3278
545
17547
9923
8563
749
3299
918
13381
554
3416
11296
13218
11741
4261
8282
4188
17064
7883
5411
11730
119
11868
1697
5266
6507
2034
13905
5446
21700
2462
12031
1491
8378
18296
14907
5695
13486
2763
14178
18720
10015
3761
751
2718
8319
1302
2010
7156
13508
799
8791
4334
3135
15582
11701
15015
4617
10960
4132
5135
14229
10611
2570
1952
14519
1920
5812
8119
5309
4620
10255
1327
2705
1845
16605
12831
9023
11185
2574
4359
1767
11712
2632
2645
3691
16486
3924
3739
1392
3824
1748
5430
14072
13932
7761
2081
12352
3573
8133
7906
2917
12557
8005
2137
1766
1741
6248
6684
10880
16144
7194
6495
6212
506
3023
6306
13667
5622
12260
10682
894
8158
5305
14678
6101
9853
8254
8280
19218
3824
10821
12493
2283
1968
8711
2417
280
18419
14086
284
20392
2893
5430
2040
4612
5836
459
8263
3777
2540
6494
7281
15417
5160
10907
5245
17959
2485
18958
4075
14792
10933
14756
5271
8487
3214
4373
3475
7727
400
14710
7355
2124
9158
18163
7110
13750
8731
16528
1207
12500
6103
5169
11119
3469
7631
5301
10351
12212
19192
19337
1339
16691
465
12902
17850
3845
6303
3755
5773
14839
2284
7892
14309
9027
4742
15342
8016
3319
9898
2530
17799
5065
3345
3916
15267
3874
15809
1911
9635
13519
11983
10435
3769
1394
15584
4759
1915
10939
3048
22348
6243
11167
645
6339
7094
13122
3509
1929
9919
8253
8483
5453
8605
1184
1337
127
7540
10654
7189
14737
10086
1719
11533
3214
2170
18
491
4559
9230
5479
9764
13346
10632
16831
5910
6021
18160
4317
13722
11888
3589
10195
6303
10675
17938
12468
11807
20610
5200
2343
9857
14986
6805
10366
1115
5894
11846
12845
21
8184
10224
4307
7783
7319
4614
3593
15921
723
24
11103
7610
7668
15876
14667
4901
20391
4529
11974
19096
8314
5047
358
7561
423
13781
11314
4193
2492
6784
9370
4707
3999
8057
4354
866
9394
5683
7649
5324
6953
13354
1057
8074
5096
5849
6751
6084
15494
17536
16045
14557
2806
10792
15846
1602
2650
6224
4396
12077
8515
4116
14369
6809
10627
8910
3140
1942
4389
3644
18308
11672
19002
17616
5613
5462
9864
2001
5813
6604
5098
18518
12776
11874
3288
9220
9259
3296
14167
7477
6658
1983
18038
548
10788
12031
717
2758
11632
11110
3566
6018
16025
312
17850
11516
6971
12558
8715
1884
13262
16854
8913
15908
1084
5892
2256
12917
4287
11482
1436
211
5441
3470
16313
14597
2437
5513
7780
6952
13985
14297
1291
5271
8392
10345
2933
12000
19150
7819
1517
11860
7914
12211
9164
6319
1661
5469
12937
11836
18365
2005
778
5116
2033
6435
19002
8660
5279
12419
12181
1142
758
8003
2158
1595
13419
5301
4426
14428
125
9678
11062
20265
6593
15266
6773
1466
5908
8582
13357
5931
1052
129
1838
8242
9846
3178
9656
2904
16040
1892
4048
10618
9565
21377
3957
4649
9472
12213
9345
13108
6709
13622
4102
6074
10672
1083
1445
598
6155
3298
21825
940
360
14669
15417
5502
2010
15308
533
795
2112
12065
2267
13856
2640
2685
1033
12565
6652
20647
5160
4094
12062
6540
13299
4963
3217
1373
7455
11726
4300
3963
6664
14672
7002
2730
1635
656
3009
4140
5563
6457
12884
1820
5262
10621
2035
9616
8186
10083
11447
16655
1011
586
6130
3482
2024
1741
3329
3247
357
2737
2596
9598
8896
4994
652
524
9734
5545
12304
8119
10283
11972
3708
7467
1484
15276
15871
6884
939
1648
7562
5555
3802
9880
116
14972
1218
8955
250
10235
9094
5884
4263
1602
7979
12641
13954
4136
12212
11306
5103
3902
6660
4677
14595
1302
4907
4039
12635
13432
5919
13268
6221
443
20287
513
1333
6432
18865
1178
3544
2840
17313
8084
2357
12413
13492
5367
648
1266
5291
16994
11025
4978
6061
10289
3133
10321
6602
10905
532
15605
8442
1563
4135
12945
14995
17805
10172
3843
426
8410
205
9896
1138
8553
8868
9696
10577
15250
3682
6976
5568
12988
954
8079
17449
5636
7299
15324
1319
3640
2793
15231
7718
10998
1668
2344
12518
19551
383
165
7468
10088
8392
8555
19443
14449
18913
19768
17114
1088
3637
11781
8008
20653
1018
11399
1840
5090
6807
18636
3050
14275
288
3411
10389
6982
8968
2249
1970
259
17008
10087
6999
12161
1477
5237
16591
2390
1841
51
10777
9104
9148
139
197
16896
5430
11100
3374
2334
11668
10795
17059
1820
4321
7835
13224
2145
8256
1538
4407
18677
8159
3044
10932
565
12734
6636
5614
15881
4906
3199
10175
11543
803
10391
1132
1061
2892
8210
700
6555
7148
20471
3068
7070
17823
5814
3580
4730
11897
2842
4839
2118
12425
16750
10099
5387
8535
2503
17474
12640
349
13514
687
18361
11473
3894
16327
17260
46
20514
4389
11589
12376
9803
3451
1004
6273
12442
1742
10961
3013
18201
4680
6012
2643
574
7366
12170
4182
3712
3618
6287
7838
11367
92
5760
6285
1805
13364
13546
18944
6313
11780
11956
14733
13748
2236
618
1684
6330
1191
1383
17383
13373
15003
11057
2987
17987
8694
17201
6437
15460
2142
2660
19489
1560
8532
7064
7581
5745
15572
839
19710
6427
14534
14731
6582
957
7599
2793
1288
9429
7168
9327
33
6832
6786
10591
9288
8611
18749
13508
3928
6152
2955
1730
8338
2022
8427
1256
17025
2108
202
1701
14721
4367
4051
3627
8354
956
2832
477
3236
8516
4043
14842
6880
10491
10726
5585
2508
2243
4721
4382
3534
10019
11608
21408
7339
7863
6482
9936
12343
9838
5012
11760
12323
14405
7580
3219
1380
17292
10675
3207
11993
10962
10334
6293
5812
1628
4797
1946
11222
4329
2334
4237
274
2345
2387
12416
20693
2387
3642
5808
9332
9173
9044
14862
3298
3138
10301
11870
11755
2269
15234
11586
10267
8792
772
9633
10947
4532
2506
2835
7505
7477
2362
16886
4947
4975
6295
1607
18942
1965
2666
2566
9895
7850
1735
9636
16219
3750
6681
5532
8036
3052
5321
15534
9689
16179
7831
8278
12849
8717
575
6561
12589
6444
3164
1977
13382
5555
14334
5811
495
6743
2024
4060
16877
15977
13026
5130
3864
2165
13551
4373
4213
2245
1750
79
3942
89
1371
12722
1160
3897
12155
5265
4251
3508
10204
4081
2570
1167
473
1886
10925
629
16522
5953
11441
2072
535
6112
1204
2998
2379
7468
9137
10860
14995
15501
6369
1596
10903
8529
4640
13992
14729
416
17177
7944
18330
4350
8770
701
9327
3144
6053
2152
9035
13166
2350
19046
7414
14505
13605
7594
11403
13531
5871
2399
2647
3248
13278
2692
16837
9802
946
7719
10263
6960
8924
17130
4955
3283
4855
9863
15947
12869
13666
6913
3626
2052
13283
6689
17617
9378
8652
15161
13020
4904
10652
17848
1347
12213
8411
12617
2904
6367
10010
10519
1329
7724
9349
13641
5287
13734
10930
6062
3802
13886
6387
11407
1900
575
3271
9221
8219
13693
3520
9156
18582
709
8722
8781
18793
6312
1658
1295
12920
750
7328
485
3459
16557
4757
12852
911
21011
13744
9706
12621
8604
17660
2027
4454
101
8616
1618
1435
5994
4509
9095
1907
2225
3064
5637
3020
8244
1405
5932
11783
1814
8335
4803
6559
1037
9432
3188
6503
17491
6658
7732
1376
16075
393
9599
5363
3808
4642
6328
4393
3971
9234
10933
1294
1646
285
1304
9559
3014
12107
4157
13033
10497
12568
3903
5844
7852
1686
7136
7965
16312
1548
10706
11623
3662
1086
5544
16595
8012
8816
8096
3850
14230
4325
6656
9003
9449
12824
2156
11174
2786
5985
2013
3840
5288
357
15434
2887
3698
11109
4576
5239
6691
782
14355
2987
1644
6328
1276
7096
13991
20413
9932
2593
4594
13719
13666
6632
1523
11814
218
1195
4563
14599
8136
1234
4617
9051
11804
11092
1398
4359
4553
5754
8427
16482
599
5027
8573
7258
7176
9675
952
15594
4416
15422
16812
6545
5838
2393
7538
5107
1477
11334
11122
9958
8944
15222
5811
3658
12702
2774
7266
15662
15453
5918
1796
3998
15381
3287
1827
3295
9706
7299
353
10337
395
18228
15221
3462
1832
4528
411
9340
12464
2496
4922
4258
10402
6805
396
8003
2377
955
12336
4469
5372
2604
13237
1307
9141
4068
10052
17020
9466
4377
1752
11596
18907
14984
10301
16185
2857
8631
4946
1564
6740
12640
1234
2962
3538
9382
3765
12279
12567
1826
2056
6523
7270
8134
8923
7526
13291
2648
4818
17951
1405
2857
10423
10488
14187
836
10391
15296
5252
9544
1947
16012
16141
6071
5080
13214
1545
71
12402
9638
15102
10981
12199
2774
3291
359
3479
1493
2296
118
16889
7570
1175
6037
1070
13326
12338
6923
4606
4924
10909
4220
3177
8700
13405
731
1983
6197
2341
3720
1120
4448
5758
9825
13102
623
1889
12019
3717
7990
2281
15616
14428
17031
6144
3823
6396
709
12866
17553
3499
11409
15766
9612
8215
1408
15301
1177
358
3578
8417
6035
14406
10012
12664
3057
6086
4300
6795
16121
5043
2540
11219
97
12463
16271
952
8848
5173
3890
8992
12946
8866
3670
3731
14723
8226
4951
3925
13336
428
7542
8365
2087
4643
5717
8699
7757
1400
520
15888
1798
1255
6158
7021
6566
2717
13804
6709
7060
7245
3857
8764
17647
7857
7185
19478
4908
14483
1597
232
4907
13752
4168
5583
1576
1569
16698
15430
1587
3314
6974
6273
10577
2040
152
8334
6771
13738
4572
3039
5848
1365
3645
15324
2161
19040
2636
15583
19163
14038
2499
6954
1524
1892
10676
15795
8115
10160
2386
1593
3146
11060
14697
13037
5039
17923
2306
15472
7426
6813
6108
4383
5553
16227
2043
15204
3580
12738
5997
13403
16680
9800
790
18311
17255
5839
445
7788
7332
826
15382
1726
16095
722
734
19156
16431
4277
3669
7382
8937
5348
9628
6371
14020
13893
13688
18752
3747
7871
2309
985
6570
4454
16430
12471
12366
16908
10124
2983
2602
1717
21779
1612
16520
8759
5957
12298
15040
5903
906
5338
2633
10977
12606
16909
855
9666
5912
12830
3604
13991
699
16660
16736
554
5466
3448
8050
12779
3124
10300
731
13015
10334
3632
10481
2363
7538
1863
2287
5331
13333
15543
5761
1948
2619
1939
13201
2239
1879
1968
12471
10766
11419
4032
5301
11713
4766
8945
5248
5886
3349
3059
6326
456
4571
962
17209
6082
930
10358
13622
4925
12311
14431
19769
6940
8410
889
2520
17936
19861
4169
2801
10619
13924
308
18448
11886
4821
14031
578
12629
810
4538
4650
9001
966
5109
19152
2905
1077
6332
7417
717
11996
7870
10881
14223
3882
5315
10058
7003
2917
5444
13627
982
1286
19085
2019
1550
20527
1035
10851
9660
3923
10590
10172
1194
4904
17808
17985
18836
7528
16929
10502
235
3046
8999
13654
17687
14054
4456
13209
14364
5843
11624
6228
5585
10431
15026
10350
1530
8748
5900
11339
3518
15635
5205
9204
1410
11616
5088
14468
4368
686
6934
17577
1184
17784
4391
1110
1956
4275
14040
3867
2630
9595
10942
11095
11558
11925
3631
6202
17625
4956
13415
2620
6399
3609
844
5421
2726
15798
3752
10084
10821
10070
5300
597
17713
9324
9532
1324
5477
1021
5455
5964
4392
11877
9559
6366
9117
2034
16669
13787
1360
20450
10047
8148
2776
18240
446
18059
8144
8141
5844
16342
9574
11337
7685
14424
18408
10184
1140
34
15435
1961
4985
11522
8068
5840
6898
1855
20498
8414
77
2707
1344
2470
11457
3571
11965
8174
5357
12043
3691
5076
17630
16659
556
10289
3995
9319
7625
4854
5102
1776
1319
3380
8215
1526
15241
11120
7953
1197
597
15289
887
18672
4635
739
13429
3402
2807
4123
17841
2975
6594
12141
9337
16205
10376
3955
11083
3376
13424
2373
7560
3658
9347
3977
7485
497
18957
6144
4217
5373
4045
8452
3721
5671
2683
9264
1475
8435
384
8435
14250
15380
2303
1177
6737
4873
1759
14602
1034
11644
12553
3173
17100
115
3194
1153
2992
986
13655
998
6879
11258
7045
7312
9945
11704
3033
11125
1460
17272
3494
20214
1809
9172
15106
4429
1909
17883
4685
1105
1216
7107
13075
15914
3740
4365
3062
10400
2571
6885
6795
17907
11294
7703
16
10311
2241
5913
7308
18354
2453
1325
7329
14210
2925
12711
243
2808
9997
14274
969
9375
11311
762
9951
5303
8281
9547
20223
401
5372
2686
10400
13055
3519
3317
2396
4651
1186
14283
2157
6609
5995
1847
9968
14523
16674
1803
6847
523
11566
13518
3811
10061
7338
9966
9833
18649
9498
8225
9905
3456
2126
5822
3947
1509
2128
1120
24
2738
404
5058
6009
2271
11767
8558
7459
15881
3982
5701
513
10952
3378
1990
1443
2139
4262
9633
19853
561
843
2954
8517
2135
722
9720
16596
13871
1619
1731
8744
13881
3997
6643
8295
10305
6406
5311
4999
13144
11777
10984
8120
19111
9043
8174
5184
1122
7437
2669
5628
5488
18355
7553
1618
10408
3919
11554
3457
11786
7690
715
9925
4053
3823
18830
771
866
3529
461
911
6336
18452
11252
9432
2380
6763
817
3325
5681
17041
6412
3603
19724
17946
1712
12970
6157
483
8129
9838
7
5713
12341
8151
16149
20084
6103
3213
18483
7378
3483
14266
4654
18795
3203
1850
11033
9915
12853
1189
9384
6210
12215
7199
223
8328
10101
2102
9219
1460
12482
6241
5731
12387
20505
465
16839
15236
385
14592
6480
3792
12873
18424
621
6403
14935
5627
5996
7961
8256
12789
7725
755
245
9801
5683
8057
14329
3795
13513
6963
7004
8213
225
1021
42
8836
6060
2452
3995
12210
1542
39
8680
19639
2585
6158
8625
3977
9314
890
8205
4608
7492
7540
12452
8970
1170
1901
13270
9095
7578
5933
1899
8082
8522
4472
14937
9107
10892
3318
15036
6044
6037
539
5467
16794
885
533
2676
18738
4742
2131
4183
8480
18383
7845
1828
2600
9003
6443
15121
18785
5051
10929
8670
2200
2642
8561
10400
3459
3439
1124
15480
802
4880
3330
8975
19078
5537
4074
9372
18681
373
6250
9558
1361
3321
4831
8411
12177
9515
3994
2931
4490
2213
2928
468
7327
10928
19640
20058
10374
4694
985
1786
17005
1939
18875
14125
3956
5615
1481
7921
15071
12563
2379
963
14220
808
1767
9398
12110
4679
4970
18465
7879
13271
368
12480
8615
12879
184
190
10707
3496
8970
7858
13597
4504
10471
3482
21752
3749
3718
1123
3367
1912
14439
89
8397
2246
12549
500
2011
2612
13001
12602
2624
15955
20451
11615
6785
18065
6777
13155
4631
9180
18572
4339
10636
13154
19227
18139
8169
4320
7732
1671
18499
2427
7442
4514
9819
10950
16242
5977
7804
2237
455
6166
2831
7398
6999
1555
3770
369
977
11940
3096
8002
17549
4159
12654
14680
17611
2847
7409
2946
6061
4529
3686
11494
3252
5323
8382
58
5534
797
3682
11002
12375
10967
4291
1873
14468
7261
14621
8028
10708
14046
21088
20404
9126
515
9877
3833
2689
3557
3331
7823
12831
4793
3733
6207
16480
7671
10958
9871
5353
10546
12413
21095
15737
5914
2957
5455
1038
9211
11539
7761
2861
17897
12503
13303
13915
840
20131
5680
2342
2382
3191
2497
4918
10026
3777
9777
459
16974
11212
4241
7117
8936
5634
5203
14646
3776
5623
5895
3347
9838
5577
8746
9286
10166
17247
4342
8203
6293
10253
2234
13443
6175
16696
2457
2196
7835
3632
3212
11331
14575
14675
4447
1271
10925
3090
13704
226
8443
4364
7816
2875
3584
690
9316
1249
12104
14242
12720
3891
3038
8830
5467
1857
8273
36
261
2291
4089
2170
9688
13487
1446
5278
138
4326
6650
2232
3148
6447
14695
10719
3860
3040
5229
11195
9229
3254
2017
2892
6521
17976
16736
3395
10263
19741
7346
17636
5018
5160
964
7738
11961
3219
3176
1366
17622
3004
1856
10203
3498
10035
4033
5936
6481
18482
16543
5262
7334
12763
2441
5051
3493
7273
16160
275
6416
6650
4619
5605
1345
10914
4118
17063
7583
218
10571
2704
3646
6675
2509
9442
10401
15377
12418
4567
9701
1718
8912
4400
405
4996
14272
328
9042
19870
6119
2672
683
3962
9182
6467
6704
7281
3795
79
6
8111
5703
7029
12981
14180
3118
16806
8975
11939
4846
17093
1380
919
2171
1138
2491
4386
8514
10853
4717
5967
523
918
13574
9683
5946
16088
8792
1605
735
9130
18864
16570
11606
6710
682
15934
8167
14868
3786
4183
259
43
7877
13614
1572
2560
12749
2507
11024
808
3129
4200
2409
17295
1965
4039
8825
1898
16963
926
12801
6847
3937
13710
6223
1702
9637
7217
15254
16442
4280
14912
9138
13905
2895
11049
2065
15245
2304
5631
1622
14114
899
12261
9990
157
6627
4483
5354
7490
7279
13909
1157
2207
7144
10785
2698
2676
2359
13720
4042
1946
4325
4186
1222
19051
3678
11863
7549
1092
1319
564
3046
4334
6746
7213
10592
9448
3198
624
10029
9732
7094
11301
3908
7202
16667
791
1160
1807
2028
4083
16608
8342
460
15336
3774
15502
18152
2527
6412
9167
1181
11166
5362
31
1901
2708
14399
3852
3950
7901
4200
10433
929
7342
625
6122
2319
7760
20190
1259
15504
7046
12885
4287
5122
1852
5228
14302
10246
4441
8900
2693
10612
906
8511
10897
5166
3830
1388
20078
456
10857
11016
419
390
8184
15439
5114
7226
4773
2797
12026
6198
11804
9168
12316
1070
6864
1145
1773
988
12797
4212
11358
235
11310
7349
439
5742
11853
2502
4395
4851
5343
8237
9589
4607
8158
9136
540
1339
3442
4120
6009
11205
19783
1553
896
11147
2684
5331
21371
844
8528
985
18336
463
2401
2539
12393
2989
2131
15165
8894
11965
7872
17568
530
5306
4750
4399
766
8917
10490
1437
1818
532
11708
1976
7657
4667
3172
10518
10897
7138
1895
6030
6016
6137
2677
3670
5089
12780
1116
8793
4993
15957
8254
11626
14801
10672
7409
1737
19542
555
11698
5949
4832
625
21040
5139
10393
8773
6116
8303
5506
3309
3479
11444
10076
5695
4250
2555
5350
8008
492
3162
814
9193
13214
13080
9882
5060
3154
6060
2486
10445
17935
4995
3642
9846
11833
4751
741
1603
8055
7645
10320
6274
1378
2152
8789
16684
5580
3513
8196
3570
315
1921
7830
8226
16294
3482
1881
3488
16519
3890
12004
5919
679
6903
1614
17624
9876
9784
11011
3519
16031
20459
17504
9561
12915
3759
8540
5836
17436
5317
6129
14493
434
12411
2020
1721
14676
16441
7237
3604
9606
13410
9250
16120
6914
18364
10340
8209
3730
2075
8895
15781
828
4596
8414
15494
12448
934
15636
18153
15951
9151
7693
5823
14252
9817
15876
2236
1469
10524
5324
11244
9031
1147
5147
2545
770
2569
1842
6913
13556
3664
965
775
1768
3636
18849
11280
11732
12085
3085
8393
8695
16193
5382
15598
7075
11145
307
3426
16570
9908
5228
4024
2877
7484
10952
16375
1221
468
18537
484
805
11555
17626
8180
7685
9511
12235
4674
6949
1836
9260
4797
3887
10962
2703
3306
10336
5730
16144
424
4154
1717
10336
2097
6024
12203
9545
4751
3488
3266
420
4926
16126
231
8957
1235
5867
14806
12099
5545
4007
4071
714
5916
8587
14470
101
10954
7469
11357
7688
10728
17491
592
3188
14344
5818
14783
7454
1263
8376
11087
4207
9821
4062
7723
5533
16463
5897
9364
19922
16687
9932
7752
371
5310
1214
9348
500
5015
7609
21643
16674
6682
4270
1562
7062
5151
16603
665
2669
1692
17191
1657
7494
82
7139
428
6783
11300
17626
5426
286
18120
3312
14715
9757
16760
5160
9419
1253
5943
407
17933
9291
9013
2539
12112
10229
14708
8412
1893
2976
9658
13800
6383
13965
5158
2888
15272
3425
11346
5207
8883
6987
3733
5774
12086
10901
1855
2495
8402
543
10011
10542
16901
602
8289
3048
1174
2244
11196
4907
1471
4596
3691
3568
1796
6591
6195
3846
15772
2831
721
5793
495
6708
13287
1354
7062
1157
781
2074
14566
5907
11417
17371
14421
7804
2111
1824
10773
702
338
1349
3267
10974
7897
12729
11602
82
10256
13956
9034
144
20092
2147
139
19482
3945
6201
4960
3294
1036
257
14671
83
17047
16773
13192
9329
5162
9960
13085
3758
19678
6895
823
6126
17218
8327
11215
5162
18064
7356
217
12785
1741
12891
8263
15956
4970
13285
16063
19086
6204
3767
2537
126
2896
8075
629
7127
5991
2268
5774
8666
366
3417
13529
1249
4588
7724
11373
16892
6090
18898
3892
2330
12013
11146
2973
6929
18612
10837
15438
4167
3211
8506
9299
12848
125
16135
6406
6750
15502
2533
761
3219
2815
2286
11822
10184
9394
4248
1888
1805
1233
546
1432
1053
11086
8405
2577
1683
15379
2155
13729
2284
5570
9401
14862
3391
2695
11685
14559
5174
220
12746
4064
9171
14959
16035
1145
12294
4210
3619
15220
4669
4953
2389
7227
7745
5334
8527
5228
7577
7718
6974
10462
4772
986
4877
1163
727
1816
10182
19891
8864
3818
7876
5618
11999
1737
15608
668
2141
14287
5730
2425
7930
12728
9335
2586
6084
12522
3318
18586
5793
8762
13486
5715
16116
845
13055
6278
610
5546
8691
3147
20004
939
1029
465
2330
14381
2501
9049
12048
13875
8404
14091
13541
1140
3538
13166
2285
808
4276
5277
14299
3145
438
14248
6257
15817
9182
10489
14946
658
459
1306
3262
11623
20553
3514
3696
9818
1034
2600
3367
10288
7648
15743
1636
5829
10175
2895
11790
17472
10607
262
3545
17903
5514
10830
1839
13049
12517
12740
16212
3846
4489
3944
9596
1434
5992
5132
12345
9355
15577
481
795
12231
12941
3720
10981
7849
8198
4585
8921
7357
1121
10301
2759
19214
1477
10162
13717
3500
1700
14522
4587
4968
10657
934
6716
309
13945
13534
1936
15655
7674
1673
5246
15011
8610
4596
9530
9191
7641
18872
8616
6103
3398
887
76
1681
16936
5443
21360
6396
2955
4847
20401
6910
8606
4140
3367
14506
3438
491
817
12806
2272
6892
5748
6058
7503
4548
4967
1897
4034
17392
1689
2771
6108
4895
4252
297
17712
6446
11781
1798
20
2719
14825
4969
12748
11486
10264
1432
1951
773
7842
2621
6953
2857
1611
16527
7568
16226
1512
6601
18907
1367
745
3036
5630
3721
5263
1963
16698
5010
619
4819
202
3414
9005
1631
11686
4054
13436
2873
1637
3002
8902
13109
2101
1693
3184
7324
7002
8257
2107
1292
5982
4645
9928
14628
11524
11680
1339
14419
5758
7977
5550
2607
3228
1746
9306
840
8059
16025
15394
9476
2501
22
4267
3765
328
3116
901
14750
903
11270
5860
9575
12245
18654
5118
4821
2891
11208
7005
992
7482
3261
9888
724
7395
4799
3344
10875
3236
5552
2257
4917
4142
7438
3423
7530
9147
17788
3125
3766
2710
919
3344
12106
14459
2678
8450
12649
6726
1727
4475
9745
4172
3459
2112
6650
4247
3237
6391
3170
6915
3077
16059
8136
574
8554
15405
1656
2536
4737
13673
7012
13814
730
1249
15826
17956
7435
19485
4756
1042
17941
2339
4867
2283
7638
8593
5455
1077
5683
12343
1699
5800
4148
6758
13911
13948
10462
1563
5671
12090
7481
7271
6813
3244
10847
860
5189
10242
571
7236
101
1736
7851
14873
4670
20982
8940
12651
1249
4791
3627
18804
10526
5258
9238
5495
3559
2390
623
9217
7507
6259
188
12424
941
5580
3836
9713
11666
14506
8958
15095
14783
1340
6197
6411
7112
14810
708
6199
1548
18219
2617
14669
13239
6475
10897
6574
52
11761
18353
5919
16597
1262
868
4140
18738
6000
3713
10191
6224
7918
263
16390
4831
5508
3337
10621
12630
16079
3082
14461
4103
7747
9214
16798
8881
20520
7068
9354
21296
3829
2836
13193
18831
1470
3907
14665
6731
467
5487
285
1058
4197
4203
20771
3843
11961
7131
14406
18758
10342
18588
9289
6845
6226
1943
19915
2884
3743
12679
9348
16376
6970
7204
784
1563
17707
8604
9169
11270
3467
1901
2271
8263
796
16509
10255
419
569
9204
2230
1792
2421
4163
1126
6788
5089
12430
110
972
5922
9900
1078
6527
1013
2015
209
13917
12024
12856
10629
2052
4471
14035
2204
8150
4132
951
88
7669
1579
3900
10758
3324
3939
3423
1027
15937
5859
823
3357
4769
5379
6514
4528
11039
4771
10068
2284
15117
3118
4440
12490
4314
16661
1621
3587
2506
3605
19691
4040
3528
9907
40
12247
17473
10508
7038
547
972
1350
18534
13499
8919
6629
10820
5819
18405
4141
2499
7524
16678
212
3158
8656
1280
8589
7789
16926
5316
4537
13874
21126
7652
9294
6251
195
8836
649
7426
2125
2289
3117
15452
10114
1440
405
3567
7563
7140
345
5607
8267
10918
6087
2916
3876
13376
1996
10476
8030
9815
10250
14984
436
7348
10753
7954
684
14642
1378
14902
6856
20095
3671
323
13968
807
6507
20785
12998
12128
9592
16571
1640
1730
6989
14251
12354
808
2881
5174
7824
14751
4773
8572
12044
7377
106
8197
14188
9142
12656
8645
2213
9687
6382
1889
9522
8359
1405
15744
15971
12247
12006
6959
2169
141
1025
12725
16087
51
18398
3418
3953
11828
2333
16383
13124
9963
5484
3858
6219
4423
284
10378
10423
8656
3473
6955
8343
611
13850
3196
1923
2
5190
10826
12518
7857
14309
3520
15631
7457
4927
3302
5115
15300
2240
5835
6358
10502
5458
4130
4236
2241
2702
7786
4446
11277
8384
1647
17629
291
4120
9958
7445
2975
6936
8351
7516
6111
10862
11137
6932
8371
10015
14603
4127
5643
5521
15522
4505
7511
7265
5578
2988
5369
2390
14654
1194
9751
15632
2382
11716
2126
7620
18659
3559
7130
4061
19077
9199
2899
6778
3404
3160
10607
22478
114
2856
5589
6579
4087
6766
6191
7470
11202
1
8357
5438
8304
14389
16988
12927
12408
12780
12610
329
507
3979
3829
6552
10531
4614
12856
15602
10402
6350
12739
568
1810
12255
6185
6904
514
21
7042
9770
4027
11861
5725
1818
1071
15195
6024
15968
8056
679
2597
1765
18814
6930
3701
12879
2046
7629
8964
13005
18965
6059
10218
1477
2344
5489
21366
2982
3844
11190
1025
5078
5230
11757
114
3749
11135
9018
8960
12103
242
9936
1385
8889
16683
3540
11295
6297
2817
4759
4764
8286
8334
11558
14240
7412
4567
5916
10453
7915
8700
11932
2360
1579
2645
10261
2354
3681
221
3446
4699
8281
1010
10184
2406
4941
5039
5388
6009
5538
9990
8998
5191
1656
7207
15481
7277
5377
10629
11854
1865
4128
1138
6140
6384
4589
2443
706
3883
8070
11532
11244
2742
2978
11863
8564
20128
9165
2001
12475
3660
3136
477
8541
5355
2905
8254
10633
8787
3918
2550
14417
18349
10121
6401
7694
11334
13585
0
10069
3808
6344
5581
769
1886
7312
3587
3788
14866
5406
6031
3252
8743
4189
6585
11500
11572
7726
16081
4814
13705
216
5363
11275
20971
11062
2537
971
1367
8853
9205
4550
8980
2127
2677
8768
15925
15475
5753
20789
1087
2938
12320
12260
6184
4035
15034
3247
6278
464
8328
13804
10175
1072
10126
10320
1234
3847
7886
14685
2598
2981
12890
320
2612
4770
2126
13363
12526
3910
6189
7725
2382
3030
21804
5115
13170
9165
15124
4457
5420
10348
13875
17859
16365
5109
17852
6224
4755
5768
9611
2679
11404
15631
4779
1829
5007
12370
1865
14596
11512
6455
4519
7740
5419
5820
1942
11398
11045
1318
12636
8624
11912
446
10741
7597
6300
6506
11475
10318
4898
15998
3583
18110
2258
3336
4791
6581
6623
8503
13616
3619
11155
7687
1111
16262
3605
10656
14925
7055
4914
1408
20294
143
5873
1019
2920
1226
8807
8785
1362
16930
12103
1502
4863
3539
7921
13086
2196
2477
2749
8348
1129
13073
17847
6695
16452
186
15101
14744
3557
20629
3229
2911
8956
6339
2720
7289
16143
12753
7287
13453
6820
1592
6023
260
7762
16136
3768
2356
14745
331
841
10576
1643
1782
14422
2858
548
3415
17828
16911
5090
10785
5656
8685
8382
2404
3834
3689
14317
5429
8352
9079
11556
3349
6630
4327
18199
7813
1247
10681
3726
18501
6316
7522
3732
591
8303
11353
4193
4857
12612
10560
6161
9453
12153
5011
18840
15138
788
2715
10621
13867
708
11066
13270
21047
6968
12611
828
13825
17250
1969
6564
5571
8096
4114
16805
17962
6783
12496
261
3943
6440
14844
15187
3058
3520
41
1962
16407
4704
5926
1215
2756
11768
3000
8348
5594
4386
7737
14327
4842
6033
236
2772
11529
1109
2839
16486
2565
6089
9926
8079
11148
2195
2610
18874
3615
7408
4291
18079
7042
6325
4134
8336
1600
7595
5319
13211
1080
4498
1362
6489
13784
19196
3186
13587
12284
2779
10775
1512
12566
3783
12110
2056
54
18409
16192
17434
7143
1961
14140
10810
3537
17175
4251
728
14542
4102
9490
18479
9058
7336
9390
15199
6900
9754
958
16926
11879
2045
17129
3672
1664
4760
17291
9530
10486
6978
1900
11828
1690
12261
8017
1938
1243
15607
12474
4189
4725
4717
17585
6613
9989
5585
10
1910
15182
14588
800
3253
5723
11321
0
21685
2764
8237
2231
13123
18667
10774
11951
4356
17106
12656
2213
5141
13164
3868
5378
1545
5687
5262
14898
10471
5541
1307
2835
12565
15032
6500
1275
39
9257
4793
2246
11235
6978
13377
5270
10475
6709
8966
16103
5793
3860
9418
3419
17570
4100
2207
14583
510
11508
11969
12074
6020
14928
18239
176
19401
8349
2277
4646
2246
7662
11317
10876
13849
3267
789
1029
1196
1622
2963
1474
8030
1131
13987
5790
16759
544
5136
15277
6230
11141
7856
325
730
5843
6554
16078
5982
6839
15386
4572
11504
8832
5368
18333
2267
5302
11834
21289
1702
3125
20118
1045
4653
11417
4932
13553
5235
1804
13711
12651
680
3323
14593
6374
9440
8430
485
11687
10544
4709
8334
11928
1698
3081
9952
8923
1012
5351
9073
237
7907
3673
12889
528
5640
13890
4921
3263
8175
9877
9382
14138
12476
7115
8685
11486
8847
4628
1637
4966
5781
11613
7101
16790
11487
7658
7298
6646
1888
866
14321
11878
6003
17698
9567
2902
4215
5104
18255
11756
1355
18045
3943
7746
3853
999
3146
13561
2596
1261
11117
3740
2107
7379
3027
11401
17848
2514
7544
9047
3910
1329
398
8853
16641
6045
6223
11367
2899
7208
2694
2149
1323
1989
2120
8182
10338
16943
127
14015
1546
12621
1335
7855
20410
14453
2663
6433
4781
7347
18841
9547
667
7279
9910
19181
1050
2500
7331
13861
838
10466
4484
12383
5453
7244
12858
17858
7218
10995
9985
1566
646
719
12781
4619
10251
2942
13842
10559
11254
610
9508
10284
8920
10147
379
2117
7632
242
5463
10696
2201
10246
11115
11787
9675
778
12507
9960
1650
3829
19328
15251
8848
12828
5796
2349
5906
1345
14797
12575
2192
7895
827
5239
5534
4190
7362
2233
12320
13660
8905
21688
8617
6685
6396
3236
16084
10129
8541
5567
8264
2434
2404
8503
10205
6772
14195
4131
11950
3739
13346
13512
1184
2141
1475
15609
5380
1221
15570
1685
4750
2534
4125
7860
3332
6607
8524
452
609
9734
11112
5514
12696
8538
6648
1152
6778
4110
6738
12471
14752
8195
2002
6165
7748
8693
17450
17218
32
14324
11674
3481
7171
11926
12023
18903
12754
10363
1383
4390
10849
10244
8460
11228
6762
404
6756
14548
6876
9455
12046
6136
14116
13148
6725
550
11877
3331
5092
4726
4039
2324
1911
6727
8346
1586
17422
2309
5107
14989
15798
12738
8997
2006
14728
5242
11961
6126
22588
4383
1191
8371
9539
5116
19532
5429
5896
14690
6343
6239
10081
9069
21658
18783
271
7162
15069
702
13989
6755
6667
7364
15327
11477
15869
8475
12325
5260
1278
7231
10341
4506
1324
438
7661
1337
3158
14946
19215
7961
10921
5303
10116
17139
118
17667
14953
3472
10344
1971
6887
4584
5735
12933
2909
6375
1341
13071
9216
2020
15437
5592
4932
4016
5934
6235
9074
8940
14934
12136
12201
12070
7252
15086
2417
10476
1610
14090
5080
16847
6891
3611
17740
14325
18486
4277
3676
8520
10677
3168
12734
1808
13479
10139
5059
5105
18889
11666
3122
6340
6853
11225
2185
7492
4293
9225
10849
5067
8158
9811
1331
1236
18087
5508
17496
4216
12837
104
4175
5580
9414
9058
1025
2714
2804
12762
11377
10341
18635
12844
5310
1360
14704
19633
810
12068
8770
5285
5432
19893
6074
1234
4078
2658
13100
5349
10419
7256
4466
4562
1281
9442
203
6726
4619
5842
6052
5445
5728
9538
14946
14602
1223
8202
7370
8326
14929
7221
1059
1546
8929
1961
16651
5312
13140
5411
3552
1065
21036
12374
16560
2721
11918
7450
13861
3133
4131
1030
15946
14386
10147
3834
17490
4455
3888
67
18448
1828
9291
1798
3804
3448
14272
8186
593
7148
9331
6328
8886
3102
2754
12728
4295
5753
6385
12993
11917
1902
4857
18141
2018
6689
3015
9541
13700
9410
16257
339
2516
6686
15074
7264
6911
1465
5858
16120
3324
15281
4366
14751
19950
20288
720
1748
9134
13045
4312
21095
17903
3684
10914
11755
1967
75
8942
1999
1148
21565
13333
3926
11040
16616
1325
10067
3920
8639
6986
7942
1404
2652
19835
800
5036
3421
3125
6393
20738
2806
10340
4060
8037
11086
7563
2740
6885
218
303
13324
4173
2584
2885
4112
12156
1528
9470
9248
1555
1799
5388
11023
2147
5482
17162
6163
3860
8537
18007
16394
1830
7219
1016
11550
13157
296
9708
2210
2178
7521
3692
2413
21623
402
4490
4136
20496
12885
15419
528
15637
2497
104
12224
3191
3351
6146
5617
7591
4702
14234
1845
12815
1018
10376
16218
18594
10041
8284
8139
1441
3772
1870
10630
16684
339
1646
8634
9017
8626
9310
12319
16641
5140
8417
4662
6063
6730
7259
1483
6809
261
13359
10293
3019
15329
8455
6828
1909
1743
13740
16949
700
1239
8128
13740
15712
4725
13912
13427
19700
9911
7334
19012
7951
4156
5135
12770
17989
1934
15925
4431
14720
12001
4978
2210
17005
7848
563
2131
10975
6466
5685
218
5145
2535
3790
9959
9372
2525
2657
10703
2839
11561
10259
7465
7791
11735
9576
6506
3564
8289
3240
6736
4370
6592
7348
10323
15897
170
8569
4350
14296
14572
4628
7004
11126
18356
186
4139
2196
19103
16127
17174
11564
4553
9218
9121
11030
210
3007
14893
11979
13396
3461
15960
10089
12651
188
20508
13925
9965
20297
5165
3405
2917
14072
1972
4714
11020
626
6460
5859
16519
1870
18580
1535
9810
1638
15077
2308
288
2287
13474
10547
728
4355
4309
3212
3851
7489
7903
8172
2529
15457
21004
9163
8576
5059
3084
7009
3784
9897
3204
12595
3642
14700
3638
5747
2581
5727
10765
3333
5884
39
2636
6648
9378
9614
11203
18104
5024
8186
14266
895
7356
6342
19234
16544
12048
7590
2030
6834
4578
3250
7581
17128
7316
4629
823
5280
12200
16207
14542
18805
8611
17161
12117
8353
4195
15315
10106
1857
3372
17176
17185
3958
10712
1962
417
16176
1341
3776
21882
13988
16498
2341
1062
70
11015
6111
7607
3159
14846
17568
17743
9640
3014
7261
1987
8120
5123
6239
782
15871
6951
5437
9991
18071
14504
14467
11048
4826
2227
6611
3187
16112
453
7819
17710
8797
1079
10241
19686
1301
3081
4436
14405
8830
82
1092
10424
3893
6939
8265
16742
1120
13704
1508
4597
5193
261
1610
13475
3147
7330
2633
1257
9831
7219
2637
19289
4018
7536
20526
15350
3057
13830
3076
4264
12800
6213
7410
20675
6895
5226
1956
7050
2882
5335
12914
6246
4672
362
2108
16004
8288
14338
853
16168
1722
1715
14964
14777
6007
8469
4859
11177
6931
2855
5305
16672
19071
15103
10401
62
10629
2164
9569
6052
12111
16220
7493
8228
3837
4592
1448
9345
16226
13210
2924
544
17509
10516
8176
8438
8491
6883
10318
4721
4742
2463
17016
19844
374
13844
1613
525
8843
2671
4074
603
14580
10062
13180
1086
753
7668
7887
3213
12247
11951
5506
11780
10535
11208
13467
4188
7387
14170
1661
452
2274
5808
5783
13061
2265
16354
2139
2771
7943
5323
6984
4074
5596
4638
6076
4171
5384
9638
3464
11892
3170
8826
4731
2730
8944
5012
9256
1417
6250
8649
2040
7251
2279
2817
5796
7955
16988
1810
9184
12995
4161
10328
15193
3452
7561
12240
14518
11669
17215
1207
6317
3104
2915
1531
16181
9459
6269
7858
14569
10132
2284
10203
5348
11547
20329
17674
4557
8031
293
14518
12482
2150
5102
9313
2657
75
12838
9172
6927
5213
2921
7836
8144
7990
5244
17032
2784
3679
3668
2644
15140
8750
6305
17758
2046
1568
13344
6847
6128
17452
10986
5127
7466
13229
13241
1503
5309
15861
11232
1088
5428
11856
738
7004
3846
5979
11676
6932
7379
1213
17837
5155
6409
19249
11044
11205
11761
1802
8141
2444
8741
1576
13264
2696
8684
5405
13811
11713
8755
4883
7321
5784
13958
2058
2495
4523
2663
4782
13172
6772
6994
1158
2705
16558
2467
6951
4526
11529
10741
4751
3124
3526
9326
7362
12695
2278
5700
12166
8450
18471
3594
7949
3509
2217
5041
11740
7463
9794
17818
8574
15051
1661
12310
14335
13732
4291
592
4238
11746
8325
3802
6401
3037
10038
15714
700
3217
11087
299
3717
7317
13645
8911
9444
12420
5115
18463
8095
11042
6376
161
15846
9117
16468
2112
169
15841
3822
17414
3192
11684
6648
21472
2228
4736
8356
3810
9388
9560
1240
15664
12633
4601
1316
17683
18088
10375
38
18693
2794
8370
9099
2921
2586
4626
10898
2174
8219
7797
11543
933
6728
4020
8881
13809
372
5122
73
3100
5155
11958
14014
7144
3145
9544
4150
18494
5731
4683
5635
11349
2289
1124
14614
8677
6614
5126
1865
9037
8821
10759
5705
8955
5091
6276
18794
1385
7643
143
15928
8755
4883
13073
6512
1184
12338
15652
2475
14491
2038
4889
354
17434
3734
16554
13960
656
9919
340
11138
5829
7483
3826
3779
2903
1296
4181
2982
8668
12585
5843
5596
3281
5400
10696
2052
11265
6486
11545
1462
7077
2830
11692
13234
664
10417
4131
5688
1023
9859
6476
7492
8547
13371
7056
2217
7865
5948
4412
12358
7169
11998
11507
7612
610
334
3770
5648
13900
4370
1834
2607
2539
15144
4375
4629
626
8738
9852
14397
15814
14502
7579
2685
5654
14541
7939
9167
374
2577
9715
6599
423
6841
6341
10663
13321
1609
7297
13252
4608
17806
3402
2703
3512
5269
5020
16055
7430
8324
10877
5796
4261
5294
15554
4205
12807
2535
6448
6686
2275
1241
1503
11774
4355
2498
4389
5637
4784
20232
2831
20972
8916
9127
15537
21699
6419
13690
11237
4948
2418
3408
18265
8991
4351
3409
803
723
5439
15510
13312
5848
2999
7435
18109
3717
4156
7796
14211
11701
1377
4181
14206
12
16567
10938
559
5363
8953
17523
10726
6620
8875
1901
10114
1604
5135
4703
1202
5530
12869
19473
1745
7446
14782
13824
15935
13719
6063
3369
11855
2580
7669
1739
2699
7984
4889
11
5674
3287
2515
6781
2546
5350
4282
5594
8438
342
1046
5066
9834
12508
68
2803
3673
18500
4385
4919
5141
12279
18514
2475
14765
14476
2380
11855
7809
508
566
5446
3535
12181
6140
5684
17597
7101
2549
9991
3896
1687
10905
9686
731
12158
18010
4438
1600
1737
15065
3039
496
6170
7621
4434
6371
2985
1943
3759
202
3693
8732
5662
3061
13127
11660
5960
2047
1456
9150
9476
14577
7831
1700
1905
6016
20032
530
6937
2017
16495
15658
1786
11854
8322
1701
19429
433
8574
8179
11007
12031
11998
1021
1599
7148
10285
4359
1660
4184
3441
13269
17458
3652
17116
9533
14010
4059
12924
5789
8961
2997
11061
12806
16483
4991
973
7191
3296
2136
5232
