18350374
15694791
15443860
15489670
16521097
16644245
15913073
16851636
15155792
15766930
15234343
15393934
15459546
16313264
16026228
15787403
15100297
18110804
15914047
16896284
15506970
15618802
16449159
15501524
15112571
16244006
16305862
16610834
15523728
15101629
16505869
16262941
16465882
15504665
15968418
15486988
15477457
15752213
16617469
15654923
15697930
15548422
16614862
15212146
16708369
16083725
15135050
15702374
15457198
16270695
16397126
15770707
17911842
15355772
16360326
15540647
15411456
15481305
16092054
15647672
15856133
15378064
17222103
15467999
15380374
15448737
16126379
15921265
15261329
15379824
16419693
16151030
15338330
15784155
16929475
16487824
15690101
15294380
15878118
15544572
15489905
15072172
15464498
16260566
15066169
16579482
15552080
15558882
15467821
15630596
16837682
16474483
15368846
16011448
16405247
15615519
15789178
17740732
15490657
17980783
15345586
14919864
15802033
16690125
15765979
15458246
17345169
16293414
15743892
15483911
15729618
15158870
16362184
15717108
16174105
15583271
17186194
16787482
16990299
15893503
15768920
15308546
15780522
15768039
15598528
15110863
18813912
15430540
15715948
15729240
16085195
16520358
15906373
15907784
15397297
16104545
16730299
15781053
16674052
15454111
15338491
15566721
15726884
15752656
15069437
15658611
15294282
16846566
15939149
15694667
18757373
19429546
15476647
15719302
15252253
15230436
15376758
17864226
16161059
15224179
18092547
16102039
17783830
20685211
16015899
16331080
15753804
15800017
15475958
16500603
15354983
15293321
16553895
15694409
15581344
15595937
15790199
15360753
15284555
16371706
16127762
15791720
15930631
15122411
16262354
16140485
15824163
15111496
15389641
17380415
16014582
16083778
16180703
15453665
18063800
15168888
16114656
15462340
15186271
17753536
15298369
15272746
15833066
15214918
15701518
15929218
15536120
16580795
15888129
15451637
15433830
15535967
15762264
15488280
15500521
15754464
15455835
17512829
15361637
15148714
15525576
16928600
15327991
15518519
16308552
15898804
16601018
15819842
15327543
17319083
15352836
16138333
16463503
16746448
15431041
18974511
15486234
15407304
15188460
17718334
16324336
16046224
16209372
15295112
15140104
15345586
15622267
16153907
15487241
15464498
15497312
15160441
16627062
15451637
15184721
15181281
17188634
16340338
16250249
15813345
16107623
15944568
16562383
15674474
15249250
17885683
16307174
15569114
16056011
15444097
18463446
15661317
17655554
16324220
15690809
15973866
16606047
16870629
15277959
15590278
15768294
15528537
15639596
15586544
16591555
17860988
16166924
17431748
15781515
15524613
15555204
15201199
15826091
14933893
15705691
17397730
15332470
15694310
15172308
15308199
15422476
15571777
15445406
15396104
16290094
15351282
15762514
17641904
15255287
15205525
17086137
15984326
15776838
15698045
15648462
15218746
15554303
16076126
16557205
15716160
15742348
17424912
15504109
15857226
15784764
15460452
15577686
15608064
15784868
15727709
15643882
15532499
17246826
17401509
15816047
15904942
15487637
15329234
16869458
15695737
16060750
18470703
15273816
15986862
15522028
15213149
15538018
15373896
15697073
15512690
16214520
15881715
15923072
17444727
15779958
15481232
16058391
16034753
15298076
17091762
15216277
15586559
16454349
16111228
15542698
16283263
16069560
15830585
15995589
15747226
15489320
15701552
15483929
17162764
16893297
15759265
16518915
15489381
15455890
15548603
16902112
16560262
15083866
15340805
15982432
15663793
15182432
17389851
16040752
15301715
16870905
15806130
15159038
15366779
17005339
16343519
15067602
15152986
17073388
16339353
15532374
15349160
18050514
15041662
15123226
16334393
16006488
16009645
16260961
15410695
15668790
16198894
17400435
17807697
15617772
15766772
19209542
15836595
17502878
15921114
16858143
15809207
16481746
15549573
16305461
17843882
16116106
15368084
15444097
15392298
15179930
15737550
19498741
15087393
17112680
15590146
15567574
15637980
17892905
15339032
17011582
15710457
15667190
15473985
15212827
15492121
15531836
16819562
17712031
15237935
20067788
15224186
15405162
15260585
15533528
15067602
15819265
15441440
15433766
15152122
17718612
15515560
15209339
15743940
15215798
15408790
15366887
15479949
15554082
15183784
17750040
17003123
18970197
15893903
16793846
16567216
15456734
15077754
15622863
16519076
15728096
15486905
18126829
17951250
15137458
15770961
15149984
15404743
15922191
16607041
17814040
15761937
16325329
15542493
16151755
15483260
16329646
16490280
15704449
15816159
