30629100
44806938
41477868
41390593
35446220
35001878
26415494
33503366
41963325
43626800
36006131
41828057
43329680
42018515
38764243
28403561
26703691
44976705
29142256
31995736
26980295
35189141
27932719
27010009
37216495
32702152
34454266
43127502
31254352
43321024
40687851
32185712
26800598
43385988
27911044
34559199
28895784
45231782
27274300
39475568
29621656
34304656
32950468
42542240
31863796
33860370
38102302
40850704
36763393
30461135
39552166
34022704
39208382
41415008
37149289
39479182
38240863
43084331
31764130
44171127
43615462
43652059
30650395
27192669
32963744
43466242
31745110
37699593
38248320
29957438
30979173
34189138
29012618
43417595
34521066
37697286
40418017
37457925
26760309
35896509
32145045
27362691
39111555
43579953
26350427
39859132
30742297
27365335
32051511
33688566
31782487
31799323
35103943
27201343
29132548
42246544
27947053
42152795
35675923
30227535
30175432
29621801
36885414
41745576
43066675
28506488
41230494
40386060
43065882
34494815
42412936
34541585
39877690
30047024
39768150
34658946
27736109
26803650
27976065
37482729
37974417
38259619
35911412
30705031
41415683
28907597
44175993
42680319
40760036
30195307
27618342
33420058
28844114
42379133
30108210
35486459
27709898
39160532
37101655
35530514
44810765
40559793
30068567
33030868
34807989
39452381
39946448
27273723
29567417
41648880
37041289
42517334
35370585
38177370
43408312
30821182
42650466
43435345
36028946
35177694
30874254
38184456
40965388
42831986
34775749
40024180
26834155
28991406
38321863
33478288
37186664
34581891
26413068
44920764
32020289
30118603
26864240
39960645
31338786
38480188
36409025
36051823
37075474
36054941
34193491
38412286
27365150
33256839
42661676
30596181
37316793
42007258
34767504
43358194
33544754
26732624
30532031
42199879
37121300
36633277
34670208
34491687
40080567
34033732
36188960
36819131
32325205
30485040
34032833
42067363
41351081
39260611
32195198
26825240
36970495
34574256
26221479
45000387
44302631
45388223
44931554
44576989
28286613
36051712
34994151
28547335
33486742
43651546
27254579
32069366
28523966
42664887
36477214
30365384
31103774
45935475
32505790
46015446
33529482
42897695
44508036
39067898
26717085
38024367
39357078
35026125
41007825
36104532
28780979
33862750
40465532
27746018
28962299
35215351
45032961
42977945
35135406
38520866
30054894
33972760
38305787
37127320
39973176
44365587
28086613
34371108
42736499
37511008
26402559
32497480
26456561
37818393
35013804
34996802
43977488
37930922
34370766
33448851
35572835
31395714
45262511
31967518
29674915
40575390
27889702
35812463
36972981
26852733
27494366
31550952
29303911
27319492
44093966
34334114
40559626
33867624
43546422
38338582
39991946
28977898
39260091
31703135
30034603
30525059
41359749
39677109
39648148
27135176
42849414
39084913
38822457
26514040
29313911
37968234
37851784
38259635
41796842
28983492
38666122
33146771
32051509
31230276
26996332
39555154
26523580
38891230
35494337
34003431
29869825
35054569
27558885
41412242
35465590
38365431
30929644
42178309
43471492
30124025
38904251
41068339
39334925
35129357
28713245
38141664
27435286
45117441
28201959
26812916
43303904
37926812
33142692
45707520
44953807
35295993
28611868
37408897
37811731
30371522
33596356
41581327
36904784
26966997
44276406
35530625
39334894
45289719
35115231
38282390
42850962
43108531
28241239
43048260
42926354
30529129
28786839
38943637
31859021
30726598
28079611
27359302
42741241
31793132
31410046
39799747
33655929
37296271
26373985
39366291
41394020
42242624
44432255
37536158
45471358
33534825
31219051
32584597
44388987
32747377
43936242
30054270
29738764
43953475
39933055
37286434
34517128
44069881
34031817
39246844
36498260
40821710
45102984
29417954
36624945
40094970
31895131
32130235
43677291
28051114
36220922
32007230
36838058
36107878
42405973
41064891
46059074
29013149
26833732
38287964
30426636
30621008
38946017
43614812
41111599
42213029
29753659
30402476
33290670
40271443
35944358
36461405
34450345
28688008
29461911
43595883
36514015
40563039
41853758
41331470
45762615
34956280
38552171
42545739
37883262
29074708
29061854
45130450
44116251
34484416
45938019
45725411
43548764
30287934
29447477
35790552
40680043
43004057
28683724
39222330
38767232
43325324
43116404
27384299
39110781
26117839
45544618
31232523
29824448
40024522
36485840
26716478
37480979
26298537
40324882
34293745
31244914
43799482
35734084
40838966
42465394
37845182
35989047
36618998
42382117
37804677
33669602
27417850
41905735
37556405
41056332
35947925
44953857
31144625
38197157
44309722
30403546
33483630
40834797
26936521
37774790
36352067
28288679
26677301
32389359
27512861
27045368
32263831
33771096
40136087
32936488
37652905
39479991
37849725
29426411
43531090
41563760
26878284
33757264
29589440
29157533
36885736
27126117
28834304
43533559
40191674
35263720
32253106
36732888
44567735
36421211
27186590
41932604
43522761
31168827
42246372
34689843
38723189
33338235
44645791
33891227
36215374
31151275
44834380
27450830
35669501
40949802
40291486
27566357
29699177
45587805
26456340
45574657
43449935
27122763
28318125
42164299
35387651
37933766
44331977
27161120
36826659
32238832
32178836
42833860
43612482
42029227
38381495
42783453
39731482
36195480
40406865
33188887
34067722
32694403
34603710
35305997
37296089
30826563
44693006
44286152
36301541
44951698
26393547
33665551
31217493
31917553
41109752
32063388
37531062
34277833
29796473
34503248
37922689
38118761
29400547
34279266
40531157
45552838
30360545
39867816
41715907
39862362
29255500
45060983
43003675
36028892
39154179
28431983
41775001
32219135
36613842
29307942
29311917
37064515
27854055
41255463
40674164
30515124
35237414
45922725
43502621
46092814
34667247
40721879
30913281
31213172
35062868
29839225
38423838
31614439
39962389
40886293
43845809
28261490
39483137
34936312
34362674
44585983
41309084
42814820
44226923
39955895
42123007
40726733
30408255
28118201
29592495
40731231
33001152
27833190
33055632
43075972
35958320
26396298
43747986
37599601
29884759
34967281
38354770
35069493
29489068
42217642
39975979
31155779
33617319
43386528
37232583
39861616
42847603
28832098
42653184
44429513
39624056
38044686
31801894
35596718
45940373
41765365
34660606
39136305
41438126
27057171
26421739
36264415
28875087
41221050
39608423
38212532
32928403
43892055
33251043
41821826
33408867
43931958
30861372
31049180
38434930
35536126
39758750
37660710
28620898
33880833
33823511
32698407
43402941
29619827
41574585
43524342
28862110
36957389
38748641
40674064
44186230
39708032
36208667
27715350
42063816
34552352
34779368
26341274
32431496
28440050
29602510
41754529
39148646
31361818
27388770
38422651
34110534
30459892
38317543
39207974
45885012
44730990
36579827
38235200
44317445
33480000
43645488
33745387
36933708
28436703
44748301
38635884
38889935
33708591
31790973
44535109
31561369
31472077
41136317
28951764
31310051
43931740
39335963
36547397
42835194
40074524
29196507
44330848
33747379
35768160
43574500
44311164
32171820
30077510
40383090
27445780
41747573
30343022
31930913
38144854
31742995
39085476
44733068
35033611
30357687
42337882
27040792
34908189
34412644
27603399
29482527
45479669
27572171
27104215
36224547
37442058
28570463
28459922
32236488
45396441
45151177
38095808
33820664
29106990
45258953
29414020
32861458
27467973
33063424
31896867
41552354
26990983
33952672
26792626
27230096
43320818
29565517
35647126
36045608
33642321
26933068
27387925
38870441
30760303
37270483
38338611
34722732
35673463
32362085
37385630
31816705
38615413
45108520
41448073
43689316
36666389
35923929
27639948
28990876
31526055
30255104
32350074
39289300
40994727
46067577
43312828
27243873
36736222
28471025
34766268
30550153
40527507
28138572
43237853
45783089
41809780
39428503
33535280
44972225
30540036
42356938
36426757
29118735
28686464
28551996
27125023
38990694
38339166
27092757
31172113
31507093
29988459
44665211
37617171
32173001
37877915
38606071
40042847
31769297
35345537
41725812
45718700
32199016
40084417
40432328
42770835
43131581
35432844
30094825
37918304
37709812
30332602
34914321
32458802
39947475
38915982
29814116
36140722
42919759
43716022
29684296
31891328
26878790
39456878
28756424
31696696
36095871
26918462
32428046
36616304
27995368
32220063
44518591
39359201
30845959
44787116
42227738
34119929
33479184
35591732
29658145
42393589
41569451
31186133
44197019
32880360
29078568
28164211
37999738
43672999
43064205
36455523
31066768
36315228
32260017
27910216
39499017
28298042
32512044
32905799
30078532
43009845
33123806
34590439
35221980
42348970
37930016
38849533
29554715
27780237
39121884
28398271
29572754
32245429
42557485
26163569
33515205
33118808
30824599
37758605
42105548
31203321
29244508
43693609
31540437
38021036
29963663
41982875
41186628
33603747
35692278
37178873
28199015
43216453
37296630
31272620
43809656
46006774
36409583
39489801
29435412
32476410
37069355
33141737
43457681
32569840
41590517
30910288
29051385
44376456
26738926
31262213
27902261
30640192
38671483
34545204
38670846
45982967
28044955
33573099
37281145
34978705
30827765
42795661
45219665
40371486
28330758
28164128
43385880
35998033
41027546
35532481
36425258
31095416
26594215
43146612
31165998
28564171
26636251
36263946
42726047
37062032
39085168
31384370
36558566
26116687
45583440
43961515
38952984
26401278
45437961
34621676
27514180
37638133
39576240
30573602
45668592
33175098
26444413
27921571
36305251
34609468
34447759
39444163
27504612
30355063
29914297
39629871
38266034
29331818
41531820
33671919
35629876
39764593
29425712
39408101
28500912
29079625
39111945
39059930
31239640
44311531
29516467
29746536
35853035
35928082
30939528
38590536
44685991
44874140
30414853
28605055
35766756
35256965
37371777
46072877
42895241
39823975
42872118
45217462
44462242
42562849
41852513
41449513
28173403
34156066
30372117
44794909
27859842
32603720
45762998
34746614
31841340
38983836
34396408
34821869
40324045
27267900
42414589
27093777
33862859
40329911
40014916
35037077
32032869
27884561
34945495
40391465
37654004
45379575
35945182
28172146
37313036
38580662
39155532
32040854
30620102
37526668
44885446
42674258
37133352
33456934
30011731
41341571
45278417
44628709
36960352
31102130
26634159
34046865
33647607
29671932
35053150
42301450
40439960
36104608
27648614
31579441
39527851
33314534
35481086
32118101
34610219
32461912
26572896
41832874
27756945
27493657
37599120
35462607
33881253
41713137
26189498
33512180
39899017
46069412
33573476
44354013
26204824
41647370
26117074
43885991
31291293
37812713
38673945
29194781
45623789
35281787
26262738
26910948
29771895
40989963
33887760
30149186
39424573
39231143
43993199
30963433
41843817
44877502
36769561
42115143
29341473
43020505
40741966
26272137
32773839
28409487
36438989
42166389
43281161
38569553
27714734
41783986
45940055
30948824
39523541
28229029
44151361
35477416
44026216
26739556
38475182
42919410
33757303
30046758
30310132
43666309
41345357
42390620
35212389
42101730
39383201
27439408
27061464
41889253
42600005
33020303
43570478
38409938
42887450
26579285
42128110
35224273
43235838
28840504
35438194
34512838
27953206
38563176
42837675
38300780
30585297
26996696
26851641
40265635
30876794
29144357
34965706
32655010
34565378
30839549
44195949
37838861
37916622
45323744
35580915
44821134
26190703
35150389
28344764
41966012
39522805
29790493
46100634
40700271
29956624
31979723
31161399
31831261
40663789
45790873
33662656
36433765
29259037
30227624
39765100
34269171
30453891
45548429
33907528
30539770
31472588
37456746
38692814
37624531
37109294
30094939
43347061
26560308
45202601
32017599
42991377
35415600
30436469
38265027
35152009
27486245
34145934
43246955
43614716
36640406
32443594
37061423
45614574
26372848
26602510
44032766
35283602
27633040
32001586
34307193
38283488
38832464
39680018
26704771
29547820
34686714
38180383
29218838
38148135
27210855
27574336
43713489
31111268
44508089
26909650
26154583
45990050
35373530
44358176
34266909
40148893
43839470
31950971
36014592
45544595
27318227
29224520
26712353
34468966
42980892
31447643
33807967
35321037
44265571
28354446
40023629
45627789
37699062
40934849
40596383
45893896
41922099
33700601
35435159
27452929
30398336
33595562
45229611
28155505
32359310
29550859
28950721
36668485
35044784
33594008
29954314
29930040
26789369
40213299
34439717
35352598
46047519
36276982
39846656
38305698
43285383
26259383
38584331
40099430
35353176
38610739
30396212
33178168
28460093
37861506
40198571
43597321
42785477
37509867
45181245
33101527
27632428
28806850
36483893
43961789
41234593
34825352
32884508
27627243
40895120
39955347
28955010
40870591
35106082
44777391
30104651
36773075
31981455
35536857
27388303
37975168
36522164
38935760
35675881
43636251
27361388
36747818
40529569
27997008
28545341
42401466
30144952
43023130
28743683
34480194
35745980
37738031
40070335
40025205
39977729
26243204
27398355
35274114
36451594
39351930
37401092
36830332
35974635
33091033
29870392
30182954
45904090
38139134
43146605
29313612
45455243
43273109
42596360
30073999
35744779
38224407
34049308
40992067
37018840
29706224
31644891
30854280
45941407
33547438
40047313
42925027
28413127
35445787
37668586
33547033
31124412
45503979
36854356
36402777
42068762
42565623
36072285
28895672
41824770
32725209
41993273
38492699
31205740
38337578
30774409
44751348
41593024
38221799
33570639
29828717
26811841
29563945
29434828
36084954
37178400
29848090
40117144
38132391
34038216
34834219
32354266
42875344
45310429
45961219
40558729
34891387
43059765
43491827
31271823
32226768
27438202
38330524
27251671
32165498
26804763
44813305
35504250
41153123
38808269
36585301
26645045
40199581
32694405
39385593
44197105
28947860
39711357
37896827
28928649
45808495
31312202
27427784
39730887
41722560
39823232
35524837
33277846
32114131
39139847
27742246
32305800
44995424
42724227
41869128
34375229
41899550
41261785
45668551
34113955
38040113
31154773
29899031
38699258
41941805
37076927
38944714
31103534
26174841
29855610
26716757
31131397
28048294
26174259
27253214
36050710
36405136
40552361
28253967
28418555
26350466
35125335
36537073
30343780
28630584
43562610
29661375
37772099
28978257
34263830
32429014
27787307
40924197
36555998
44870082
32434688
45405337
46009741
45349820
44858331
43133088
42342515
39260491
31783701
28259192
41514573
26333322
36845996
29215642
45660753
29676100
36288941
40770613
36089887
45544312
30599584
28824720
28882858
33734947
28431916
42280721
44561762
27034740
42136447
40242277
27664000
40508373
33685831
27379558
34147112
33960688
30202872
33818518
39694201
45755500
27036919
45932060
40280158
36833714
29240253
35573154
27478965
43495397
34257243
36598692
37298800
42958785
44726524
43600181
26980908
28253206
43224172
45122085
38995414
45973953
44036685
35298619
32592597
39015094
33451986
35196242
36746552
43407522
30629664
45834091
27001105
29390329
42567533
41645628
29682092
35507839
43094826
35823682
31653294
35310203
41193902
39243741
31490038
29140737
42212671
27691044
38003640
44125612
32870849
45473319
28976640
38401615
36398407
32884315
40925373
41738197
39241468
35226283
30076022
28791923
30797486
39255814
41730092
35796678
44710124
34017720
30684166
33553163
35368298
28612563
33870835
43197612
33503633
35485565
28956784
40365742
45645955
41891159
37040200
45018669
40101437
32104368
39628101
41512140
35009849
27798947
37303400
43376229
39641311
27078884
28751723
29323153
27585514
41977769
27834915
28678802
28688880
41625340
29967533
28910496
40260336
34159941
44562885
35130641
42746726
32074395
38616456
36783393
29041459
34751659
37049439
35299565
35622568
28292143
34995557
41967796
31968558
30787372
26813890
44417772
33315507
37490256
40269441
32374395
33676270
28377910
39780838
40894100
27305928
39816316
36064108
42363819
41169286
32399628
33652982
32562137
30775059
31274604
43861875
35489523
27367548
40037652
32152836
30038954
44748966
34414224
33170652
36485080
40930968
26570705
37540340
29623140
35397863
45875485
28715276
27364980
33241217
42977535
38337174
31585461
39519399
42097469
44445044
35908369
33615435
28213959
40628184
29455763
42601857
43457264
34785750
44937869
45049439
38627425
27472670
35940738
40787076
27265674
42768387
27219908
28369161
37098453
38095307
33472842
26723499
40392317
43067759
32257092
34230683
32177186
36984587
31989496
36583802
32212122
30268515
43648566
29092380
39450744
43416935
44458530
35776209
29957062
41498034
38299671
44743763
35537775
45210910
40867770
26923017
43117669
41774213
34490407
36413425
39898875
29126996
40457516
35038125
38417609
28814072
37229835
37748798
37618752
45666699
38654152
45352515
41363080
33741713
34801625
27815352
41708597
26164809
26174413
45403461
39239535
35455627
44863954
36276569
35193072
45895202
36249709
42320964
27764869
36844617
28332408
35194243
37599984
30610388
27465792
42045004
36229685
30661366
29413107
29453393
33236788
44080395
40922870
30519332
37274319
35514989
30892070
38821594
32808696
44529903
40321444
30661509
32430313
45028984
33584853
39125283
40102616
36560149
28997096
29912039
45673227
35625334
34993612
36733291
31511069
29289035
39323109
33129041
42819360
41525033
26468418
33912985
41349458
43519673
41943678
40107600
44052749
38362636
33762766
35554161
42297877
31932837
42549632
28770549
30135678
42658474
42169771
33238087
41641821
35772384
37760928
33898001
28816260
26203815
32142082
33265447
36340922
41059890
42286265
28212655
34395282
37446425
39343219
32758798
29438583
42059891
36149167
29745539
26588028
44151461
30686665
34821416
44205400
31124832
32296278
42225010
35355894
32239641
38861077
37826979
36375876
41822451
28318404
33908930
41661776
30163081
41747047
32975918
26447970
36815746
31458084
39575085
29750222
40626943
37473744
28786778
31865984
39182253
28070032
40283127
39056198
44012990
33509420
33278451
39505821
28769681
30956648
40187405
37012743
43379836
31332299
45181598
46020462
45414537
41182695
42655691
39259219
35645238
30807243
37606896
44847857
45549524
45739261
43758880
44348166
33794344
37491068
28440869
37277743
28327479
30501617
40329840
44029374
44930529
26932616
44165322
43927592
36288898
27541591
27878934
43452233
42328109
27681842
37888662
28451343
33723932
28554550
45402095
37965164
41227351
26568641
40076442
34547550
29080832
28329595
42605883
40571650
32521046
32272904
27982598
40543960
38056567
44662436
37415659
31134074
32172340
39322942
44280307
41170667
33758887
26161164
45039648
29497901
46016215
40299263
40517506
41029566
31827839
33623408
42522288
28049374
37780083
28134810
35135727
28519194
40961408
42015779
44192636
30734581
30191610
35816610
39978660
28396389
28903743
31770874
37579979
30263763
27128186
33438401
38679298
34573783
44712862
42811212
39209727
31515641
31850174
43817730
26591185
28055180
44350167
27444466
41809937
36435296
35375846
30504400
29819350
40162566
37211700
40435253
35129184
38271053
43778444
42530441
31578624
44300442
45256365
38083268
44134637
38925965
36197967
32703564
35022618
38928568
45719041
33118650
44664140
37640360
29725342
41113245
30951340
39006144
26521437
40878661
29141138
26349146
28634201
31730755
33542741
35871860
28757069
26174249
31375173
43806310
41998552
40129682
30743613
33030937
37263899
34612934
40936450
26320869
26619080
30359958
43348799
43485198
41659434
31080054
29489904
40359355
42292904
45912559
28453727
36784443
27240294
31021737
36264462
36711766
29371908
41218279
32647112
35326183
36896535
40028169
38401719
42898797
45502895
34589504
45027353
36377923
38800467
29330885
34651652
34236856
33494989
40526976
28353803
38307545
28002659
33495081
38540581
42519944
32062417
41390677
42046430
27899070
43524642
38082504
45762832
43099282
32485055
27178567
39317451
28713206
40504334
31772991
43342869
37974894
28984724
44908171
39716505
26967030
43719529
29717383
33746184
27234694
44222377
35521334
27409874
36224442
28326406
28181421
29842672
41048793
43827917
31622162
43373396
34396619
38866371
35646232
35337266
33596789
45119776
40426264
41973008
36423563
43598745
26107056
33334512
45494811
33287840
27055250
30181937
33358677
45203723
39902195
32441375
28007445
36604570
45382515
42965593
31734215
38455221
36315925
31126682
35640153
36051211
44702164
34240736
39890124
35321257
45900861
37146327
30794457
35525209
43170966
45117695
33753644
36716411
38148626
46092169
30658414
36929105
30504953
42237008
42739912
33946632
38972233
27690210
38794758
30572681
41103021
43620082
41638141
41271410
32744975
36624206
39056831
29173966
29613606
45344788
36674755
34238566
41537180
27476970
45811885
36050896
38255219
29824527
37131787
27698277
38702637
44109935
28548542
44555547
44942829
30546178
43984687
43542677
34250958
42793506
30953752
35152582
33098118
36015269
36970701
36384501
30709252
30105048
35213145
35418384
37343637
27382433
31489998
31025721
44286936
45659701
30454032
42821159
41551713
41216243
39413706
37659599
35669169
30629080
31406711
35457719
31551741
44633295
40506408
30825902
29314429
37741712
40050103
32628362
36955848
28131560
30215900
35765638
38522142
43867619
27756943
35414986
35379661
45726823
44512405
27707542
29045257
30615756
45309193
44841809
36846225
36910053
36274504
44848539
39205875
29438581
30339279
43022480
26664967
35225097
31020161
39745310
39182243
39518078
45049629
34089770
33421111
37124354
40367830
43624364
42620412
35569668
35589923
29586566
40574676
31510173
37607299
31460465
35837240
43152096
41174935
34568605
26415647
36233483
31545430
32602556
36921758
42238652
43399904
32513153
32799136
43453117
37430763
37185429
26695271
37110761
27585517
34902163
42006523
34384558
40043004
36755605
44039079
30546166
33582722
37403047
34526446
30030607
39596933
35025869
27963861
34907074
44598558
44124276
40853376
30125251
39476858
42047275
45739499
35577512
29668925
32927721
37302379
30565499
32401486
44645423
30139539
37291070
33486239
39982759
30271272
43457415
31591856
36895650
45550914
45600052
26218540
37798374
37148194
40532415
37445117
34022506
45091279
40110622
44909230
33114659
29643217
42021901
35155520
31426369
37213206
37499204
42809620
26444596
39040152
39267779
32260597
40253551
32270624
41569027
30347435
26585615
41349097
26654483
30830590
35629056
30809609
42716581
27746125
46099880
40075664
32633329
30589857
38703904
41777897
42436957
41767678
43319293
33345159
30454403
45818074
30725589
44628760
44353744
35068685
26763288
40878718
43828108
29834945
34763344
27038778
37173152
29857015
28010419
28458731
34214524
34757503
26607561
37331125
45034996
40608782
46055587
27467277
36673679
39010436
32934096
33229628
38933187
39294491
37437392
33450946
34646930
43409056
44168101
43071579
43806711
41429026
39905370
42652691
32073523
28553099
36885412
30573145
30375143
27244488
29348073
27276478
27050519
35276237
33498333
38196339
31409319
38919220
41480519
43250265
43269604
39903988
36425334
26319512
37972010
39548984
43306667
31917115
41732561
45359644
40984887
45449750
39771768
35331618
44543131
37142002
44384375
33445053
44160922
45242799
44320321
33059685
26694120
27303989
37839685
35503530
27306811
34124606
34655504
32502224
33412021
39622863
28656799
45111874
34652768
42821999
45995277
37717336
36836429
26937744
34789608
39985464
35316161
36106940
27003478
30825333
37140010
34172961
29899226
29770380
36224847
31602328
38460159
31516423
42215339
39795243
34543982
40582576
29227669
31245751
44457291
37723395
40093468
35966875
32908253
33014780
33015584
36376600
32920282
37610193
43412793
32434815
32223672
27868435
40268130
36027849
35270238
36912809
28601177
43987069
27099930
43965207
39672529
45176834
32709820
32979250
38093868
36112086
31197226
42317138
37642184
28827231
42001239
39377530
26641892
37787820
27608421
27173927
45990496
37303931
35760136
32380476
27283609
28051053
33012581
40854860
40743697
28658712
35791456
41401964
34295468
36751079
31073746
39591256
37860728
32938437
28016436
32039997
38973517
32879135
26198238
29805875
37493523
27048512
40091090
28171706
36715318
32048494
30236729
28687434
27550746
44276696
26490531
45080406
30303192
35361331
31313628
43227714
42380969
40808619
42247691
45833387
42459695
38387205
35433331
27648916
34304115
42307846
29403498
27889998
28793676
40149375
39431430
28002919
45761597
32260004
43985899
44386401
36519952
35065107
33411983
34045910
37828748
29060349
43755980
28626161
42815448
38249280
29208421
28295793
41393287
41454759
44285655
32420785
27396146
29176857
37999931
28899079
38749465
36758939
39978513
38963226
30193691
30172719
44586393
28948531
34939418
29959175
42684324
29277317
42432937
29853191
30487842
28982631
35303818
43268023
30911190
45513649
43016314
27760280
39634226
40622988
45896189
29134284
38508752
37296776
30040251
43132021
42548059
33326272
40370137
40454790
43647811
35441362
28686621
30696252
32960710
41422467
35238493
28625539
44547387
30878437
29202344
41270644
43759963
42935498
42416577
43503062
45956838
30855132
29232823
34779989
31085447
40698980
38104878
27012442
42066603
31545273
42740426
43125696
41195400
41038909
35835426
44178770
28348953
27111172
29926252
27487387
26650959
42719790
40061831
35577581
39179353
39942354
27489215
36624196
38732961
42132149
37444352
33668296
39783823
26206345
38052048
29928990
29103353
41956715
45575038
39869498
26939759
41264106
28635646
38240644
43048212
40878228
27671282
38687974
28233849
42922338
42068961
45445559
33394906
44222486
29969214
32617312
33508399
42727572
31267193
45944045
36164129
36331136
26731573
34101692
33724105
27845395
39525200
27625010
32520453
32403042
30023301
46081615
44414519
27940308
42018999
30461395
39088332
31755821
41459752
42113103
41410614
37206990
42582918
27571238
45795400
32605487
46037283
43644673
42976576
28677953
29857638
42378077
42589259
35949516
27536117
43774920
26183025
33257289
26723807
33912786
41280748
34995219
38962187
29506448
31407138
37530653
33650090
44647596
39705735
31432676
27472121
45899430
34621174
35633079
30664324
29870531
45039821
45130053
33164609
28129739
38672377
42376538
42791747
27176047
41975077
32408047
39461740
33471342
44447089
28736559
39477960
39672252
38251697
32257413
35595071
34047332
29576813
33403720
37947913
36533016
34857547
42600404
33620604
27657563
37563646
28374415
43806343
34802146
33344674
42405522
36971316
32527889
34373986
26325547
43737911
42893524
29676007
39648247
27323961
44236488
37137919
42101563
43411968
45906899
29013462
27471017
26208144
43871051
33371947
39589083
39978900
40104110
34871939
41199216
37482682
41646574
29012575
42973118
29707826
40316079
43363728
33879368
43474047
38838999
37269792
29335069
36293219
39430722
38686143
35433720
32907198
26833954
36813750
41255088
45306765
34907589
42996941
31403815
32206061
30364415
30206922
32686833
44274797
45412468
45494001
28798735
35637321
26934243
33879200
42326819
43576776
37637603
29873898
29362485
41241167
45701621
31508596
37162966
35650205
41995420
46028939
43448410
36485082
30029988
34589700
32118979
40749172
34965976
30191783
36522264
27626097
40878006
29566980
26348360
44818489
36513217
27117064
30770402
33192389
27760214
46086848
34733400
38253845
29268966
37425882
27594058
39016099
43888079
44591294
28639646
38899171
40116859
32735959
31986384
43260222
38928128
40876666
28851041
38820636
45837934
29434320
44692933
45749043
30893631
37384155
35257312
43332281
32384415
27937625
33084652
28153430
26328889
38509309
43041970
28328008
28885853
37071242
29476728
43181435
43836034
40456914
38485728
37753720
43604631
27244764
45324986
31017269
44623444
39803723
28543164
32041294
41155713
30543495
45434541
43767615
29893269
35653271
33522090
35004768
26670206
36053229
28958598
27119627
45893264
36079331
37183160
33622256
40962071
45807414
43043283
28925930
35985610
44150234
44761219
29060126
29866561
44376555
26528195
40281106
38617256
35893231
37696244
36224802
38218825
43611260
35720149
37063163
33028316
32758663
38989840
27239894
31105064
36229065
29615477
34419335
45070683
32581461
31632776
34847367
27633172
32192747
38396148
42869900
45033005
36577147
37838382
26735743
34387676
40730918
38861685
36341425
41762513
31661053
38087322
35400770
38451072
37430805
39224285
29292906
35264681
26502697
40335206
37130797
44930038
31551973
39533426
29636379
38574082
28721209
32940879
26731831
43525930
33837363
44247012
37501833
29572368
45775613
34118607
33874533
32740404
38223493
34860748
34033041
45426019
35149299
32280689
32477748
41078561
31266655
36804480
43110373
44023513
36471368
32979310
33538263
34251650
45631210
41825249
32299308
27410117
44972938
28287668
45647664
35426198
36210696
36510275
33101152
44913471
29644585
33683662
32160330
32634754
42695435
45799395
44187103
45491671
43982514
41258940
34131960
35445298
35978288
27051850
40367397
37119136
26589525
42438589
31452981
33056731
34140403
27828629
29623580
26353078
27047325
34739019
32185028
29617086
27349470
37304027
45717441
36521801
44477805
36425544
29375627
28795996
42074400
36648584
28797655
45905218
41472138
32821853
39196449
36663166
33911297
30204682
30098009
35192267
29289795
39179235
30484222
43456707
34142059
38861662
29013338
29536321
31390641
44863873
41153918
41904657
28072940
44783064
37826900
26528813
29516926
44271567
27870643
44492151
43585420
26352237
38447258
27502683
43168850
45326101
33931937
35625747
38606720
29931182
38923304
39692504
32877231
43045396
26529883
33901569
26236200
45576094
33386970
38557370
41174748
35897185
42621263
40470869
40589744
40597211
32696608
33195435
44016509
36875774
40242367
42432109
43615483
32639869
32678694
38642540
27986855
44613392
31801698
39914999
33156050
37035069
46035618
46086471
35774757
31385432
34490881
35874365
44653738
32702326
35834716
44064943
39892873
31119707
32274243
29940087
33099898
37064538
26554558
28532038
39517606
41620690
41620799
41023473
34535389
30709078
26192777
27265648
30836562
44210729
38051056
29603873
39426880
41608493
40717573
29884045
34707569
35031972
38102164
34296126
33540095
38451183
39522310
26358190
28758656
33388609
27113460
45538567
32135727
41272657
33358602
42730238
38528669
27451172
37759279
34581122
40567564
33438394
34757734
36711085
43930902
44719330
28280495
28481579
35076101
26221166
45915221
28603635
44984542
45002139
44447170
45339713
29076514
30825026
39906843
45108646
42162179
43307902
33051994
37429876
45670995
43362428
41833998
27515389
37158314
45026378
28750347
26859527
44695301
43900216
33721675
28174357
43540827
27542643
32871783
40641987
45763967
35672680
42576826
27658158
40176232
39457574
31268158
40513883
42164756
30310514
30569889
39030166
26873080
44254121
30657318
29752654
29023946
38329092
40807130
29365027
42561387
32897894
45034541
38136256
37612845
44773248
30853231
38863789
37157947
44801507
36087668
40998168
29339667
45665453
43561052
29423125
28476578
43910955
43720357
32959974
38589774
26274179
39835155
44503302
27416832
36328800
35685658
37775732
31056457
28337748
46045597
27312329
35486026
42043907
26629096
26901229
27052864
45775558
45413696
30994913
27076671
39894655
38997049
39902513
44614032
33865669
38202540
43766913
27628706
40943503
41782953
30745801
29536333
36423191
27344548
28130942
37092014
28939766
45794273
28695567
29729319
31127998
32812693
38139590
39454488
31528509
44788001
42293076
32756185
37910039
37311860
34988680
27261563
40702979
40387777
42315867
45122952
31904019
45760796
37640123
36838758
42198756
38937456
33738112
30757728
45870630
41886446
30449833
35209611
28427089
31271834
39078939
30476716
28662501
31921519
31083862
43045934
35030756
30426491
45080893
26501160
43674525
30455807
30460601
40605280
43887426
42317300
39973896
35122970
33827475
27738153
39094544
42949349
33589693
35494815
33518842
36793129
37441941
31497102
37208889
34638513
46068982
38267735
44200334
45037873
33679012
41449398
42734840
29508309
32409722
42926997
31253369
33334883
38774664
29023832
39936833
45817026
42262834
32463214
38678058
36663534
38345682
45726127
34484293
38890269
27114374
34303752
32526778
41574673
33349741
27899090
32796719
35475176
38775360
40825671
27489706
41483643
38707030
30891160
45583583
44750565
37906081
38247213
26386763
29945512
31803191
41882108
36395128
31651811
28384512
29822943
42729221
37588022
43692617
33448860
39456102
40169014
40517534
26541498
42281049
28382295
36982050
30786765
27937000
30491904
29741233
28009069
27912215
45800382
34074369
33330775
42094892
28045633
35606129
36627213
28747953
36427359
38918247
27785752
30315093
35030429
40114237
38511250
30415355
36584434
31196157
42547593
42499808
34182582
39117883
35521850
29533502
26525718
36076632
44486231
44108446
27338027
27647970
37969526
33228570
31802753
29008328
37794411
33658125
27401536
36488977
36590641
31480712
45813418
26579704
27269618
27573879
37823474
28483772
28133367
43113574
29685086
37351779
31691995
28970611
42564917
34791329
27193003
32291838
42283785
28495820
40254038
26340031
32343675
44362432
43879632
33262216
35947750
30655820
37719367
26176342
46055620
28469451
32735588
27937690
42054258
42928330
40655325
37849608
26937521
33945775
44544685
44676347
30757290
33685868
43781659
30968995
43664242
39870269
42210463
39658004
40531605
35908476
37386838
31800202
40068755
30590652
27757109
38795427
34702138
32273059
40975277
27334910
36336473
29475783
41947008
32964999
35771711
38988256
32507633
38906019
27540635
44515314
32291820
32693669
26288471
45692714
33180241
36439693
31928205
28326365
41210282
31093587
40620162
44608147
31048726
31483168
30303138
29468388
34137328
27607109
41421519
40175064
36194470
43477061
44594276
35850241
26323687
39653193
36512880
44598462
35599273
26990057
27048045
30625618
32279249
41971370
31826482
38836641
34910675
33799101
41429474
35818225
39209740
38514680
28178167
28125828
27224709
26534178
27495333
39871888
29193818
30925603
31629047
30564991
38193036
38226615
39078207
43048507
34571160
40707265
31220407
30456664
27985680
35252103
43095527
39139038
43278405
26713446
44527592
27646104
44177809
39353983
43626818
33706188
30837816
44109278
35206963
26349162
44090751
31440481
45440420
29095839
35353334
42726032
31550267
35834834
41461304
28478591
32232600
45369335
28689448
41508782
37049025
39095525
35505650
35936051
43428113
35399619
38490500
32572102
35889680
28129878
31784478
30995481
33326831
43873156
38729734
44839537
29093825
40098785
44366645
40253949
28389037
41125805
35456585
34587048
27426413
36994895
39167715
40913704
34583372
43166775
37169738
33227986
44685158
38222079
30327310
39386405
36226223
34731580
40923509
28620085
29020842
27520840
27537893
42253103
29820270
43386599
26922400
44950064
44752040
41651152
28182038
41552520
36213097
43342862
31038450
30773794
37001571
42893767
39543583
33465957
34866325
30322994
31258544
41867520
43010983
38801101
28257875
38586415
31459736
37633360
26277313
36801113
27169314
37856535
45097777
32156000
32860362
35458892
44478975
27759846
30734799
46017294
31258857
38160814
27802752
26633625
36218549
36776921
36109686
43945947
37298189
44747114
41070150
39901315
39861576
45757298
42657442
35735259
31303149
34230691
44979668
40082516
33160175
40707068
32143967
39525330
31295700
34207426
31852371
34052862
45270155
35725815
36299518
31052197
44952378
28718967
32277300
26197514
29819596
45071126
45529540
27374642
36563709
39688629
40533903
31968825
33488488
39944053
26737113
38986602
32003932
29503761
32601572
34057842
40155680
37968912
40636344
39882131
33715177
34429467
39988922
30710068
40843926
37912503
40625200
36712144
43778037
33490900
32959747
41280500
36494996
29995342
28092721
41841920
30541939
34254794
33902561
32307056
34008415
43184731
36761404
33245579
36966398
41831643
43562814
39775045
39378968
42562226
41141228
45265144
33747254
33268141
38744104
31372129
27600184
35248678
39537639
33983158
42273983
35651580
33890262
26505755
29808907
36490678
27857909
37017771
44663857
34627692
42232119
37437272
44853718
43616849
32924777
40261432
39105585
39667150
43343196
27845321
29430114
32019975
40457123
32479049
43228195
35788866
27902638
31127648
41139862
29510763
43107512
28791103
38672874
38073029
40487584
34563483
36409798
37805952
35976749
45482249
26772736
35236375
43482313
27144824
27296051
31589367
45877807
39341381
37448855
31693406
40767255
29039833
37250678
28917878
46034515
44140823
29745634
30872930
45172248
32981860
43247601
30988055
26362263
28236876
33655857
39042667
41319342
27007279
34529584
30569736
34905542
27333741
41095240
29616521
36695153
43391941
41237215
26462668
40144009
29556532
30918522
40957954
39657828
43425860
30632879
30115863
33218586
29563963
32167584
44950376
28470609
30241792
28154850
28304790
34563188
33606975
31700330
37582028
33364775
38007282
45919527
27501962
26998036
40942615
40709409
38650473
34648047
38753841
36617458
46017473
35608119
27566013
38409751
30394000
30555567
26794788
39889384
39883289
36724476
33794505
33272818
37269794
38322147
34293203
38046071
37922197
39440200
30127767
33158179
33456957
36598236
33388136
42433476
32380258
38422969
40810332
29484580
29919666
29476819
34131846
34181127
36844189
29849295
41098610
30713911
29635167
41838336
44683606
37623980
41339869
40718886
39878456
32785087
44316228
30537244
39951076
42654077
40257920
29372086
43200083
29704459
30121035
39268627
31063967
37274463
41411208
26869070
35832228
30772319
31796610
26650220
40654694
40985543
40820905
36705012
43631269
43710254
32207115
44880615
32215766
43133578
40651453
40293161
29803551
41583634
32256525
43227500
44340577
36959594
29656762
45656488
38569896
31692900
44083308
32731132
37723168
30282751
35290678
29067190
38752258
35055840
27995003
41484670
45136651
32371515
36543596
42244143
33150254
38388563
29218562
28411687
36119098
43840375
30200799
33264676
41436803
35199165
44828714
41468828
45913490
27293874
38190699
33045669
29552754
26799957
43579422
37921237
38099780
41776099
28483971
33309408
38870844
32911366
43103332
37968772
32619149
34302442
34916700
43778872
38732817
30526941
39821613
27418889
34324624
27437805
39442542
44882164
30649783
38222030
38346946
27809637
43522284
29840438
41201306
43810681
45058057
42485965
37988147
45872869
36819183
40150911
37708820
38516503
28143025
39865609
33252263
30445070
33385018
26247132
38886155
40804192
38754437
34552255
28370176
28348133
31509677
44558501
36937623
26265062
29180639
40709563
31789437
26400942
36537651
32771474
38144025
41734968
43371192
37527312
43989109
45826504
43877861
36312276
26411052
31435982
29758945
30781227
28740081
36563567
39310908
29964155
38672913
32168328
33668622
30845083
36087378
33294744
27910845
40379273
41343518
43844922
44876309
43198168
38257364
35361662
26180322
37630506
44588410
43602662
28628316
38485452
40717727
37362751
30145972
26528489
42173264
41739003
37805035
40794774
41915136
30686126
45874752
33565868
28007364
38747449
28710181
33906187
45025943
33419567
34254111
39452792
44964057
33423444
45992243
35529022
26939214
35606592
31132507
31252422
30636664
35231136
35451335
30782665
44050966
30845704
33223094
37768473
44869244
26268884
42788551
42432179
30845584
39665272
42217713
44119474
31978576
39387988
30776258
44478766
36607738
36897611
30612935
36667744
45375637
43087578
26727503
41259826
42939417
26941158
41367337
37968000
42543521
31130702
32157378
40548096
39434326
34715604
30393586
27796969
35823835
45139226
34260552
41220243
28170774
26903623
45597125
37386164
38067297
35207597
43709074
42822697
26736116
31709912
26481732
36954753
40007865
31838865
26341615
38629001
28220786
39511337
28783609
44711910
27506901
27950705
33064116
44815918
35474282
38115176
26387118
28139484
40155175
33111475
27781523
42363164
41278796
45218563
44118815
40059001
27889166
26293009
32960401
39265867
36829443
37877349
33456386
43127899
44732475
34567919
33432732
42604213
35066064
44761439
35306190
44904770
45318540
45177813
40528173
42857433
26614060
41994465
37795742
27270200
44735479
43772343
31105102
40553539
34110492
34396417
29909051
38740707
37513675
31518875
36681525
37700615
32359746
43813637
38686618
32665182
35699472
36190996
30164832
35140833
45465029
41877614
33638922
30455094
35687279
36844056
39886999
35975725
39322044
27770053
28246981
35909815
43815073
37761335
41250739
39222135
26220994
44068818
31763868
36880163
42000539
35275987
45437268
32949754
40526083
36703905
45495515
34984315
40119711
34185005
38030648
26729841
27742795
35880815
28914631
28653249
37786397
43047330
28015883
42498336
38785170
37065740
30770427
38152717
42711606
27511220
39346162
27700242
37570159
36444543
41179707
38974275
38130321
45310532
27159278
35104766
36794068
38099480
35030109
43070229
42843017
32986500
30864348
33006908
33696040
30755720
42327603
37448237
38959558
39587563
37132424
35558969
30927165
41868088
39702050
38472691
40363185
34232228
26648978
45008846
36652081
43837245
36858752
39041264
30198907
30516851
42642663
31737173
27792659
37390506
42926489
32241318
38194507
44283506
36497834
40019100
30527497
36880092
36402998
27629117
32862082
41686659
38504118
27671768
27806424
42232835
30567819
32974913
42273969
26893345
30047399
41226615
35930545
30078822
40694851
42242040
41614896
42800158
33639649
40165339
41292421
40731996
36064833
41062684
33040815
29537063
29698320
29424052
31299426
38591296
27536829
26975720
37086097
35241089
41851761
40715740
38485622
40559137
45578678
42375253
42880767
29649756
29622918
45705095
28832300
27630631
35781692
40505841
37032771
43780980
26416218
43664295
40136989
29567475
37566552
40570567
32436722
44438129
42157960
44170569
34344597
38989272
29789657
41945768
32534020
32123030
36982891
31380326
39784370
45437684
36295963
27094169
40467339
45167363
35290911
40915784
42453409
40496549
33840134
42797316
39422535
28194854
38147905
29243597
45015610
32758577
27014955
45652730
30106887
37725326
41979282
27284407
36304273
40527713
30299530
30045139
44099790
40714262
41404125
26141012
42001970
32160602
42650344
39003497
31777825
32676220
34631993
32420973
43157239
45147928
43353965
27766962
35392450
33244430
26940204
39763652
28173227
34511419
41090111
27082775
36428470
45484462
35668287
38660786
35034993
37137666
40079799
40015186
42836584
32698089
45373049
33117828
27833790
33059718
30324758
38422511
39804751
32426707
41661414
37741003
31939401
33511096
43724468
29180545
45263635
32037884
41677820
33715126
29740903
35418524
43752108
36655068
33606008
30431030
30927683
29140111
41476273
27543552
32843158
34376933
27457441
40391406
42216048
33232165
38402152
32312999
30109166
28637201
34102107
43085611
41528322
45877728
43451148
44452735
46068959
41289028
32406910
29435970
44269414
35749802
45747796
34132021
35422024
41137148
39683220
36930670
43749606
42144170
30876821
38736330
39229529
44374806
29004419
37797670
27169667
33769562
29782435
36909731
29210101
34521655
36445056
43405007
37547895
28740570
42403844
26330506
42749977
39038958
27965485
46053724
31404052
45301420
26362689
33836187
42802674
40636241
41002608
35058752
29894719
39130805
29577171
40096566
26539735
29328865
35192045
39295394
33537737
44265326
39989069
39694491
28517211
31626234
44767911
43693866
34065421
43900695
40848402
31558973
36192686
32134129
42524716
27974642
32431143
40709969
27950887
44196555
28497425
34646410
39637733
42504627
44209408
37521584
35787532
38075703
35099628
28912799
29482230
29666016
40401756
34929269
44314266
30486628
39773039
28480211
27080042
37800649
43770902
39448314
37627413
42236138
44664285
46052712
37570864
39330874
33176561
40775424
36044636
42844549
37168225
37899050
39492523
37332953
43814883
40907966
30047067
31328346
32256827
27180158
30061504
44170138
35403802
41945535
35185805
32529311
35357794
36588852
41720539
39105015
38139681
35448638
32124916
33639780
29052818
40648617
44839393
31501598
34633774
39454518
37228438
40496701
38455719
40797759
31032592
38022565
43027194
32496844
45462706
43451176
27106170
37707136
31003996
30629170
44580389
26993362
37282697
30020241
42823583
45161929
41703231
32896851
38508926
30343241
29493462
32377144
30861764
34162786
36833148
27756363
34542908
45806830
32439178
36234610
42853975
46100708
42014893
32304420
42245974
43062245
42708168
38167261
43677269
33246623
41185100
35319735
42754681
45887573
30206456
33674570
29639957
39297918
36972572
39654572
39237231
28906401
35550925
34817558
27053221
35652463
41618332
44513293
28711507
34820478
33635637
38695514
39266320
34682361
41245439
31487944
26557783
38438494
36144746
40966953
42038271
32766180
44686935
40554821
42655817
37481532
44724581
29734894
36379146
45655271
38192553
34543598
29736593
34134275
35306382
36797141
32638218
45146704
27082688
42839806
40706777
39053741
38747519
27693071
33983543
43141443
43665753
44522002
31901073
28961172
30366695
35331879
35426690
43689448
30825076
42756038
34875330
28276198
45377966
41925484
39517942
38332698
27795648
44067733
45246681
40230457
28096344
40335632
27515306
43077710
26912581
31484277
36238863
38600628
32435600
39845708
36692420
27753356
26300442
28925324
27791708
28058143
36260133
35727559
32981850
34301217
29725537
44207018
28607569
33364503
30058487
39262712
32500027
42999410
39876644
45583685
46020857
44989274
42858721
34064182
30703490
33252111
44604489
34731838
37861951
41635953
27395628
38849423
35573941
32225787
26191804
30804492
44317453
36461540
28270763
30082102
35200073
27498721
41773490
39989354
28228324
27988088
29966975
43116185
45007733
33088442
40100403
37320758
40721580
39021481
30448137
26774231
44397696
29770838
29537346
26783867
40256032
41466647
43753528
39533354
38470196
37107226
43644844
40950470
44586452
41203771
44947349
33875235
26824819
29592326
26758168
28113423
40550589
42595343
32846286
27942992
26185441
36178721
41747736
27025572
43449128
34357317
33026400
40407885
35863886
30368844
39345466
37174179
34766537
41936396
29196443
35979991
35036619
26132702
29513084
29925942
31880409
43698545
29063430
43624143
44353133
44801450
28454012
37854603
45781927
33933186
33782341
32805732
44484370
44914188
39503203
29352451
42184117
32880701
38286001
29083565
29990970
42050195
32524586
35478896
40061009
45705802
30665112
36330845
34808125
30670679
39583339
45683667
39625474
39989999
43783649
43539789
28591609
39213004
39851665
30206311
30936876
34318120
30507103
42933098
45382815
40842270
34984342
34790311
43482208
43266355
39736931
44404389
44693558
32496835
29861584
44141348
27451919
28723218
33219795
44671958
26251329
44650802
39474850
44833006
26350083
38243150
33331575
37326006
33173084
34284200
37369895
41381539
45433276
29743989
37403776
26335407
33152158
32724387
28861615
39653776
34386084
28882560
27259839
37033811
27783174
26229484
33315657
30033372
27516687
41354062
44261704
32039681
30046973
45198440
40681521
39383295
31212199
32129413
43991989
28567525
31846254
35584323
41225709
39888332
45587640
29465651
30074224
30527457
28326782
28740144
44652536
38338437
45854452
31578907
30363786
37793461
39179012
45453790
41561673
34156116
40951280
28856664
43207949
42978335
33760076
44055615
30894248
45636207
34238605
28824968
28033999
42739022
34363410
41449019
43089376
36713255
41620058
38505919
42553519
26235108
29053653
43156040
40098094
34656117
34833064
43359483
43627562
42832958
44762345
33443712
34315543
27995259
35296824
30796416
28140041
42702695
27071115
38735186
45435230
27188344
31737956
39797219
26393234
38847870
29351054
38522032
41407595
29184890
27589972
40319010
30820486
26990199
31712875
44091159
29897196
33052928
38188122
30996389
37508087
39833468
31000897
26473056
33579769
37141461
29122750
29799211
37078536
26282242
32577349
26477979
40361687
33795661
42393093
39817487
34984765
46085573
45671532
33581473
35939656
29283283
36508303
43061061
33465544
30817066
31661389
35616229
41075139
41313379
44403911
38893185
35114661
40899562
33767000
34736865
26942370
30034708
33752828
35302035
39375185
44801778
29451088
44215726
38475621
43660098
45796999
36699998
28616964
41830979
41875120
37740766
43192207
40998294
34483640
40939863
42031595
38245051
38238678
38991155
43247620
33219953
44929444
35037486
34205416
36808500
45011109
41392258
30241888
42051809
43264953
29649234
34025369
42290380
28380180
42121046
42661908
31535674
34441687
27657321
30814081
28537257
31076842
30587740
29787629
32278096
37551303
41474323
38155878
36291198
33482752
44103592
36655686
26570250
30548138
44022482
34424839
37319013
40266676
42767949
42432043
45729842
37730187
32958034
44405072
40519645
46058247
33073718
28210367
43596057
43725753
40118819
30324180
42171276
37901664
45587932
39274714
38347750
38562685
34114700
34566988
42995772
32366086
40123759
41417226
29145519
41232370
43032072
39170568
28075813
39083222
26347146
29130077
32927063
36866494
35734777
41308637
37854023
30805893
41694957
27381243
41107165
28625593
39265717
28239685
31212449
46098489
30275325
33420404
44992332
44438325
41625827
41069075
32026066
43876256
42119045
29248549
39932011
38550744
30542954
26816726
27078497
26485512
43064065
29760329
41968138
42712688
32600263
43315863
30073232
45333353
42067325
30432684
26125767
37517388
32853943
43980911
28906093
43465135
30996536
38547368
35079173
29432702
43851736
29792066
35831542
27084798
30388396
36057459
44976632
36359944
41448474
39904329
30194830
36930605
26289948
28486477
37871300
28283597
44758805
41315115
28348052
40757849
31647832
41573520
45641042
39046620
35055774
35277568
29793339
36883868
41706317
36770513
28247830
29984655
36019922
33962041
27257491
30574602
41288863
43755060
31110481
28158930
40099499
26235261
37304461
45015904
29582030
37574395
35772737
27136616
39964509
31226712
45272342
39081849
26432585
43473862
32947223
36358525
38807198
44696174
29609766
28777485
28393025
26451312
38719965
29035671
29756766
34936105
34887450
28761011
32013061
30879519
30119555
26794048
44772260
44032955
35971804
40504426
44215247
31927261
33336023
45120586
34685881
37343077
39571111
43649372
29875966
28940841
27545593
32533330
38157068
30074365
32514575
29595495
34935861
45952931
29599586
26577042
28297999
26790130
33706093
43524180
42809328
43470700
34383531
29786016
37492091
33945150
33800514
38008947
42912089
43173221
43928001
41150970
41928686
27675232
29194163
27588345
26168437
28636154
44567360
32208578
43686009
39458164
40306033
44362433
26564194
32691354
42657234
31580091
30983906
33683758
34134689
33534397
45371584
32320015
28570185
36431690
27299822
44602064
31682045
30239486
43829183
33003436
28614410
28302501
33236388
35285777
40651344
31740066
35332413
39764794
43738297
44394260
33978461
36999940
38789878
30964674
39858077
34919429
31966053
41851504
27182592
34454768
37784118
38144196
45022995
32027605
31483686
28269295
40095201
39227190
43249136
38444076
31086946
35461400
45968490
40188297
34428515
29927581
28354851
35354052
42715089
36708113
26108876
28854151
44845174
36318010
45277944
33952087
43852000
31756549
36298991
42949494
35201649
34718907
29311896
34246898
30186283
40577720
38436439
42713455
44392739
40974962
42600871
44225398
40467287
32040673
44414817
27465573
36491225
33634255
42424758
39554886
37791774
26520722
35055552
37353038
38911419
27861786
27765637
33363839
44843079
36466470
31283419
43664730
38860610
31708057
26309799
44780318
26156556
34703000
30836038
29618970
45160813
26302959
33074672
32758189
28977642
43617255
37159826
35291335
35089685
26954870
44901646
40544250
27962600
35133748
33757769
44245223
30131911
32907165
36336043
27994692
34730295
45700036
37682383
43782222
38406605
36512649
39937159
42987137
38092129
45705749
32163206
43652247
26333833
37435745
33240445
28236941
27481410
37021659
42024167
38635739
26880749
35578607
37868498
43213487
31408688
29537599
37377291
35485304
33706733
40517378
29596606
40663975
38045839
27376412
37505266
40975779
32735614
29900021
39759204
32185567
33523076
41761214
39555702
32807591
38041536
30482371
27710425
27216674
44723643
40303506
32377687
35744796
42194449
43452809
28155463
33902467
28487042
37155948
31351141
39834327
30545060
36640905
34459282
37498635
40480567
43771360
40847687
40285729
31468237
33687578
45428238
40634990
32871578
34319873
40951821
45062342
37143912
28572426
36267127
44943632
35184383
41948173
27048416
29161123
45363690
39235452
34866707
27264275
29865943
35877676
39911235
42736596
42623267
43511441
30795608
40659588
45607205
34137235
29828188
41687368
31451189
38702723
35755689
26926726
35524159
40781151
28742524
45727582
43294859
29451913
41800369
38243773
46003894
43358889
28651588
35247936
44840772
44494811
45141010
41502271
35958848
45253875
30102440
26987511
45587025
41732405
39538747
40033588
35505410
32013290
30400812
32579488
36625961
35048751
28280285
31582681
34559173
39663987
33567522
32562884
44665606
42805472
38410539
35416527
30421944
37766399
37144153
30317357
29371060
37057841
43664760
41197292
38780212
29743489
28313808
32446168
26712940
36036516
35481900
27277797
29526480
37801634
35628820
28171455
26289001
40119810
26910626
43443107
39703646
38654964
30566797
42756742
30767410
35707495
43467653
34892080
42649463
33151224
42030047
37152813
38390757
44852052
44132784
35067171
41599362
39570842
35668764
38567363
42389590
36357698
34774721
33751351
43369839
28195717
27617862
45793029
38838930
39729790
33040463
36468160
38945222
29490272
38884633
35078797
30534700
34163619
29309747
36766039
27193233
36969825
41365185
30473035
44157991
31089566
34161578
35530290
41595845
42702099
34574467
40277564
35376710
29737989
30427077
27490526
38942068
46003306
35224160
35171364
26838020
42185591
34317228
35667724
27574727
35809363
41346964
33845135
42290390
36947792
39265142
31004729
40824534
34098503
40146698
26129934
26651225
41472587
35225745
37532738
29168514
27616322
30571056
27872047
35889214
28571452
41717859
35042543
28800701
33706291
38394876
36308554
41572273
40669534
27740104
34659073
30831454
36880114
28659752
31437931
42520701
34566963
41864910
32312956
42721320
33536206
34995802
45030690
43075251
34690541
29146174
43170322
26693474
32917867
31076761
28450859
34872897
28447390
38169984
35391208
42737470
42066556
33573217
29564588
45466267
45921843
26214599
31476701
39506594
42146611
27711129
41792210
43540917
26934435
43544717
36947290
27325388
32891012
45520131
41125378
41810271
44303974
36681295
29658564
32454173
30385282
41663037
39659362
39166220
29333449
33110286
26152822
43523441
43228650
29683737
38762070
43190532
32057058
29989154
45736413
37548490
27799131
43884200
26773884
26577145
41101846
37239943
27500772
44580707
37570436
33860023
43577596
40181006
29930489
43604340
37259853
26709037
37982146
29089256
46067713
39589802
40328724
38557244
38096307
38651215
42088184
28848712
31045882
43297891
44788991
31176613
38096415
34395036
36572064
36867130
39068475
31728617
34168063
40362468
44026524
28389938
42231108
34368717
33745438
29748436
32737949
39023892
31504539
31458341
33088934
31236467
30288364
42201469
42699593
38719483
35109324
37467715
45329990
34458848
32363232
44269002
44314240
26564411
34673971
31177405
43312757
28494113
32532352
38953548
37115001
31755924
38439706
28516684
31681108
31601274
28695291
28195018
36483992
36410920
33047139
34219794
30137682
36246338
45680625
27051534
27686992
43870845
37307860
39945641
28469707
31519985
31908336
39684706
31701228
35796491
34842694
40212728
28892576
40557750
30001036
37938730
30338472
28181402
41341105
45521513
36325541
27275976
37921069
42407762
26994067
28284228
26789540
44217251
41027849
27490465
44417076
37374298
29572738
37171888
27862819
31967886
27231891
36878922
29231724
26944169
26869690
31237001
26285514
41940776
44771044
33683247
29852583
41082293
39583062
35031727
27053112
31912060
42370739
35040812
44611637
35523096
28856850
40510778
32224368
33432086
34375557
33627762
43968940
37144463
36985072
28921561
42219297
45930777
46097163
40572877
43885076
36240693
43281986
29224285
30691829
32777839
30828457
34941038
36708547
27529957
36841465
41823887
31979938
36443608
32480436
28103929
40810303
26894575
26913814
42036169
37458409
32237238
38445339
31338185
40473948
44840004
39635093
29450469
28846047
31902673
43337703
44584147
38379423
29115827
28409912
36916429
26326781
36115925
31323959
36792531
27215784
45507305
37247030
28357737
41883046
30959128
44155610
36934362
32348578
45699626
32342261
35209976
32502835
26569089
32821003
31535487
33788893
36086653
36476238
38383043
44622534
27142359
38515280
32758999
34595192
45641964
36124082
27872207
38317673
45681161
38062730
40055640
27046636
45679964
26146206
38932818
33077755
31112309
27471667
27339342
44418377
37812599
37182871
32121888
44796473
38368653
26506789
41387380
31280510
28352323
40706741
35372479
35976587
37912252
32841962
40444835
26860661
28314764
37762759
34274650
29171380
36406588
28383404
28274852
39423954
42450919
26832771
43733811
31780786
36057861
33645878
27648211
32160558
31266170
43253223
31134446
35675894
33438560
35084959
38123347
32992719
26329279
27367006
32179312
33350065
31970963
32188721
27355582
43893993
27026612
28146926
41092094
38555937
44520488
33199718
36402226
32684058
26621029
31015166
27051634
39235261
37582460
46074259
33127919
29872471
46076980
40672679
39384659
39385490
31654553
30776042
42109897
27801561
44592405
31052009
36480096
33018959
37878932
44482653
33852147
36504672
33674154
43166771
26582173
45474462
37687821
29212297
26514914
37330724
28779369
41931354
27458111
34995275
37527039
36558969
32413606
41557852
36649933
34960855
33162976
38179251
41397997
38741937
27716717
27982176
42108027
39163967
39203613
28797367
37028732
42820064
39151341
40904391
26188276
43453776
36047586
42690360
30953363
33072944
33961947
37828317
27574220
44046737
28393049
44598778
28435273
37555925
31060557
36768788
42816079
39760308
44519217
37259170
39307524
44762807
34114352
26949945
42332702
35824721
41838670
27995326
26150518
30894496
42099093
28863208
39537403
31821019
44499102
29537080
45966771
35984745
29826506
30044516
26455962
29970659
39952669
26766199
44650138
33266894
42392337
42049951
44968575
40167164
27796833
31644241
29945714
35253709
45485735
44724654
35515440
44729326
40838961
45593486
30417088
32971986
41103193
44451650
43975432
30573904
27977302
42638146
27845329
36163582
45127751
44534046
38922378
44663495
27232540
36466138
29079624
31538463
27733874
44097120
30539140
36548763
35066806
31408876
42339494
45867163
27036707
36067573
26138135
43004646
31221251
37587491
35830849
38074153
44909742
29835051
44949428
26971632
29608328
38055229
30281661
34001176
36644306
28854792
35827937
31243971
45365802
32795748
39623596
45947300
43794772
30300178
43783486
35351491
29103719
44926230
33423741
35783906
35402885
38090560
28319357
29269011
40460407
41117390
34770154
39889898
37110529
28840288
44131231
44242618
37990845
37138247
27458053
27025733
29446286
30312416
40233880
44369790
38632709
40337397
33501233
45590016
32842698
30403820
30556384
40354361
40115460
31349194
31906641
41619733
27229096
34362655
30850703
45112507
33807799
40497598
41343050
44156293
33696024
36794829
35421121
38379790
28975628
42090889
30297833
28893012
43894442
33019780
33542298
42750728
40990331
32447347
40328121
46001870
40574513
34359577
41310033
31297223
38182268
37299462
40104289
33132649
31071190
36202564
43784535
42728979
43548947
29267025
27148913
31028636
41813693
40087570
33478380
40397688
41155738
34326064
26776255
41480957
32400072
40687089
30941722
41943758
27652605
28413278
32468939
36868909
45997878
38355110
39546206
44674011
34851921
42588316
45712242
35418588
36721899
43801623
28857837
44520307
35797834
28270313
33297968
42926839
28498594
43959277
35370717
41877979
42823284
32356233
38281978
32343003
39685654
36352769
41375862
40678339
33665934
37289690
27379819
27306394
29837872
41216018
27970646
30906595
35742522
38427786
36603936
33517965
41608635
38181171
29711481
39562268
44314159
43592015
30038728
38085185
29250450
38816759
36509295
40905582
34193415
26213617
34582818
43316205
29950416
40884535
28379032
34360749
36699051
34153847
43516402
28148589
34240888
26464027
44109680
32314869
38227674
36559374
39953819
43017722
40994787
29620993
43255579
29484188
44574959
42975089
33996058
32402001
45411840
44096450
45282192
45700940
41145630
33904546
33513726
29524290
31149572
36491995
44634985
28797379
43049166
45147786
45935996
44378351
38956676
35576954
36244744
42384075
43078379
33999788
31093400
45568400
36922716
33540880
27549690
33111407
34819912
29916407
27178091
38631343
44289548
31874910
35747827
29365763
39271680
28075409
39592161
29524549
29949559
30334630
32482907
39261904
37753631
33901940
37156452
37138828
30318570
33794817
26206811
43201595
45904251
34306539
36905357
35036349
36905916
43161096
38931777
44844550
40206367
30946502
35978120
44006002
37802650
32479811
34753346
37709726
26756204
44919214
28731387
41764261
32478516
26771358
33508517
30354682
35599650
38121289
30491541
26899254
31045819
43722450
38433750
37436633
40828327
31717298
35461000
31907818
26653777
44104567
43902909
31299306
31398071
34068661
43872935
35645949
29725789
26544319
43435935
29073741
41096151
31121827
31689287
27897789
41808697
41909951
45376143
39834299
32908237
44456326
33521091
35250445
44850868
30613043
42953098
33573975
27829358
44092709
34988922
42843802
33241607
34474790
30391030
31844230
36435771
40675527
31334794
27620648
41074848
42816047
41677976
28004312
29948750
32118620
35732270
38379736
45116615
29325295
44131408
29256645
43585510
26403652
35925283
29561605
31404923
32589392
35984801
44069299
39711845
44442281
42776275
31823694
30029535
35278657
27027701
38096736
43818549
35891149
45291840
32667736
33554833
35735058
28673376
27243130
30322768
26253895
40873404
28246907
38514628
45556419
42010773
32077300
30259087
39792084
42434041
26919090
31569856
29330537
28115406
42622695
43110685
27144461
37827164
33305100
31024534
41559531
27533401
28309584
30727994
39970479
36434236
36405820
34908628
41633252
44237602
28858019
32597947
37820265
26430034
29062425
40760741
43693960
31126548
43978833
27542720
27004512
26717475
34563625
35686683
45139174
28914343
27391583
41618918
38308853
29619954
44132646
39654405
30832429
29998157
43777291
41684390
33640760
45001188
43800200
34436572
33995214
29557421
38523118
26587803
33690491
44843909
38323011
31395943
30818658
45238729
30363600
26521843
44552299
40312641
26848131
36666708
42280248
31502520
44716947
45653062
34709364
30432074
40503582
42322691
27396462
33057070
27761953
33499221
41129130
26557523
35981525
32758211
27900800
39506739
41458768
37824275
40973329
44478852
35328042
34385649
29565056
32547596
37259679
36392263
27758184
43188055
33735805
38598405
35367681
37825982
34690504
41074944
39068340
31524558
30066400
40066146
34720271
39010427
43574835
45940728
28718272
33710482
44493785
42850813
33538270
27156398
39175972
43984501
30715384
32275711
32604323
40292069
28151997
37753656
28119477
41717132
45322825
29915689
37431511
37647646
34473997
45162962
43897029
44276619
26740674
27997803
38427111
44152132
30352577
35869193
39507425
37439735
44108323
41230471
40683396
29606760
42295535
44257129
41548393
31326015
43510309
33686321
41666357
39893288
34341347
35673552
33640972
36890970
26305112
35414298
37556016
39351344
28805027
42795837
26105322
36107656
31506617
28670853
27609188
43977142
26571474
33903670
45608315
38155946
43819716
30926544
37285390
31087354
35199726
36873996
44595244
26801075
43909630
39398205
36894055
39120196
42875773
43998986
27286838
27610198
45602955
39075479
34313179
35967507
31280186
36071795
31865016
32724609
29270502
35959014
45032238
27926550
27102859
44456465
26906552
26481386
43431797
36407684
43553653
27004379
30286863
34452982
37816625
32673866
28410272
32803884
45107549
34308443
38390001
38316574
36610373
43196731
36663931
33116656
45322996
45940149
35558345
30244735
40002037
31171892
31338168
38429852
39274387
41373962
32827671
40299982
43075949
35597997
30213314
32903927
32150140
34665883
28093063
30302670
32075761
42433997
29392591
42199623
40243599
29552740
41396784
31583362
41778331
44905486
38582481
29350605
41611145
38337159
34912447
44019193
34470705
40451855
46017462
30438874
40024623
39070384
43233179
37222031
27068088
33558996
41800368
39992840
39815301
31366081
45348001
42455650
38983766
28365225
35339924
45853045
38805807
30973160
27589891
33278658
43135107
28903616
31167003
45367076
39297216
36048942
27673454
45971275
28912374
43612402
33533367
42630917
45683885
33598700
39021047
41892852
28175848
31970522
39622870
44662971
41371942
33604920
42700576
31905151
38684410
41133667
32050624
43062400
44319730
40095846
37828813
31194285
42323179
33826671
33372155
30922269
35515369
45546966
36739245
28955627
43036646
40378508
27892054
32376960
45304274
28590213
26378390
27455874
37115400
38508768
36342047
37690037
37482620
43707788
31087943
34351686
29966856
41096127
38572184
27465932
28472744
44404635
40778675
38698460
27885773
29661727
31451631
26277719
32989510
33294578
38578313
33429237
37655673
42326368
27204075
41550726
29487989
32893920
31954422
40422203
45967122
33244491
33841757
44152688
45625864
35431843
44361301
31814094
35250341
36864506
40137266
41072180
32298615
45195033
37913890
36057681
34705824
39780070
42455736
38115389
32591745
39397552
31377581
41717253
40379880
34647226
30371798
38158667
31351600
44167577
39608187
44617719
44401547
29192472
38704560
27196109
30113341
37176407
27487699
31009584
27345954
28485101
42857468
27617075
39917624
42555781
26972549
36029824
39065255
38144668
41594923
45539124
38004193
35149555
33840610
36377476
30594015
44798197
44620862
34772225
29259179
28565556
39531017
44136837
27265488
32079242
31005990
42242036
34936947
31869313
28164855
40317013
32439026
44940689
35565108
29995733
41109887
45193892
35977574
45829054
44709172
41434408
33711413
41276289
31079898
37515951
30872063
35299045
42846327
40602094
42689964
29091668
35393481
41964990
45225957
43622397
43887839
37866342
33086230
29067372
44475228
39781830
31723732
34422502
30610383
32314051
44029938
30504411
34939148
42682699
35450819
35633603
26782293
36449712
44281779
26483215
38781423
26341475
31145256
32866743
26456719
45240540
44939089
27408794
34934485
43166588
31605247
34102721
39740429
38871969
45416479
28719824
35982530
40297598
32176716
39840781
40168338
40641749
33289589
41314198
33205037
31574747
33516927
42413238
35527020
28595000
43995887
38750909
37438603
39507631
37811890
45006249
41126389
28862654
31567467
40623181
30269894
32843520
35362080
38085747
41855705
38445292
38715461
32118070
45997606
31289046
30478486
34731642
44972204
31642638
35228839
42158783
37365707
40166417
44053042
34951576
38521460
45628044
45271371
42431756
42762279
41294425
40146896
43963938
33489357
45113892
35561099
33150155
35235244
45963431
44527790
35376173
37356773
28672970
33409063
26890683
36836357
45399351
37060678
33517543
42671886
28197158
39097173
44270524
28131560
46090089
28376402
30202245
42228737
30474126
35895108
36310349
43767619
40559515
44352957
32338653
42431465
27054324
38252004
39592438
26351768
26342127
27580936
33820619
31018542
28523915
35251530
37195055
26973486
29828284
40409400
27371967
35419413
29833156
45941686
26261489
40531061
35051335
29553440
29149553
28010681
41476892
43037573
38041518
37097842
40872199
26889921
41027051
40162803
36375943
38783528
30088313
26713750
26763924
38204555
28063656
39073802
42866956
34820619
45877448
39857215
42302106
37346880
30176966
42406815
34546301
26288878
39559919
43481461
36863593
37557965
41547132
26657415
30511321
39827777
29664304
36972679
29660798
26743424
39284326
29580452
27322875
41205613
44093907
43630585
37935044
26186563
39240835
44855725
40054293
38963563
30831151
33392037
26971545
26208006
43259389
45467664
43500973
34636736
34841372
33993188
32574003
37857663
34447780
33006745
29123247
37468668
35396771
36878288
40715399
27151790
39564649
43754681
26869712
34980667
44575011
43306612
37557807
38512901
30337772
33866381
29610182
32231077
40832582
41839871
40672843
30061886
30663217
29685501
40172492
34903271
27178521
30271025
29534591
26237366
44367943
45864491
40155140
41451726
39539370
39772586
43141618
39002041
36305598
31943289
30830514
35482072
35124188
41249309
34280124
34374064
36302820
29329391
35210711
36336140
42819499
38940396
35763953
42705111
41468821
42930787
30383269
29668483
27388294
35672176
34348122
34195599
32441064
31298771
26251218
43672461
34143128
40271159
35107664
28520094
44171363
35195506
35992874
32920719
32997824
28265503
43097784
39273838
33347109
35361202
26378043
43772415
39572634
39877877
41625848
37823144
38470769
31228483
28175578
42696328
39022226
30406474
42444418
44609369
35123757
39347297
37025192
38168189
29015967
36655308
46029281
41101635
36751639
36806079
34428426
36020031
41941723
35126683
42950328
43954627
28982528
30536672
42424969
26697413
45615033
38644099
45118224
37595316
33465215
27767960
30009201
39281861
34547742
30555789
33952324
27915497
34561101
42527985
33188785
27790846
30001158
31522956
41000205
35219353
43046880
30433341
34431100
37118426
40393766
39533955
29449926
38027688
40265853
42585641
26309733
32708978
28452873
26440623
27417045
44278233
42910163
31512210
27297892
33057244
32376769
32030936
36469005
27639745
27160718
38622146
27049186
45076824
39435607
40587239
30115586
29687727
42773782
44571129
40748434
43603050
43953901
38287615
42794084
31985033
32486311
42905050
43288715
29619388
26200779
39216478
44886617
36178932
39539835
44317833
31214269
29719212
29904010
43906661
30956211
26333543
31088752
41740199
42934276
44310951
43775428
40640327
43841882
28796483
42734321
42303720
35468582
26346881
44046478
31178396
41139689
28130301
30635353
36477650
35947607
27950684
32945768
31515134
34235185
32255657
35893741
27435666
30562841
27563339
42600274
42771646
41298396
38263876
40683843
45560951
30115172
35951871
40336357
37408882
31157237
32971491
42760664
29380155
41730744
30321404
33534710
26662757
32446217
30062110
41379737
39589435
28751189
39181858
43478974
45289867
31673643
39869011
36410952
45083449
39928354
43983835
28392810
45409707
37100667
43388397
27483239
41065659
28579604
30181062
34837768
37441753
32922626
26828473
37155740
31500288
32287667
43035380
40563402
37103225
34740333
35189175
32704083
36180914
32439229
42206909
28571255
30630790
30164899
31149785
39298923
42191773
40380789
28378459
35070813
42811938
39308166
45557122
43509636
36155004
42167309
45005468
35097670
38014128
42572727
35871981
45917889
44853669
39494963
41041149
33966214
33865490
34707463
28919653
27642160
33459466
42801622
44500503
31803533
35793347
38100385
34040909
36674086
26202227
40789311
32949020
29426266
35158670
31932117
34482129
27519218
39288873
29232638
26315866
37474722
41527953
36908671
39324276
27430087
40327953
46068815
36280632
35524690
35035424
32667372
45627075
29216310
42236554
44684378
31255007
26752073
38977668
29929053
41241864
33852014
29596129
45885072
38142781
37873940
43337607
29939178
41081366
42370647
29888067
33914207
26589350
29728080
44731840
43199206
32927055
45119864
27486729
34198115
43522613
37675237
45634949
28774243
34258773
35640663
44853928
30858012
35834426
41712853
31695815
26259745
33047336
36963749
41800764
38663338
40410207
37630506
40143241
27059269
27980150
29608905
36575739
31173417
39870836
28284216
38875906
43400113
41537681
42773926
41017213
44206251
45366832
34974429
38363435
36739662
30395334
26636408
30852555
35764167
46001414
27001655
33641833
36511217
32394228
41063439
40213308
30310201
44672429
30649438
29170165
30686470
32951841
27295559
35012756
33598168
36955215
28923270
36868288
30356100
33954701
44200486
33047169
37585146
43433483
32344400
26670758
37626488
43800326
26950942
44326203
30160452
28674514
34521570
39697063
31481606
29287217
26195246
34731774
38847497
34926276
37077486
36935456
44190488
30616484
35553263
30841659
39695956
29869297
27475512
35542249
30377968
45197407
43424117
31976183
34669227
28366794
38497074
27414003
40328132
38904231
30508666
27703433
28993724
43109803
40847645
32920069
45705564
41469374
45294227
35816999
29966862
37199895
30259232
27260929
31074626
26824029
27999973
28317574
30516011
45795067
29695514
39101069
34100781
38341124
27896187
43761100
45011526
28278166
31880585
37989381
40735490
31626851
33892370
34472767
30121640
29863306
38794798
44806970
32085282
37530517
43078238
32407325
34667138
45319019
36458832
32931347
40372585
43871363
34754619
39772423
43579265
45680576
35980232
30519116
28067602
43668355
42205994
44512658
40881061
42140045
34287591
27383660
32025559
30140396
43981007
37548193
29693073
30845788
28022307
37325666
30725163
43798336
45516691
29980175
32890212
42478524
40816683
28928193
44202317
42813395
27700180
31640926
45475188
31669840
42251320
26276517
27185243
32752204
29093459
43763929
37082638
30566382
32186608
34245138
28599005
29543357
44171548
44829699
36968000
45272351
38761271
36153262
31183979
35847819
40062314
27405192
42882138
34008237
39865310
38135060
42973013
43134970
31242904
32582367
45409184
39995041
26635203
34000316
35587169
42366648
38105360
45462781
38781938
29151907
43142963
35011589
31440524
29193575
35188459
35969856
44831467
34447612
37680751
33710781
41739277
39027095
36880900
35746336
40411911
30546621
32771340
36508863
26913105
27977813
42168512
34564643
40359015
43497960
29318880
45630903
34299818
26737566
26170049
39345466
31746970
40848676
36908177
33575934
42370514
31851261
43134105
27178499
43268542
27108857
39722818
45964753
36081544
27740392
29686052
37162125
35149899
33743543
43170589
40387097
30287026
33093986
36300279
45339611
35196449
41158677
27326125
42129275
28159299
37277213
39946715
45948694
29789350
30589226
45958911
33386788
34751749
33140171
32089243
40116718
27843559
39204217
30420622
37612411
29970908
32864933
27327139
36181502
44461511
35950483
35475469
27825428
34304909
43279429
26477716
26875571
27293230
41144871
40588173
35423845
32899418
36084361
32368874
33918517
39704222
26471888
30654509
34286322
36360908
42539003
37501485
35958540
44793243
30379979
27227988
40215619
35643326
43696693
40703594
31157026
39106812
30037813
30117120
45545521
27392845
44620255
36230578
43715957
41680604
45195264
34073539
30881158
34721795
37469152
30875090
35889598
36086524
41747237
43673269
29474380
40562450
26686975
42904315
35742783
35191725
27599109
29899179
40508488
37004776
29331053
36151326
41403171
27299321
30862957
26263934
32225093
37100028
44183506
44718966
44068029
39856467
40788747
45086026
31744658
44357516
26258882
39451936
35545642
30723561
29545066
40431555
31012576
34038497
33468983
32806657
35652904
32455378
45967128
30859367
44112417
29281243
43010944
31096160
40239514
34119043
35198249
29003964
26460311
26595113
41554322
28943471
31319991
35296618
30705236
40177332
40498740
34731004
31946167
43503220
39333973
32128915
30454289
42471793
35803141
45419109
37156188
41488564
29394898
43669821
29231833
33815723
39958614
35080161
32994713
41402001
43116052
39877117
40505418
33509537
28306818
26420699
38906962
27866369
41496631
45151744
36453069
30637114
41909311
26536009
30122043
38180051
41867610
33834167
43328504
43056401
41972169
37445023
34382556
34618930
36807489
42662415
38733207
37742942
33050341
32181341
35983154
45968273
35221426
37588284
29433480
29084842
33243658
40190170
30889084
28776520
45731613
40646706
42039784
33425602
34063691
30494936
30501647
40637875
38468786
40312926
31432389
42389291
35267787
42093683
38483605
36978525
38608699
37276979
32295084
42948321
34803025
44719891
32255575
45179151
27629987
38786866
42878697
43248312
32138668
27359741
28338712
37186946
33679903
28260647
38107069
38794173
43261459
32519029
34306805
42219998
30173346
30553712
40248917
37603627
43836682
36428798
28122711
27104620
29312902
40167443
31706481
41908508
27539881
39408158
42809232
37430338
42567757
29359307
31208581
31222062
32428410
28759092
44817893
30571067
42097100
35707490
41359166
36279667
35176885
28342472
38878240
31989238
38181291
44285262
30687334
40557278
38452422
44799595
34459325
45054423
35356788
34544797
37701658
34337292
28503546
27362562
26507508
41884244
33180772
26673771
41756223
37366433
32887148
40077352
29228307
43192812
30627527
37225395
36680728
29250105
34751025
32406428
26290010
41915556
40313945
42314184
44533172
41774133
40164473
43778475
37583620
30780526
40693030
37158644
34279231
34020400
29282009
29551897
42953693
42132856
27422573
43724817
32923741
35599906
27744889
41168627
35238450
27141778
44954515
27563759
37880422
41961941
45886118
27953006
35463681
41326739
43001161
31749348
42364155
40241807
45519451
46038862
40817430
30791746
44284261
26337184
32694829
29055342
30850539
35741123
43628987
40733001
41694401
36332100
31357687
29199784
43240339
38985883
34521021
28954150
38410546
28569062
38276042
31941181
39527462
33401252
35309742
39181403
45457749
28197131
41759244
43464652
42329672
31601763
45488856
27263557
32557641
43654144
28905189
27295523
34362104
39832962
31671677
42628200
38325128
44813370
26555861
28981252
42260836
26747631
27792815
35033877
39357917
36567816
31311678
28647702
31234955
32299641
36439210
39558560
34591602
31808470
44115848
38661169
44059816
31141603
32592182
33799190
41264737
32729959
29566307
31820625
40185283
37684346
31942338
28755828
44919695
30752351
42223429
30787349
45218990
32707183
32208728
41715843
28906242
44141678
36902758
38081185
28592538
34175803
45590636
31023398
41994806
29930451
42457814
39546669
31602485
29760552
27584902
26348534
40584635
46028968
28467085
26536151
40638230
36231829
29024001
42973399
43953817
39442251
26430893
39155148
37568166
31738822
44395005
41149630
29607686
39535268
35405158
28417535
32728169
43233315
26293669
32531064
35870187
30265522
33360483
29050913
31789404
29096515
33664592
27566226
32879143
37926445
31886850
30767853
42789475
32717539
31393762
45481407
35272254
33309374
31387137
28528590
34330127
32640651
42017389
43696580
33934394
29901686
44883616
36693671
43914729
40217273
39694788
31710635
40595254
38483935
32107689
43857982
26932238
45410285
40630863
35992453
34056015
26351519
38557626
34707755
28306220
27418228
26323914
36643169
42471391
33880665
32140772
35552078
40431310
36767223
44394983
30982974
45111354
39637240
29086395
45812004
37231839
30658861
43845712
32301048
28433368
40938669
42334588
41169383
43379056
44449398
43919084
37001282
29730789
28892039
45414954
44385623
38970542
44162249
42549198
30170327
37585538
45369863
28787731
36835920
38548580
36758849
38797485
42576427
33252280
43807090
42812906
41332851
32306140
30481220
44365510
41015415
45750785
35703624
29960527
36494500
30430412
32281578
40281056
34278323
26567646
43874054
41206611
34160666
31131575
43585175
39411359
41650556
27443625
37236997
27537820
40973872
34095487
30302651
26406972
41913965
40460417
29681475
43303663
39751157
40864727
28661717
30576697
31070561
44497046
32978716
37497257
40445690
39617335
41232732
39662720
38712409
32338218
44656594
32149134
39378789
32372784
40536900
40582470
44949707
34363473
29267088
32309112
29152124
38775714
42037015
28091204
34921892
39498732
33419143
35363798
27186005
41596572
45899963
42921215
37375733
31313164
41715053
33264977
43864501
44463034
43461555
31845238
44503126
36172375
45540403
33797716
44838361
37858307
38436854
28834974
27135168
45184590
29101872
37329911
30561451
33553103
35165786
37427036
30429075
33383579
28917516
35516363
27091891
26280725
39765318
37844054
43985533
34915001
42554331
45523977
41117057
29970321
26404279
32396002
43217658
32659148
34733692
32029327
31107293
38296316
26793917
28331150
33000619
29559588
43593226
32766651
32129108
29881698
39449652
44558655
26457337
31920959
29517797
41931779
39545354
33072491
43944647
38961433
37562552
32143010
29018990
42930881
29691093
26585368
27277499
43773025
38840362
29576007
30455365
46023522
36118785
42118255
34349352
34389327
30073719
27445762
40095346
29396808
45250968
32890238
32369925
35264157
43522553
32821235
35518639
26203800
44546891
26707240
43813984
36284199
45262133
35688229
41068943
35456739
26444673
39589624
36886478
31332648
35622704
30251159
45280750
28342349
29988056
37556391
34034139
42483467
33991846
26602027
28153020
40129745
30992308
39636610
35347515
45325171
43143668
45009873
27293736
32010846
34962793
32553272
44329008
41075011
28759159
28226724
39740714
31016961
32544613
33445691
36391746
34255530
35104336
41993970
45431410
30882198
37135238
36783026
43285982
41500890
40730655
44881562
27780075
32468732
42796569
41709338
30955861
36272637
29850443
30110218
44218188
35377743
29533465
43154781
41236610
38448689
39741545
26497891
39883199
30559497
30791604
41177039
36926009
29058362
37571702
27764244
30844234
37452292
39276468
28916171
45072577
36122429
40386898
45734879
45923915
36209793
39734446
37598740
31249706
43501616
27716209
30561716
39275157
37678550
42531199
42102346
28856129
35044881
34307333
36026016
28079952
45031294
38851287
32340557
28940823
37224836
33546174
36985723
38812756
32241387
33591211
37073083
39740723
37496427
29746495
32353938
45025532
43386802
40186525
33025248
37264553
31281188
27352280
45049135
31831831
38622097
29395374
29419571
31072567
38752291
41359477
42244170
26686072
33432188
40542531
33133476
31705949
43088071
45948144
42939866
32143968
27234091
26726472
32376996
38568306
36412652
36636401
32588704
35926467
31750854
41505620
33369240
37627486
29335633
40672719
41473362
28036707
46085874
32779253
29246954
27502006
43932320
36582322
31532605
39551593
30963201
35628224
42629198
45217050
30586391
39616412
41699276
28107763
43071252
33637208
28241571
43359263
28724021
30189704
37271943
42393530
45380591
34652557
30542990
40627991
35558445
41773883
39631860
38565363
35357953
35608705
27055313
40629638
32122016
37849971
35611745
44277135
28027188
27044667
37409258
45130801
42972656
30247871
38667647
27002498
45639893
26906887
45804372
41657897
44831211
41370358
40681603
40451875
27247600
36632404
32503517
31310674
39241905
26924939
30835983
34328796
45487328
38655627
42833052
26519137
44857017
40078987
39815871
44982830
39719537
35796233
27159070
29940349
32466145
32103880
29712696
43659542
45727426
28691731
40986937
27423520
43189871
30405494
35324308
29037732
43679464
44887897
27571201
27228081
31406935
31238331
28676713
31071175
44381402
42911912
31670166
34568603
26172987
39602405
31336555
31648373
32576609
39457996
35765268
36100587
36700890
37073743
28110894
29807723
31554791
37003009
30922937
36518866
33574565
37945873
40048158
35749667
35990467
26636034
45020574
36456009
33400776
29340007
30077731
36993174
39604284
26483862
37572602
41333895
40512002
36945606
38332912
38162818
35471307
31438332
33081910
28536815
44075452
28074308
28661841
38422660
45639165
42220145
32073276
27230596
34946739
45354329
35884379
37105937
36158534
45499460
26587993
45839363
44823500
34233813
42025258
44138336
30154661
28345305
39831576
38290569
35622525
36766502
33193593
26140105
36297243
34787598
43475435
34978163
38353224
40973230
31074761
39334301
34876339
40218684
39231544
41367614
31652900
45793860
39189509
44377923
38587235
37084568
36123712
39056642
37572858
44070619
45596647
34535646
35746034
28439689
45751457
35657328
44139634
35530528
34537919
31969356
32141588
45688091
32712310
40807400
42457390
45421776
33252880
28700219
31018553
33918383
37388113
28851300
46029969
28298396
30451439
34632078
35028844
45394225
32847904
33822701
41518946
38007221
39970520
34719295
33523055
33933265
43843278
38396048
31286989
36358718
43260893
33211951
37422745
30183432
40676883
42679496
27348880
33613751
45115237
32754467
44996900
33771516
39983486
42603533
39877261
36307660
40886452
30809294
37407293
45345918
39554233
33640697
32048702
34151122
29573338
33763161
43628527
29902876
39523700
38798959
33635741
45586093
37437222
44282628
43298715
39329087
39779008
36455484
42087885
43388879
32287905
26387931
36100449
44663140
45527388
45082136
37940238
43014555
35123697
27315746
29174142
26674288
36373378
27219501
31361100
40517597
41244573
36952901
44618481
29258942
26223807
39534776
40784156
30810979
36846523
29006827
34136377
29550630
45697453
37205798
45027494
44410104
30249656
42395903
33596016
45002076
27587578
29473561
45742321
33560541
43445828
29874225
27753960
35669619
39558584
42130174
42532293
31767402
26983757
28253882
42301469
37764806
30567452
31305398
42297344
34131139
33565917
44314249
36931844
34566662
27837720
32588748
37794023
38421316
45816911
45917148
37431924
27339878
43935603
32554014
45529105
34396544
31874181
45309629
38204492
29256512
36801764
43435563
27666444
34289651
39122865
41870125
39994872
44734017
27378779
26270257
38593634
27936200
35683925
26658307
45240235
36443198
38451954
40574677
30504643
27936481
27669357
42800312
27104972
35493014
44608481
40452649
40658057
44764982
33835304
43565567
27477487
37932853
30012836
45864638
37873353
43508212
32327590
37397315
41964663
35609937
43096054
29567852
43137247
41459306
26910022
43973651
35338847
43618906
39385412
44810619
28724574
30163752
29165385
42495503
30199030
30838649
44882113
29935374
26722586
31279694
28334385
36044511
35430677
32799624
40014539
26418414
38966726
26323362
32877255
44663620
43630227
29175024
36152248
41370052
35834970
34335400
45816777
33174753
40951360
33492242
43289659
41534054
43917892
44086212
44112859
44669303
35107148
37831775
42478769
44987708
41541234
40776360
28997786
32211579
39498331
41215984
35064960
43836755
37181176
39623654
32266215
33154896
42641143
34796993
36777586
35046815
26493649
26378296
28524112
42765118
35466333
40325716
42452486
40069471
27928997
27947660
33118164
43057454
41385809
31461934
26737582
27880208
40268730
39056273
42042923
36896929
40849277
35482067
31159281
42006165
33119850
39609767
28933533
26317558
32703556
32932671
41290861
27899554
33724978
44854176
37353931
27961457
40622816
31614230
29084650
34213684
37191153
35721761
28550858
33895466
45513638
37342706
32814824
36552631
43456933
42835786
28376142
42889413
32312437
30491442
35982532
41243005
44665989
34031736
37327093
28306729
27695320
35008595
30244828
33537484
28350055
29508937
30183762
29897790
38894433
37554411
41070354
36593355
39769232
38268764
42759713
45726700
29301693
36212081
38942511
43733344
33156411
43016878
41694659
40492047
41664597
27031827
38188041
31200239
30879697
30305873
26296269
38212992
37727700
35470224
41523649
27818377
28044573
29525873
37623436
33542019
31523328
28369610
28116140
37305274
38934868
34131316
44686705
27666886
41202588
44102994
32665869
30404259
46014503
30815250
41636369
40447859
27672899
43874179
40838282
31062094
37179750
34921653
45959745
36529587
27502855
27407550
40933462
36823673
30097195
26511285
46052692
36066243
27733709
39346879
29026598
26803576
40585816
37483803
39907225
44026012
33390054
38031381
29544965
29939271
40320756
28219634
43183069
35123007
32963714
34770854
29093710
29068953
31577377
31229813
32042750
37864402
42938400
39848926
28962813
32933911
44917501
41570763
45395616
30049563
36892358
40870910
36596357
44290046
36637130
45641961
35286751
42643146
46091516
29094580
40581246
27839581
39152324
34162310
26364844
30070962
40555861
32408796
26236877
28412965
27746026
34884289
42762166
32485723
41914761
34005451
27836459
37382827
31337891
31698927
28184379
42554720
44427676
30241981
37756358
44836149
36331767
42299133
38181153
35776905
33243889
38820971
39420963
34989377
43032176
37348045
44836917
29542503
31188758
33820045
44200852
28016298
37670521
30166603
33872723
42510581
28897178
43163294
26484613
39918233
43878037
37669112
38030440
41375072
27681724
39645844
34833598
28975841
32285319
35386390
41996021
40645572
38043295
40479776
41705715
44227522
36215481
33783514
39187268
28121106
38525927
27173495
31619858
45101196
34550247
45833968
32969938
45712783
35249156
35953147
33157203
36602531
41364194
33314560
26859707
28680274
41341718
35780185
44367901
30375980
44283047
29006144
37973462
35102363
26312323
35984549
44961550
38756981
33774453
35521735
31180397
33227869
34462367
32465349
33630015
40690831
40119526
39642377
31946589
40098092
34880646
40281896
37961683
44688654
34449731
44749541
26484817
41675270
44289680
43079364
42586598
42688877
33448233
43001707
27150296
41845640
43545825
45147775
44048753
31350029
37151897
46037962
31749016
35030140
37765297
31409776
36984414
29496095
45335501
42572908
31557406
29102995
32807371
44819432
44120776
45364880
44459333
39156321
35710775
35951725
42156838
31687893
33443205
37871395
32780885
40686500
43116910
43208939
33266268
45842142
26105507
35468227
35440593
27090264
30359117
27016948
40855523
27829737
36512448
37486515
36325225
43384860
34401355
33700146
44532777
29605156
29837585
40251141
32594530
42866149
44144157
42111048
26517555
31107138
26188466
26260085
29880937
29888752
40576962
42990279
36955154
42835521
35319801
42664161
27289426
33529520
38582586
44713392
45336614
37993432
35562525
35290877
44627283
36876259
31368553
40754753
28501483
36191125
44832429
26859185
42948805
36766704
31346574
38644947
32430412
29443606
30887086
30101242
37319498
41694505
29585224
28034733
37503803
31716857
39354150
34340546
39126522
29958297
33908857
37270837
40253153
36960913
36279784
44553055
43425312
44874334
43570613
46068380
44884124
26785270
45088643
29752819
37347837
45530661
41578836
34322861
38943972
32628185
33421286
44479848
27733346
26326629
37998403
26621810
43540154
43771413
43857342
36112525
37751710
27748865
31656834
37568624
26935881
45440972
30341219
34659994
29511233
41011907
40920325
36140474
27962224
31826378
39062252
45277741
27402974
33716431
45262907
41150136
42088905
26382123
35795309
31433568
44897993
31378285
32783735
32658035
31078149
35112378
31647923
31815121
42861570
43477243
37650922
45440281
30131884
26459733
30049867
32782477
37805522
43508230
28343214
40183589
36196465
43981339
32194891
33264880
34758823
39570156
44361135
42055881
28794301
29342933
38368385
44338351
36318793
36435895
41797910
33274481
31924758
26774494
43795542
33376965
43686558
44269190
35874041
40982981
46027728
36865568
39898048
33085677
28691685
37523480
27254731
41216169
34918367
33459977
45142794
39319040
35467192
33804907
26478423
41818944
38447997
26599089
34587201
30367822
45489711
42222927
41182190
36072205
32608878
34605772
31328055
35462717
29544043
40770688
36081549
39867556
31781855
32249451
35595645
26939946
45475712
30964168
26722030
29267134
33029236
37341657
39875517
43234298
30298238
37518419
37254151
31160641
29723835
33588525
38633813
32396095
33983495
34712150
34247530
43973348
42906202
39740267
27947494
29904712
26530446
38601946
37453315
30939708
44276496
35840336
38479376
