907368
907368
905240
907368
906603
904306
907368
907368
907368
906981
907368
907368
907127
905627
906874
907368
906347
907165
906796
906745
907368
906435
904307
907368
905278
907368
907368
907050
906205
906014
907368
905793
907127
903967
907368
907368
906985
906447
906374
905249
906538
906427
906483
907368
906937
907368
907368
906343
907368
906494
907003
907368
906792
904221
907368
907368
905713
906049
905702
907368
906874
907368
907005
907110
907368
907079
906425
906609
905538
907368
906523
906866
907368
907368
906520
907368
906436
907368
907368
907368
905144
907368
905775
906193
904943
907368
904797
907225
907368
907351
907368
907368
907368
906329
906791
907368
907368
907072
907063
906926
905713
907368
907368
907368
907368
907368
907368
907368
906285
906626
907125
907368
907368
907368
907368
906225
907368
907368
907368
907368
906960
907270
905435
906787
907329
906814
902640
907368
907024
907368
907368
907368
907368
907368
907142
907368
904165
907368
907368
906848
906469
906511
907368
906412
907043
907368
907368
907368
907368
904376
907368
907368
907368
907368
907368
907368
906923
906681
907368
906448
907368
906523
907368
906262
906750
907368
907007
905626
906883
907368
907368
907368
907368
907368
906812
906273
906715
907368
907050
907368
906166
907368
906928
907217
906896
907368
906884
906566
907368
905593
907368
907368
906999
906825
906425
907152
906773
907368
906775
906681
907368
907368
906373
907368
907368
907368
906533
907368
907368
907368
907368
906618
906667
907368
907296
907181
907010
906710
907008
907368
906301
906649
907368
907368
907368
906295
906742
907368
905603
905741
907237
907368
907368
907368
907368
905902
907074
906129
907368
906691
905727
905913
907368
907368
907368
906797
907368
907368
907056
907368
907368
907066
907368
906266
907368
905688
905767
907368
906504
907368
907368
906615
907368
907368
906954
907368
907368
907368
907368
907368
907368
906604
907368
906573
907368
906380
907063
906125
907368
904286
906418
907368
907368
906159
907368
906938
907079
907368
907368
905911
907368
907368
906521
907368
907368
905619
906631
906962
907368
906271
907126
907368
907368
906716
907368
907368
906756
905044
907368
907368
907256
907368
906487
907368
906747
906790
907368
906955
907368
907368
906979
907368
907047
906410
907368
907368
907368
907368
907368
906794
907368
907368
907368
907368
907368
907368
906790
907304
907368
907368
904658
907368
907368
906788
905971
907368
907368
905179
905678
907368
904638
907368
906619
905857
906490
906867
907206
906345
907368
906491
907368
907368
907368
905249
903650
907368
906272
906414
907368
907368
907368
907065
907368
907368
907368
907368
905932
907368
907368
907368
906691
907331
907368
906410
907368
906528
906912
905375
907192
907368
906365
905705
907368
907368
907368
907368
907368
906224
907368
907368
907091
906751
907368
906541
907368
906673
907368
907368
907368
906540
906301
907302
905793
907368
907368
905243
906005
906256
906447
906538
906846
907368
907368
907368
907368
907100
906819
904743
907192
907368
906691
907368
906702
907214
907368
906397
907368
907368
907331
906665
907368
904530
906471
907189
906790
906335
907368
907145
906479
907025
905818
906605
907368
906874
907368
906746
906904
907368
907368
907368
906837
905885
904701
905561
907368
907055
907368
907368
903318
907368
907368
907368
904900
907368
906588
906741
905682
906441
907368
907368
907368
907368
906920
907368
905617
907368
906727
907082
907368
907153
905518
907116
906643
906989
907368
907368
907368
907368
907368
906559
906339
907368
906278
907368
907368
907368
906898
907368
907368
907146
906679
906774
906970
907368
906890
905360
906766
907368
906639
907050
907055
907368
907290
907368
906392
907368
907025
907368
906803
907115
907368
907213
907055
907368
906025
906620
906455
905547
907368
907368
906110
907368
907069
907368
907249
907131
907368
907368
907368
907368
907368
905876
906510
906730
907368
907368
907368
905446
906563
907368
907337
907368
905626
907368
907368
906508
907368
906502
907368
907368
906420
906898
907368
905216
907368
907368
907368
907368
907368
907368
907368
906440
907368
906911
906686
906555
907368
907368
907368
903887
905446
903982
907083
907368
907368
906833
907368
907368
907368
906564
907368
907368
907368
907368
907368
907368
906411
907026
906232
907368
907368
907368
907368
906390
906489
906603
905881
906529
907368
907368
907368
907368
907085
907245
907368
906408
906605
906761
907368
905988
906869
905112
907368
907225
907368
907204
907368
904051
907091
906808
904967
907368
907368
907368
905789
907368
907368
905717
906088
906583
907368
907256
907368
907368
907368
904972
906625
906991
907368
905091
904865
906134
906180
905851
907192
907248
907267
907368
907368
907210
907102
907368
907368
907368
907368
907368
906802
907368
907302
907368
907368
907154
907368
906389
907128
905410
907368
905348
906771
907368
907368
906478
905312
907368
907336
907368
907368
907368
907073
907368
906890
906898
907368
905588
904528
907075
907368
905547
907206
906340
907368
907368
907368
906390
907368
907061
907368
907368
906577
907368
907205
907368
906686
906743
906456
907047
907368
907050
906168
905938
906114
907368
907368
905303
907368
907012
907368
907368
906425
907368
906565
907368
905018
906742
907368
907368
907368
907368
907368
904880
906769
905515
906944
906632
907368
906550
907368
907368
907368
907368
904592
907368
907119
907368
907368
905848
906091
907278
906550
907368
907368
906418
906328
905373
907368
907002
906590
906453
907368
907368
907368
906896
907368
907368
905898
907368
907368
906731
907368
906085
906675
907247
907368
904477
907368
907368
907368
907368
906432
907368
907368
907368
907122
905553
907368
907368
907368
906685
907368
907368
907079
907368
906970
906425
907194
907368
907368
907159
906637
907368
907368
906791
907357
905788
907244
904414
906769
907368
905602
906464
907368
907368
907368
906434
907368
906719
906572
907368
906959
906522
906139
907368
906751
907085
907368
906977
906859
907368
905591
907368
904648
907368
904135
907368
907368
907050
906275
906408
906715
907368
905212
907368
906639
907064
907368
906949
907368
907368
907368
906492
907368
906470
906649
906704
907368
907368
906985
906604
907368
907368
907368
905510
907036
907368
903193
906163
907368
906852
907368
907368
904306
907103
907022
907368
907368
906522
906667
906037
905161
907368
905071
907368
904784
907368
905857
907351
905748
907048
904980
907368
900134
907368
907047
906190
905219
906656
907368
907368
907368
907368
906285
907368
907368
906345
907368
904671
907368
906792
907368
906305
906387
907368
907368
906557
905545
906574
906785
907368
907368
906491
905870
907141
907368
906751
907368
907368
907368
907368
907104
906365
907368
907368
907368
907368
907368
906881
903425
907368
907368
907368
907368
906148
907024
907241
906648
907368
907368
907368
907368
907368
907368
907368
907368
906821
907368
906978
907368
907368
907166
907368
906967
907206
906541
907161
907368
907368
906907
906740
907225
907368
907368
907368
907051
907368
907368
907267
903725
907368
907368
907368
