25273693780
3087673889
7578550978
117999100558
19194041418
98168518265
133616959243
42052755479
11668845542
9651614167
17180229995
4026929811
199547666624
71295697859
88089707321
81713829183
60626241416
30575629226
5054656447
53360410863
112855529021
101641841564
23770031132
69127176196
46906597284
50511426937
150277976150
39247059052
46447204421
10736203293
37761407403
127985293986
19748787438
15876301338
49641017221
10958707432
10480073109
53057341217
21072494070
27772996499
2583628067
92224679814
89726256072
44382630576
80538635046
24425317033
20043074604
6202285919
21656673231
68128502556
73759163814
89846027525
129369142592
18706333970
101577414505
54399107647
70676570746
41806230127
23729137224
135576663683
33526370645
8547552166
6657922967
10566390559
27628829070
59600916630
17753714750
27365852681
90659807113
64841703123
8095287215
7619676827
17887040098
29020331264
82670211267
19536444672
37969185708
19559800442
15554488450
88903830610
22686381081
18640041685
11813892666
47009061279
1365596210
5390279909
69627077638
22009665014
22834480206
1262646553
138861761293
14866044311
123669821290
101754954210
9544454234
12607596885
94554316036
20064621079
20960170068
48075249065
11422378182
6995042825
68820001603
32400272055
35161183459
10871333769
2491267420
98542932387
51956286114
46467015384
47561616441
56578147379
87520706376
32566472856
53611054190
188588444129
7792687105
70509806889
24401983174
28117253886
98035712374
14104193911
30113931608
38178458375
16050916987
127588720319
19221712045
25189409932
14664904173
17182628443
63306911305
100730629442
2806648643
79349598427
22702867267
7580213501
3806633293
62924518094
51891122250
3520989778
62942399475
76568472517
68022025737
203565356463
78790474311
6318366227
31774742745
12238094390
18252679978
6728973461
54612584013
64391209678
160588353830
7748928395
3828028775
50994429915
119520110113
4388146817
17161731415
32031139579
40876885488
11923340307
43247857068
86934366882
48820373909
52258518788
14722171320
31503042803
22420371617
1606495250
5623691615
28658272307
267029130407
57808541300
13989799452
39148488518
119570541054
89628814081
19054256744
126933494224
116787078505
4891290831
17725343852
73101064617
46998051204
12978188750
13845216159
48997177255
40576003651
267341942238
14338522379
48231053174
30014195795
11301253857
14886552828
120635912522
5560015049
32761666848
89034954248
48803175001
41712418072
7485862679
28970208935
7571697745
17230917671
29623107907
56405674007
34343607698
15316114986
37725302166
56302920317
14803087695
28610694191
14603122836
11159387001
101923763148
1547368662
144972049300
94462142429
56604015496
56218012795
130791971169
44361758172
2241433921
9891664447
11392752494
12052389384
53186983743
10963600913
92322529849
47535648050
30985706369
203649994624
6026985430
98152632433
9586739695
3409903543
26952449326
4169980092
15041240043
18222920382
10545447978
1686927737
45331662335
54500788551
66287866524
10435052974
41405397970
23024672821
2345273918
28390881056
163982011469
36969456722
43535550927
105928956728
6666533267
11408916638
19016743841
10130980072
10729148890
664158060
26186822049
124638021357
16373012387
47744878182
170237320202
44656162892
8599604182
6679612223
298174314521
74883473800
78027825393
10247033904
29124937116
20819627727
2269592728
40657142186
5990168029
15941763434
8786501327
4137637034
120079317305
65847193219
19367934232
4507436359
2599833670
19404154383
8287712720
82349529816
29835558198
4925574834
61167665499
29635580615
78726367410
41071047236
171215727657
74396338445
5995847864
64741629082
26027423750
15455487103
14128153638
203441935007
36304975690
29316468462
1614348474
1495844903
95122659446
24917503995
9509480088
50094485167
63292529403
1258883441
1492755615
3788643313
1067690171
191553351732
73934886220
15537518470
10017362885
209947408693
68547560823
90534523274
46830930220
39382591906
43674938478
36722470643
71475060687
18995079823
2253566426
86200358715
153815640696
47389486173
47239067073
6225193829
757206055
6769435709
10800130478
26324399436
24774320489
8549754536
84825475011
12626368018
6824384408
11182210357
26909110194
30025129026
20814245228
28568711890
41546074249
111562003887
43479449261
142403117582
33768419706
18736336058
49230184946
17165769387
4333764940
7398338969
33654584538
15231721906
80476444911
38063952380
26026376020
14076787140
34832227286
28059069721
81767597555
33618507323
96967266276
15186604999
25866061941
4248770027
13928268763
50086166002
6737877754
17095508815
17076731727
20147954535
92739471797
261606605988
20596947831
140271685453
46184291443
92847308226
111703826227
50552925489
27870799964
213907983315
27381224610
170565456955
36071525270
82889117686
9839313536
12722437372
11539596116
49189441863
1450278351
1817624587
8405788615
2148899229
46542277239
8268834432
12152048436
9736411618
235443874906
72284109880
68522552820
17515048525
5638505620
41892918722
17632131730
64700188048
78298490436
56122403470
4467066844
24686824169
7499032015
18876322862
36882661680
150306137301
60266896930
26349557205
46880804086
30655484030
31419654674
36223420116
51707784563
70944879820
10067303552
65675767514
19197752572
257897377871
73771546621
92316601648
25236874109
39514627295
15805554230
5462957925
8068340070
152098252574
5618808216
38820707780
70432784680
57062822589
6456486582
1756530113
16853692851
118038151965
68667517452
32439220662
2777398545
35301852796
53344811268
112149973645
16289399620
7564107259
47879970770
17496477198
139292875521
14790221078
67850190965
7327983906
157921463403
16715675011
194118450884
139391031414
1840652705
145728942070
9711584290
27232435233
151927666695
13503379849
24425448243
10617170000
18606080074
97633898796
120427222586
68275396500
174738634876
16430228898
107618995037
53603437932
81225161661
152115429621
33695878522
30810223984
17255464083
13265953637
10968175570
64382628703
8143938680
56928380243
38640148960
11297034376
72087352778
32502959387
16913388092
176636558341
58334380995
1450506896
160358155034
38076204147
30742949467
153031176776
10492821312
118209454111
43652319747
63673676575
44784667361
4730732125
23437004530
104790523347
85434429580
9054531924
5770290361
103483281444
76186631517
62404707893
38137944098
12578537292
23078294785
902956273
71336255057
48681496182
73407778621
32659541950
13405811946
170506910576
16755013892
16143680348
50849589936
4509719295
75118105587
57495849709
11414057686
26288856328
53888405541
17063483679
56775979398
4406606550
6222830647
4236494275
101595712164
127828143387
21948389886
70206047975
85045122156
19463195031
93305303968
65705480951
140473966472
69322448160
80533676973
5141387103
38991421453
30747173249
7453370950
19391279033
41700740176
14015388505
122371296430
52500169547
54009690555
135768611691
6399150823
81992383422
55540610355
19068028495
37879163377
33930688690
22057118769
9701496087
9408440633
10111243960
35650990943
90709481449
7045807735
52790769451
42488667332
118778392254
41140031192
32389204102
26634950389
55427042929
43059426874
22581023277
28194454329
30327421252
16309332845
84686010133
202269111093
90256067488
22923993852
54487603590
90095571506
78529449363
43239455829
197260693493
1620668233
8348234260
32079828899
8559890647
833075221
9467550036
3463909201
13044317856
134739577227
33456125647
160087513358
1132538018
76012110577
48066418300
306074282127
136958920759
173770641477
23096307910
15756643543
129358088695
18433121536
86888334348
60236185851
45339940499
10873868091
54727351059
42398619806
87611177050
37628269815
26003940553
98687473852
22884542535
64596934025
38863082093
31319457480
28190043918
15940861638
6559205833
23522128948
56483568501
133763313090
236806150401
11145218985
55235774741
41072697412
11104358001
117188968061
74490361482
1668300449
160494117818
22322732589
97970664896
18033295195
15152467472
16256531877
151003777349
13427883095
60771234303
17511584767
12299292098
5014742097
53601314547
65607125366
48349038265
53291652748
2632862803
17768124695
25656207485
6483205088
12710763551
78336936534
41235498929
35430063391
31836208424
6217902787
164189183747
20261589028
22556357348
32167070245
61628048311
16879447165
12372038241
2392357017
67270716445
89577515157
21206042345
59235895242
20742265313
2042833747
69282502294
2970118747
104392025320
37275793725
49726924669
92975429012
10063119862
36551307301
33506824713
18946853967
14433186643
16389390458
9388755466
82290921321
93155758821
31850621629
40792572291
33862653322
46359341428
12192210043
14978862986
8063208492
33785362999
20338173070
114048367717
56601460567
86730900778
41050798191
6382984542
40054414198
14929927288
32508721452
27535163874
27097648795
63214470835
87579527848
223349399744
37748770768
210808170163
23618668335
51134739070
14462251761
64911869189
195807426202
140585344183
51794477724
120442685596
39566719677
2791704559
235970244108
68471402418
21897867361
30630060861
65394875076
14714037218
25004770470
96787046900
17748841990
162733568310
57640744053
12500100634
20990903993
12356358193
159520974577
68493792417
50717128205
6710637999
14147629142
2133355852
712433602
79615108707
5250735330
63560806322
3529114391
3489636546
35237644570
31325103786
1363472446
9695874036
76855565349
45905143975
66561253256
71840486201
7213055668
17504913561
80774431696
36124945746
21115267583
54292489913
4474927973
66534032748
2326812266
12588217575
74462155165
28651377113
33244941789
91954505318
24331467717
69647774514
22297500388
3634459722
16326527904
51354038963
4742575359
27898561502
44850139928
26682421413
2665836980
6601130730
24016237559
5247696546
28510379254
14060703488
131434858644
27373490509
41262513047
28937388667
21398358118
36936841573
97360398491
20656776320
130789637473
46219024707
61402719749
116054672449
12954587432
23120841013
34712970216
30312424420
5507191107
127320035607
73349194573
51469527847
8645187307
1503295246
55049842722
5133729818
1929475203
8246864845
13141671857
41037268289
20345843738
167451399111
37586442948
37243591925
42963961728
34576929677
64681605030
83524162360
11678333350
35494105120
150848543714
38794058706
41738022495
20077181172
88174604358
38134899907
60264552695
91588167194
30800550445
30269607245
87818874347
23276474303
62167400687
52165126013
9714869337
16659486116
42485287912
35000574232
74792619740
9104247200
172499302207
2226504194
7818741953
16291846486
41165484104
3768801406
20654894808
285730116508
42020791270
55416612587
86895880529
15316540804
5596427534
12441231296
6483178505
289600257711
74122617024
4724764457
17817637264
28043866067
27805572275
3560875059
28532925581
4881732678
11878863186
82588919462
17761052704
118522371171
221859628966
34924440785
21797960255
4502217929
100331949726
9631518827
44951537450
44762864752
29685914510
163554113380
8615330146
23747478991
26646862532
59604946687
30034887804
40530847909
38243608433
128634698330
86267630184
16668104450
31082168699
50048417768
74789542019
28971580853
121157425432
82919603925
18760532488
32487390915
5920246132
104947583824
65471102972
35668446005
137715195490
67681112354
15752286593
42929225748
149669390594
32551346287
14594818773
36213402118
56973273167
19551893658
31822646258
109980501350
10041238341
46932114770
151431107362
62277219354
42647589795
2442032094
22787005555
53737487593
65607639274
51879880208
8421853315
53702437907
7790949986
24899731559
18286908949
59934976619
3486877026
16905386041
4942325564
138361512600
66185435326
10840915135
92999489789
3981733297
99132298374
56806338885
41072893475
155960408029
52280437344
48203857582
130721219297
14070681434
23796411037
25911740466
3012410427
42700302605
35798967947
25803985419
58930116972
23005011286
81573363245
117910375024
48153423887
15812204889
193878466836
39748182998
23123174027
21251842445
30551900430
45936259507
99246932250
63898568377
4928459075
42474603481
2128580695
41550172905
47157758065
9004711072
47339014634
75335984808
30966367196
64037682650
63691697074
688011878
5490828071
36205837492
1736103835
50529907212
85194578177
103989731305
70751076125
113848630326
16755469585
96775961823
71377450304
9140327040
44429818759
85576018895
41981368924
192516217916
16318146003
70581112812
65812309046
55585991729
97666939450
99015216548
28702323038
44392528769
157848504004
33097932143
107629781840
35007274392
70059464600
30214776962
95608535049
15609382019
57760511253
73320705341
72637231872
231549023017
44860891297
2702794373
61456369856
38858289772
75273363012
113538582447
30862420299
42421360022
4964658781
71430885402
174896880621
34870822159
9041181984
115298389675
29072176469
2650431980
9356857551
5991485310
17708803487
59126393818
29725243538
26156343299
12189333925
32770696925
10351055095
8309191964
50826346284
11764978619
47669541769
69757401108
65862275643
50319998890
13107009976
3928752541
37828523666
85498976859
25116577148
6527383801
7820329573
976976872
11376445321
43931582850
4212464722
7612856108
54476750750
6435131700
23766537935
36135914091
245835903523
55168103254
34951875039
27524093886
9545292070
114996911501
9369204022
141818939609
118191895530
116228008973
73479567500
23636635994
1448348733
15678204668
60884426596
13228055327
105558436913
75864771003
135592876096
11503979158
14870124183
97971014641
158263206325
29591586291
108489556252
81817748409
20784024492
57987062320
6622580392
29170249696
21671332753
2383082811
61027587750
49942067243
35819235988
79994769938
64668657539
15788887597
140911314434
11027116390
22858808921
20149222509
118910119282
1023713465
109731585498
59133602231
18926135590
34808907121
26522409555
47600638711
3870394901
162148134431
57397694804
78066355954
27547091907
274800537409
1997637949
74455481889
55647285575
68863437296
16434720166
150917661841
127066091170
18244309301
9196584855
37893219848
154852912162
46627583832
32858426792
1571825724
56381333616
52079389222
46663004182
167966615571
138332130875
56091347599
80676591049
112320273016
29231616208
47006909932
34673250559
46748770759
8277011184
2937747062
65589403531
68173149072
104218123352
127132378771
9719131277
2842126553
17849031251
178627005938
41460185815
10463329702
2923285669
41225580562
15152395915
129048340941
38040617827
7214790840
5108044043
13287094474
49984941632
66994441830
29723765464
115752432970
3814215480
37681855988
30815381778
41057911775
139769171400
6616435543
22555753130
51563375945
170739307485
88122681831
6668191052
38475796617
40942864209
59905603387
55728106336
15834755571
16228300124
150333782997
19794609774
42258287257
1258784438
23725252780
18734702099
16673176386
8075464646
35342733417
81560356312
11362676391
7534944070
21932421070
36042484513
8358271085
47055387852
6168910922
23494849948
17653789305
42752360219
23350079120
31592868155
47020550596
13056209454
172537945262
81386152218
9378067207
66473147479
44517484937
1985245132
114101659274
64309247344
185411817358
6075474785
49982639353
12066684653
1377868330
36337729294
6192827603
16469967834
16681527176
123302689316
86595009769
21504728973
20726227310
86200520118
29840195005
89205265274
3817651397
2366642909
213898636007
57600526074
19950785241
75062151401
8581117833
36692995028
17506245199
24076453413
57716773537
30966330162
11177736910
191779777637
82503097309
16818542716
35822257565
16361936936
62534228523
181205026483
154088551468
1197039362
27166912261
55558640357
19847638872
4713707365
35547815455
83118214053
85412966719
45915969359
83813159543
16499844185
7822169389
67723768125
21021672935
11586101736
85629125225
10282069680
34908053835
48868766344
117261125548
103514164652
122020326198
1979363137
105662656187
11515888249
144044289132
46918089727
25834226782
8682516380
67954068875
95865043465
64172067070
39962622780
18475898790
20880539267
113394442375
10528417321
10981443301
25120352956
19880249302
54958465854
13504850758
14433739124
20082215356
125593303307
85152375612
17516168707
12639442851
97145952446
9515790813
31695213231
110752206108
48070497504
59742070293
12980356504
19594254763
34190705492
25136429658
18448509063
62451258218
19070316566
33268976497
7138086567
31024618266
28943936522
39636071530
28209150037
114329381762
44280516876
20181911950
35272534393
31305492819
9472026466
29682392327
36562629697
60141979000
53163726709
19760839189
28913942513
223424174310
24291411671
67802810807
308235310685
7214820012
14234708627
15961520065
98838526145
22792901938
54666942028
28275688934
167990971305
23462169561
321850379237
151001226983
70431415641
2972891565
4116752072
154054555109
5524723317
44342966195
111558712903
129440762795
183575905861
117720120634
25540695224
32454900745
24161756727
66568084419
11259214978
101850379734
41897007533
47733209962
32598831668
22856595487
3676947676
22355887730
31596944391
5610545308
41073861452
27677683672
70778677353
3186284027
23461398426
13742379982
191843147806
94769098257
52926380426
41702440165
52131696641
60557738555
108357673709
75846088271
15402954344
6120839675
110722309502
24044552946
2813936409
108986099623
10976319813
13400006674
31364629640
3055540014
77415000253
30859358240
37614657609
45656872049
66869268800
20783799886
94835286654
53545054775
9507924298
41827559740
32517144171
120996310666
30262019161
14433926293
2418022904
40204983615
59666028426
26587958998
24433766744
128428430412
26210559429
27318487066
35271384360
36050404045
25928974895
78701560350
3038897291
253769632110
109363758968
3036159452
169879027478
25257866412
6791730536
58239883725
101597212555
50745218892
24625947622
117528770289
72958571085
13450232959
3157477040
30470009963
104193155892
5119228471
44782146029
88392798708
119054437631
80533380480
173941991024
7801631811
88902116559
117319850321
98128454962
9985644868
23978712742
14497527137
110279725319
136164856515
103760713613
10821009199
26712964155
63952465921
37131031285
25186197318
63073349477
10732107425
60933935184
80603448896
7138235009
12086495027
21469790556
4390953226
32016017635
57092708766
859437016
37169648400
94910479861
13234115946
199224158023
66236011946
22452030589
14105682620
12532568274
75381738565
74523402980
70101710329
6159853207
23695162938
91783843960
3060933796
30429803897
21391855240
43324081150
31643251573
89956304368
160470531159
10879882664
6948977091
44083391038
67575341287
15109501828
52390485436
7929749270
61079373597
19378004783
18370480673
2726758439
127038599447
5360816536
27708225976
50919369512
5502888095
154623481747
42557774441
170663576956
25534247235
154704190776
2203625065
8697678678
56113473725
24351842328
70485441827
31199769809
36180180513
13767830795
4107159726
9543097541
78518530631
16287142043
114736392979
103686128292
143878319509
18529975041
2365583816
45115709721
2658237772
4113756232
138687900943
35310108190
48742131231
32748437932
44469579686
63697945851
21267436719
26187510627
33695805195
62006782437
16166102138
4597353814
58706912119
256140607403
24939409404
34518518040
65618334259
80431415917
17904477802
699898496
73728067850
136587655799
18237271551
3357015329
57236839558
92024254872
50071182790
81047458383
2042469795
40719613497
24680756782
2519813242
4060802624
3147473018
14784505270
64963593787
50616329330
37122919867
78181108742
131369890168
43613276417
4819825250
11656597853
38324749651
38592614030
66534127566
16048368191
12621516740
14607315148
20582206016
217559740463
24048834671
77635698091
29805237639
123854735596
12186487891
15066340896
29572726755
181337504947
4933025208
7886406071
114301338005
22889733044
70602595178
10566316234
27750547498
58504828848
128125993913
48187497916
3749387764
45347615169
6225366756
46512388682
10119714028
72137671313
47441516657
84188827858
98601412763
56711270471
1762439693
53312009206
38755653056
45716099797
38441257985
15167836180
13029134295
34737683618
7218995814
69143983007
7174581259
19728465016
19071639080
16113702497
9282902070
65005840729
26010932829
1367304048
44102457873
105365282110
141332777554
115511544794
22101565573
37077292691
74750534913
53978269265
109519682010
9180073575
19459520594
42118764908
17332522252
1394811595
3177573876
20114509451
56054919491
128206105770
59972567866
91454667280
3229707770
39941691092
240342944210
19625082722
17432592887
56581412010
54300439022
31204572740
36739335730
6554793987
33051207811
28509333812
44307272345
11881216023
12119924808
18644251681
28307364407
54660800447
132219422980
186542969884
64001427800
42701360486
18603299452
18611679648
34189987537
21210466522
13278697607
39012875316
42164082054
71900056203
13828900423
6221108331
85755593058
94259021967
119483158204
1870756337
17373293374
14787869160
2879340378
48427530280
121025829506
12847496609
53988913231
60021928233
83810206230
178172492430
102474062277
320920043097
84819306636
19002190197
93634867100
52196922108
7077750515
261081905422
85475861951
40424937169
51923090781
86969708662
44366090811
36086715398
162556360737
30558669753
41304409150
37704690996
47030665241
36335097619
22997996239
14129606566
58891087184
39018405829
44731701511
19799745278
10864289823
40763701716
78733430044
28313954497
21895500214
4851408480
4273421035
2508815426
228371219629
37760356179
40862253870
24258538939
45349014273
10165144081
17488960244
32599072971
11834913607
13625801753
115188789930
147861846435
74010014346
7061031077
19712523534
35114357338
109540096340
10566355647
25138791674
47514843475
39494474971
165442798561
31565741170
86273955896
71265018881
31241742974
35607149995
93401848703
2878247870
6656234014
14344680284
18102958426
58464035879
8455552193
22037007633
70355649404
7558927503
130552788076
83155753465
81248317749
21889631283
4988696693
1790489308
8208619633
29845104686
51046890693
102681698634
53553362410
6877790215
54817427986
139696111841
54656848758
33688555334
3912782006
89684472818
69159103024
227782600811
30230033167
21304206888
33495091820
46570058795
45817032695
40552917193
20380760401
193098214040
62800290714
27868639884
64967482291
16820735642
7774949484
25944761129
64554316250
309018044488
141513308915
67681973076
235945274980
12431600817
55690726554
2094491992
20696945217
91526700147
30878155578
25048862048
97908261976
61252216745
23850155857
74567254855
38271829912
10922840079
123230153047
15047313883
40263836435
139924853698
2193193828
2706147265
148356738003
145411611749
36900172382
31813734488
74045378740
21255369834
43116968592
7056658995
4257543740
22466526175
69244342650
81182728952
53244142930
77703027553
85169352866
24890787186
16523508033
13922197083
67253160685
67763102106
36035045247
11855665196
50505674583
64608906273
37726125830
12854089284
49237898070
123547971518
8413064883
152942293135
27800726551
20662381315
60072336791
7073018702
1299462158
20737724539
27943901480
95188422018
53769168917
789532069
280779460737
27174576932
5104061731
1856366406
40407268310
19888555464
28555633842
105296542096
64337630675
33925519807
13901520211
75978950440
12572226885
23967623618
3587453863
9136953373
49857240567
52143265735
47925714844
9684439093
12510254979
57662218240
96977263217
49785814764
191110245060
72640327952
22176277908
133303670237
16799347097
11159952038
26276624079
7962301412
3871987660
8307190782
21584231994
53008006116
29838539819
20958527157
3779879438
67278222638
61629621278
18210071096
2074301668
42454613146
42278501524
66411763054
36810067230
20044720190
34610276919
96273251741
6956018033
32294509788
59204089283
44291357443
22826677938
63064749389
89176548134
15679010836
7877834662
5036021458
99167761299
22870102884
21062688599
84279910840
5789015963
29580988496
88379693754
62968858333
73119132039
134694084082
7936744915
3444901770
82397383388
142365654339
171437859426
5138186214
76352707875
73836713660
84684864569
37931613520
34262786782
29641166828
82445084622
15882441246
53624015644
5078792065
1408298157
68544686914
49620115831
66555749956
10470032652
15293671846
6931162118
86967095503
90284757287
41758705617
46386450701
137488981225
145061773812
10815788516
87387855349
10425712992
77037607644
155303218417
53980449743
13223573626
93421143519
2993869538
80833333830
7193652601
133186934320
130288519712
18553405928
28406027450
63862509155
3272525991
36487160532
48822506063
36812598856
1526362270
2912833433
17173577842
4817682523
11380631912
17933118609
8784286577
54653392194
89721253830
74242378296
56240880285
40705582341
16611510510
53154747849
67456662998
20564568252
73868661429
5084601670
193742102299
90557065642
24718657297
2351151857
68484659236
11387090025
9136460008
50619337888
97077756332
123910361280
4065746477
41781957725
21324465096
205607762063
24404935659
54503529836
50211102719
216482734087
85015267291
39817446695
3189203482
51398650093
13992270544
114501015190
275726127395
200736843030
23376957379
51520518050
3543766500
3811149511
144455563186
59319281673
30154270688
117085258133
39527471052
38208907088
20054286813
118197151608
49227370428
19058041899
32615663566
31140510037
195414194515
7967603830
9933469604
86371988880
885723112
26804740467
13684319441
99848418271
142830146218
5099678349
24000962658
5185206973
5016552649
44267268475
9646515361
63634017501
56633152776
32736733238
10782651956
30608576154
16627225727
119070743204
72501936765
52044189985
193848637191
40343524112
8618940232
43598164545
15151548338
54000338580
29700100970
103286549749
25969899759
67116432655
23112644681
92122789287
88726198796
32439991855
32754658768
55489303275
95617565674
7938810115
92515525082
52709085278
12359364359
155283525554
135705415951
58231734194
8912628037
93824049857
27320315565
25404341616
38790543958
78602087801
77267138075
58899303947
50434816975
27580150751
4152671563
192840137377
103732128305
7030552495
32292779869
27804830407
18591448139
21446956409
97716643323
61344354629
3524019313
36549158431
16920496812
5448270928
188836520391
41665906090
37991089549
21408451968
4943045152
13652817278
82904511850
158584474512
12024763423
36520911338
11085011884
169725822684
89339182972
129928776866
25808719271
4866337302
27945566547
65265144877
28002430554
17186645870
39525077763
63998475356
6075052591
2841367773
83993177957
30819616203
115965846702
17986699450
30145049940
25438827642
44126446848
84452907996
52023773657
10146327802
22295058812
145753896314
50413124636
49661393225
85258969271
55671279803
12197048308
6344820029
16906490005
79411783638
48768605096
14247515884
71445785906
18203294798
152974519869
38623152696
23804185674
2777363919
39659502326
141402396921
23614355825
219377564129
8111674383
95273880505
47396718569
37644467692
54353387860
24431330103
18678265886
102764090456
44462895035
16413541535
100966479281
104427971450
39397161514
38409962368
69035217663
112717459360
18440198533
9448410561
26866471538
126904231080
77869815755
57299747193
17374489976
8706546770
7438167300
25024922374
83176880232
46898446102
126602930875
961551474
13780498338
112267871353
28130786914
56705646757
78086609225
85390640216
79761096024
5299719022
34245981057
48116975765
2501327058
17501052684
68258112372
61311224973
7718244047
50018586487
5531171353
46846459006
43963075441
37892175040
47056707665
163616204092
16926426619
95652456659
36723972844
101947044007
27817350156
56999294425
44588734879
37251094217
9246254929
16357668088
28277643172
26531506256
48660798889
1414160397
27356185426
21991721570
232167865187
27844552496
111086086087
45729625905
48310730516
12629453463
42478348316
6815144974
93614558090
17134359571
34858325178
146799745481
92071593561
8547888689
100898130302
140993660922
23971117180
13086878615
45110919026
107981286912
8471310304
53620598406
56851377981
19321567409
34733989105
1229685652
27757064618
9159110107
1640997351
26326186758
6188294095
85042647397
55662751565
67718658525
30254811713
9940863857
19778294470
7414904003
55920966097
55142951901
8813226000
5945457144
17921304810
60108713125
1582269818
143714300455
206970146648
77498747400
57998671728
46445211689
32350982516
52734964314
28598851794
53135910331
28972443292
141399734706
16834884521
70585776651
1721572330
9615974259
9734010780
78077029642
16932398470
50057331446
16910135442
5533433784
26132124122
9471364397
120605154183
12184532449
5346385431
15489176173
45075294079
15427430563
357292303976
23621124949
34879986614
16429125419
267306958987
24119038512
23253302391
13297581397
17126840914
27508134260
175642903846
38583996803
48821538896
22179970812
1526489049
5222819971
1522932855
198730873774
8433406196
71172788723
50387747372
28268054292
65202498950
95712536826
59281383116
18578791556
11602308211
87571964801
12198034544
25286587355
145645891950
27620840785
10851616857
38099146803
28213529993
24914500400
81667680050
1760424914
132190434457
2752784374
67819732127
112360158008
127306753382
31862296762
9724880767
19235672958
29758877565
20453377935
5130638073
2100040076
139113489293
107281483925
3869452984
28209936200
6391891745
12615003769
39447890173
51217816048
116704611537
11517783502
119329879692
56758917313
31592857903
84038874801
8354679385
2014347291
11728815466
9863612950
148788951136
25836462316
81057294705
60575178853
26562733504
22296209231
56346887213
11381843005
22878384432
65514698850
5224106370
14696429464
112602085997
4260949898
118762721302
23261279955
2351319292
4069880725
35673710583
302711287649
33182050265
38845664170
54665651670
77401720235
72288552859
61304497551
10083182173
18622016975
72039059207
77804921573
117667090412
113298553699
55277791331
20658273925
209540093829
37214366151
102880200874
64186419276
14016725977
5909566493
135564427433
71381875937
36476694696
79877930868
30204150956
13686771207
160631834553
32130351056
30880779364
170718067942
146604659620
15806280916
98143119687
11009224909
40063347403
46257219083
6384154928
23916479739
17790794151
36009118402
10505466577
23712582904
47642934783
36843912839
9214406290
37639677025
6544470715
51497368941
67796137133
39508437878
96504244405
146936160652
9264741400
15717374553
77636305634
45517225574
81247446702
7088670812
9798112450
52402598148
35736971392
15100351721
39004847614
6194648096
93290500207
58689953344
50070540123
77094265883
10359485924
74293235480
12076150428
67555430948
23021773626
2449825367
9861642379
53135937001
52935514142
16837539904
175441173583
17305878927
24755888663
23984141664
6587460728
26947426914
106694973447
3712501752
31776297247
18531804225
55495925711
31831519442
94981905508
64771373161
13068614594
11320107058
67305363201
105671527583
42351918634
25429314983
140842704273
58863497518
36618833096
23380288657
56846254783
56552764285
52809768905
67567573558
150638326274
103631970602
192078818890
34895882362
35787308499
24598831841
5770772114
6394532153
23282196765
18336005698
55161988505
82423294905
188546709175
150861676872
56477198601
130655091662
248604134969
124561774076
28578338219
68036535231
2205227598
168058337712
26533824551
21487348357
46281114326
89260361454
123120749522
7034747209
7840627866
3324823409
60247278010
49915237042
30871976985
1885366022
922657333
1589059245
31648656278
41806786741
24832773226
151883543594
93466993299
5803133468
11955075925
53034909383
79219625323
1620002220
18136436699
17966523645
5076257247
46223553267
99894041920
53106829934
971988061
132985350459
5107683291
2193474654
26077434893
158405766628
22152621060
1599563404
59003002061
57475682380
103630209567
74629899728
83267276177
23165015912
4672311304
7711746760
7449685889
57635682171
77117868629
68555916180
30538417409
149972478954
16212262565
70008864201
4138941606
33249963674
25873001696
92111345253
73920676639
90802752278
34941252837
75641426110
52469810157
130808653507
15698542280
88910627151
36292138544
19109166820
29868315225
16471402619
26530485547
14495271114
68507278816
18083699885
40844930416
211392451565
84862225248
264524803945
6740876267
18077246873
1879842578
71980441243
58878728374
72568468891
198127267133
34486756424
4369183711
67193375762
110694554578
2795002717
13843451161
5637588133
61208249027
29247091173
109666157997
29400387552
29862730705
31627002839
9899953316
199370988064
21672363637
1866009016
11511033988
21893804922
13773200398
5836689973
23610289715
3619737051
10181418246
76441868868
54839381150
182921079211
60151684411
2835741461
32206382866
5355151783
8958626378
11553469181
158053738301
21851563411
7729182053
81774116532
1492154688
31368011678
7076489388
102373652769
54181402566
2084982202
13698948563
124877064170
2840534552
4160074232
14838122771
32763289015
33168179071
10817587227
57212728594
3849823374
12433307425
10487982180
33139311049
17818971706
95205363703
13219622788
69849173829
21138619845
179648555172
174052622206
6206777248
37438625089
38028346534
61012607194
28592208598
136686610549
24296780652
44700807664
17155696825
64603915373
27783073929
49449882605
1378148158
52098778154
26569555524
11023750310
23948038240
12834298545
30059598565
52114335666
31195693127
30773143875
24657360957
8505899911
68747317507
59004940360
79540266074
65246799814
12381250414
10361003998
70383602015
24101902145
46336904674
6851062033
114844594234
1473333809
33024671462
23269632827
119819409153
89108003745
43737744431
13960597663
3562670713
75580654480
74674069740
1509324275
8771017999
1831787442
8632098154
16780576534
13623777607
154483633818
11312202957
67193369191
10105801603
59713129490
22179869265
30490076893
98436604157
2294244985
5096894167
99268327656
39054302828
21061132756
153654624545
118438923797
41971429957
35014175689
22368768324
43874138307
7371905590
117556740411
81267790013
19291246381
48670105365
3552593010
65608280684
114713354949
105511340341
141611858763
62386612682
110871097924
69772844544
47696005074
122386378368
114583704718
37560436446
35443435908
47124108706
52385727790
13569916755
194811067101
117764309050
5798529092
1768917870
32360873402
43272045570
8863603226
96800600322
10712511076
36749780254
27619626255
8915052603
62743152861
25663540007
19764901139
41324625782
12404056926
21266546157
37636749281
12304823286
17748985466
47986793374
64297241733
30037031688
39562901387
144074738462
45552854062
16965912683
193450389740
8908805408
23640376220
13415600755
37546497223
24097448203
23541028484
46086772822
61101005216
22136520379
62689660719
17517950063
50655377122
48423985678
21584297736
9524884399
12357997706
52043111977
63547541119
40987519023
48818694053
34227825749
1922183188
55563113494
5145327480
57602794059
38091629141
3148512998
19738373891
135643171397
1411466987
127600811537
35327589880
159536839879
195612979057
8367421457
8533328899
3361421474
35231502010
9583635816
297335238486
31824742177
132839776023
6758077305
137564384103
22749513848
12544914701
16301487396
241155294408
92076087089
49421132642
103759300397
12043451377
27610713488
179255258865
34813404075
19096077316
6578759115
34359569222
5005641567
19068364458
54610083182
30436788207
14262147242
4337478384
57076305716
102066981111
15380509131
65183946389
10633054993
41751300534
7374313931
40501454468
27639608104
21681998022
24410133678
130790860663
85357718341
17391563673
81925201988
54859684175
26110407059
36242977628
39532112316
32305547181
11696123920
3426004847
56173110274
9983355872
11535698043
94497443901
110790221214
41116989693
42589228785
45888462003
37589973243
39876028226
44187201846
68885194690
64629973185
17485910117
106403027969
23906845478
40717433616
79042078396
27736486804
55663154353
146610923849
68169992616
48761199816
4243197177
20115256756
125320895237
101017712142
98315890571
11243942512
60468670150
112627958818
106424332244
6255824030
36199322574
129557276676
91500431022
59685263023
112799529254
25477153401
237255908675
6933281637
20820194825
91508141570
125973760380
65469824516
58544417999
29703045626
31771196889
38347353421
2879353380
71692223367
81618960396
48267555968
119011881593
7882137303
5361437228
31131750787
49672209890
7842674160
70223246597
19784432571
41958942405
77220138519
69964463959
7547996308
46934120006
9530146360
21231225630
69195575110
3046034405
840016474
131781042159
55120589216
50071731254
73824472068
156055307934
26277879289
28700004299
5911239702
18439611841
19620097153
18957133496
28918697116
925452387
42933058072
122379777371
30629338393
39042396281
49895279632
38201720272
37063018506
54886509741
69558732501
36998355278
63767949417
1207218613
17741752579
32462260776
108417603841
13149655265
56588393848
2538285233
36867099615
20726863267
1477019184
35054991764
11789797924
204104354826
8729893653
5475364455
63395264228
261946846212
54220771300
11872121958
5346004304
62465389110
79009994591
11680525292
63447742468
61366637004
23484295064
7502375458
33063245464
14185513723
95577223909
94503823404
25928338567
2127634654
67145317744
19952335790
136751880801
15938553435
26117961724
3189606516
62350358766
13367417656
103887286682
111568937451
118187141165
13148159592
9023623818
18074732947
141334907181
63231794020
55110662513
30915326469
84013666955
39239236011
10470728836
5511021775
3940298523
23560724791
112917026248
107278521695
3118394542
85782257645
51092234030
10837321187
25015043621
3148322440
7646385488
18136789544
35518381706
31553686977
55999545802
14111246872
23628950889
5978957974
4771380089
1128795501
7789654726
85691698724
85341081679
37575552179
22662705684
72651358985
25773757717
89681121731
67993493171
104279251533
65415789410
79510625002
41118538356
18010028020
4939108222
84587835685
6461884218
4344133172
131292323263
32281686032
83380724505
1172383714
13765716812
5014144579
26212605055
38518856972
39098676819
17745745251
72210841440
97633269329
8142570206
33559781278
87317101835
59725930402
46249199729
23985215575
18661800799
51044656884
23207511733
175874014232
41042779829
7364164289
37967986435
1799801919
32308581033
7055691312
5985238750
1997663923
13655532959
24882365442
17905980522
42650461866
22155794747
22187749176
127806933262
29720242085
55842788700
18563362635
24085008891
164448543214
10059272547
18314257794
15529069954
169254895262
2828176383
39980927052
28588550554
20923325109
120294895044
54253570615
29732589107
92704281868
84240770021
4591979545
31805679900
26926860028
877788010
140101458994
6976226512
182730345026
1916989560
23724263786
11749281822
128800655710
4772494730
91186112060
1487849567
225639688366
58038744036
45582969745
12700443214
22386178718
8195395812
129009744509
55558285746
1343452444
21745778896
31571119596
9774637614
9155783587
4142927935
9477221024
49836150194
3539472295
118828325232
59151613028
4213328278
103914573351
67026575373
9638805088
45228432669
39730722725
51491855303
47162560164
62545223323
12474132640
11581242627
91244925456
56735777516
109117829322
33975035891
69372747111
115171064911
49835664382
185716655522
90861768224
55985146433
39543515482
848799297
6973736104
79097110937
5312323065
1524219360
85137302778
50551741561
184966932743
107439799719
16498986221
17940130516
185447025491
141833816802
5606414039
108946140814
15987579479
22929367528
92414784533
83585192700
15942843664
68178208447
16073254973
115725129017
68126565063
106008062992
114594294951
54494510797
32024074769
34300636828
38882387117
7145955413
97537547897
33620838532
19570361930
25385401908
36593980482
3149482138
23136406236
24996245361
44815584852
32392045426
133523440370
22237707704
8790706032
1440373706
24744135736
80485784640
21245810169
240344609064
4709258846
53010543412
38745107520
105531658094
49457998790
19635203500
37744458834
33833423584
141434110813
18560668986
66004855993
58440478404
32696146998
10765672045
19460433824
14147837766
48673119681
20337477527
16259444408
43047277828
92065166072
28942450240
2189626029
83141787989
67978071166
60799217086
6959959350
13967059769
25387627970
36629739585
33495939029
26798670725
82377704018
6706170338
6263154462
16503306586
157749580536
2024165596
89110070356
22115857393
2014167080
37956660177
6878892203
16599076308
130171225496
117811362597
927060972
11743120765
181902141946
3977970453
22764421952
8706430302
73241054104
20860913535
22742909494
32374324815
8476383846
133964023731
57415047535
4145176648
13651849855
10639283304
16372000337
5993159489
22810235882
41431649433
63473457295
77394972885
100279226495
30878476639
34031849719
76769596656
5167271572
2226634287
12796026215
16400718074
55989532480
35772472865
74661132315
9633587880
15579920398
7702407852
31599852088
50375488855
12458755497
12457327022
4381526075
44826812950
11403880047
2802029659
91568379394
37747260221
70602770238
12318261917
5197834060
37862036059
439534267199
3562465650
77367928578
48128798679
25985036371
50639307409
25371514667
35594412294
99659882694
27217860991
4006740070
19053065381
122838949573
86073564116
1504954116
2826865552
31794969707
24053922845
49304340850
10754147171
39260599559
17766867482
1194525807
74504304885
26355639439
20467341525
71559553128
29099908629
26026170394
17742578647
4709151378
80931947764
54731157259
32567157905
100208063360
13813947342
30284892898
92654610898
11330729933
66773980129
15073280560
60855182057
12285995223
4379997521
9841761899
13481807933
4220988399
40085392432
17710207896
55264616092
135829879230
53931010340
10862854130
8830774836
26691802724
11682379653
63496866859
43804168909
44157116436
15189512552
133303983732
6734789962
27990740081
52909300712
140188756990
39006766545
3708746052
98127245751
20072938295
666351615
29054221374
3606862367
107271126869
5200375651
18292826478
8334614491
148901154892
19736947896
79338796300
31408551650
29448561859
25102542753
8311394878
79353377136
1737709243
42557700474
30471761143
46170767853
14447971897
79050352535
32033127168
21711523093
16581399946
14776568390
27682855188
74337147320
17144784083
38385296299
6776198035
63533679989
72202900134
9935508587
7328475914
75667268883
121954153443
9044412713
1470740496
55391783346
115922883660
10461688086
71356002420
102966386610
29869353625
10526364794
79819679246
53888959040
28576120829
63931784933
31467262577
4897067418
29957221659
22852586603
267410325603
116345196143
7342289366
2469321510
13027574964
65965730417
34323325116
30299797402
74789841167
23005311117
21568836048
37721641731
6099942842
38723555478
5200683703
27541879211
31995346071
25118338023
16211546070
4047105053
45079853725
51147263187
156033408240
199993052887
4906907621
213684770033
12466689997
18724794603
113897778416
13089810796
34291122789
15503908204
65610480466
20078325741
9575230253
111085507216
7757140944
4459197330
18100368693
56238934027
34582859470
9417596071
1623499131
6838102797
64026759946
64664088437
12902233084
6205002487
73727753760
49265586856
57485456885
20061125005
39159638275
7466508009
85041738517
20162217147
151699674840
91646953209
18577563563
83983124873
4671927079
105348827794
59091591618
110886789465
52147462568
35879478821
30304794288
10809276477
79587279428
52122433899
143082420244
28572760306
41053081040
114653567709
62922394276
74296802208
44924648094
2147075266
7892887852
57900837484
19013731865
103724931174
50495115506
13985757139
1858885526
3338422521
26318646679
25058734070
2338915518
152479157642
12035415655
28230039518
28761780039
33491921077
118923169272
47024151646
84801983416
23761226576
223317393852
41578870251
4800113400
31363320803
6051019437
94636475093
4042603513
63772260144
68350998731
8822318475
4346920176
4664530865
24253625703
16323371540
1747184406
40374449920
81946506248
14578728822
17014581557
25370928621
27778863717
82983030451
50039396991
9566360501
46572584033
53677781868
24190750551
174549258346
128018990505
22993333436
23995584244
5082192104
10122596794
122124966293
126020807775
9212196628
127057825843
83220019615
60935931473
91067653344
12690120355
134614016951
36492070736
45444491346
14594115255
111113911763
44403667599
31826552937
25304040340
39389989242
13095147030
42652375999
23734345505
108835013955
20185983571
6708920481
30530227259
4275961584
23860182990
18472933992
41578142356
64527227386
120218416164
108044301889
74743414474
23204150340
20078658012
90727936623
11169122276
9594062968
50075412968
198324499273
91380793125
50489351907
26235887292
36811001895
55298987596
1484133778
99231964053
15648001584
64186065508
3911727417
71426828910
1977028033
11556380039
60441595308
24543692934
23364865499
30923351074
13025246819
15169111434
79399557986
40046819769
17790083871
172310087509
11134828556
3679303845
10858627152
69019533830
24224846175
19827704819
118780584170
42351113720
6304751142
3922165385
3953867839
36162169897
102203364618
46113255254
65931387181
38960069039
10321250683
86169013131
108943041700
65318007450
33637124834
14996722274
5657963845
18582171341
51768050737
56540528258
8890926081
100637662734
57924957712
26032715250
49400209134
67407244131
44010102535
366694626334
131132113414
19979636042
40857119187
43474633230
14644437168
1612312026
95237516471
35112589333
12974264037
110820194443
42768423112
3998437614
186307294295
89831705744
112262398965
9877889319
44164149142
10029745157
24870998103
21826769701
77443501607
50457193682
6072969995
123066197542
78076577888
31581373481
24363463200
8442283480
41023631191
55780217176
44217120587
8510519451
40428612424
88234490578
81474725966
21921386800
97492350143
56178405391
87706027815
84136322924
52121291594
125121776568
36236790749
18671715602
19119766133
40026912288
3194316500
19324122303
127941538543
64446429238
54954102878
5133158646
6910547906
55814305943
3355384620
7974235346
60247408024
168853873379
30578534168
108142708145
5101823755
3824268119
63840818642
13601008225
220915773163
11120453423
140199362768
94422966377
38054166535
93038298747
86542704831
5941294473
41582386515
113376123035
37708409596
146851889243
121008312931
13574186463
73282107185
23287905956
50888982339
93261513103
26840317691
31663466731
17634183331
39508891052
25333715379
160623348751
3375243671
45149343665
55671536274
42281286097
117136436279
84313290227
27863783615
12137102343
84027890251
45699311964
145001884151
62376044840
6957868518
171597147463
101581151083
190655530948
18494536632
13041103992
176113323461
35862908945
55547497791
45322020616
110360066515
222990393226
51882188811
18111207019
106482867316
58944704064
24947321703
63283290213
69031529743
177731973148
50889003985
10300858410
20660069200
23746190998
5700913278
51394777004
7801243404
19396314639
12824148429
49330876893
2229785765
33580752134
45342806312
15814260985
3227529112
113967522568
40081717936
32336756184
24464140521
12007208061
28019957749
121788237083
102096394400
17316344664
28946517499
71980026904
37944829244
7645960948
2402293245
91814097137
131872266920
18199307161
23139905005
68864217941
33199471523
4013204884
22352697049
6427389452
21059839250
20488126592
6819861347
3014895955
51712190976
50660624930
23120806445
126230159288
12516753902
10397615911
83434327988
6384523484
95940486372
55856596710
224944800753
44753393855
49637081440
13978486604
85020761584
201073208457
108125344119
55104101246
101748256539
6849089482
15662243650
32853129091
23803819709
1562219557
6853702633
40572036902
50026922319
190735292349
25918514795
16251208257
68665909026
82999785308
40984505438
37154565972
80865989013
22800310521
2503351663
51791536127
19917740528
7974066740
72472967132
30463704447
5030798561
94414851422
8123180716
17291482402
2002181121
71831120324
61042990331
40554088186
46189916863
46681900243
21622523286
22534922198
45394391939
43804186657
35221845549
8427247070
67637197135
51770864114
48060561804
18408360310
83508826513
94557882104
1606751180
180764946255
36946345981
23096849441
17925629962
118398408058
24047630333
66734291268
4015258100
34756771570
52220599375
6197997663
97920597705
52168366405
4127214112
83315463476
20098404548
178044031195
4733518044
9202362213
7215277065
14257612921
32573058564
6643112122
34238952097
35080114722
60349732030
9143160559
26873238823
27243499104
1973653768
63980954324
47273109426
11929665946
150409022788
51572847511
63253677124
124255206626
14302378720
11488898174
32563297079
5213583979
17477675312
161034778211
6135896326
62974405234
33752124746
33458104170
4438670879
21009042685
60362356387
5816790016
12730721735
59399725622
76231566457
93836555230
1105018922
102226393263
65453329558
118980563401
85208061592
11408478473
7301991069
12222695668
24828599844
71742477852
66083506481
16008510372
13332926620
22628171684
97328358487
3067251048
44032347898
2776763321
51813545321
5899445459
7994324158
26901159036
21787225487
21136710258
53906882972
26143366071
56774567562
99082590094
21366613922
105572932616
25177231906
19090235495
60388711204
59375066888
50097379870
22145044362
66000740905
36649725890
1317894354
29211738274
49044216466
8887443492
30561637641
27774546325
72868165283
24111982729
37586534486
37184272617
33101070654
1556565703
72613426833
20180691233
30769983070
57700270159
33168235345
37717918920
19922792305
73802217182
10649020416
26173337964
8411556440
91572173993
28275995652
13667240900
98812447030
56613953667
78772171249
37998763351
26421408378
33692729236
56952769148
108723262551
20893866490
6403509174
5823391258
77198681207
31411096154
87976974063
5203393619
130371794905
29843508664
60447146577
9344849496
3577470800
50796301342
18254393920
97245902456
1192936397
244116092187
183946007578
59380333876
176445422476
3963262338
81486783944
57935758062
17841672708
113278190767
2478845502
29691404646
18923444537
62288094457
4135787562
55599647800
168587866951
34317016930
123175006538
2572822710
7618014336
8785576364
14380426849
120374056681
22983434439
74668757205
80347012747
8129494644
12899464073
16785435138
29457219224
112811336927
8937194149
29575819072
29582302676
95460025762
3026172566
15757557784
51662816081
13101094133
30434868719
10558199554
31713259144
37082993737
55219333116
2749345327
22854860280
168602769228
5708232060
109435785223
171137320618
74054997816
25844271868
7212929123
17612051224
7014428280
50636610270
32218555788
9527385788
180779735591
23162433833
12684950466
30284888662
106500532222
31743399418
61186092930
41513597520
4595976383
20894049084
39237070351
58556955401
97492838620
123282241533
60809577945
1199560989
2884767616
4936707482
4308193711
95056476160
25966889634
12894837339
54604803496
119636673605
8984291642
16667921712
7711144177
14846342414
37416319055
6435920833
63602783491
24143353567
26110700683
10272570300
125025006883
18299580613
76951992804
14480203756
37851537960
28561205277
42048502068
90027211117
213935884915
1425359672
58807823861
156508070033
32614552196
30205048678
29574057286
8295685069
14666163279
1396405982
161787877520
33475044426
2969699321
84271204472
19716513138
75303655093
110684589368
43131295110
128350904124
22187675272
38786366636
123431455606
4458700290
21894855497
3875818464
12957154669
43977831392
41192331154
18961926237
30544935634
63709608796
62125451246
87580721199
43120127372
88444083579
85053280189
108992738091
12715786999
61863664218
38968024666
5548557764
91580930174
141462935343
8592360960
35962816889
3196786946
49120195816
28254430129
18348589036
9781369000
68309695573
53274652612
131312136757
44285009535
97799799417
52309788315
117066763714
1135230233
75080659741
64596010239
30828807529
84003062129
162356705941
12183165356
16475545485
57451652882
60083211319
7932776090
3182693036
124998913629
53104870140
2382927358
4942855291
81051132068
240745790645
11648491075
11328698751
1352741841
17019543921
252207784227
15873454442
6235030049
14816940152
103769431841
9232525446
27949399630
102780898361
54409332365
108648372564
68002336860
20393243590
170166362506
21006670082
49492537342
111442108175
78235030938
113983624394
3001965400
37394703199
156860384328
107491240685
16412308845
216445708281
262098770955
190980479995
5969725712
21177891206
10531294920
15409620841
8965274526
41582658980
17428836778
7604005823
61601321250
28862154638
10088943210
27892213514
50506018781
34789532568
77156704934
44476494498
29984845845
67643557571
2614087192
62308163498
3737667724
136280943541
45971225435
248586544810
60955683343
11065863933
28255795943
13486418067
106305327787
142393988734
74351197452
3689267389
21979609693
68226345348
36212056956
14556749363
43534545684
31931276964
27026185464
68001819582
53934810995
39341817258
13027034953
5601231001
840107886
80802272346
7719617980
21906187306
59251045722
61302611778
132893712539
129055244082
83233332288
94917639732
19819378772
33741578257
50266654282
126459062208
55434690999
18262198797
13604660876
37781854552
41063524438
6280191551
24385458092
108017156772
24822915729
51379087329
39769922532
123656088932
93045219644
18092142592
80585368583
9071854117
11836216252
239112187390
10347956398
98689210871
29090114196
42477786043
75626460882
44807126256
203057438750
4727472293
195146638953
20327578712
73556034098
40258117057
17017290303
18568845013
11177325030
104016265477
16740737239
1375816216
13846426078
90595809721
12454035785
39054449514
1032407199
9077513817
107590065270
24902964429
1886795067
114817268299
34351758127
50310682307
1923457835
41322279609
53261117719
75342126489
26427504888
30822024667
11802088551
57445674912
71708415792
34571664121
15238078913
255816349894
25729598395
39611358568
79157241143
21136180264
9107719758
96415347276
55597039461
21738129316
9729990266
9849888465
5032927756
40222544247
21555536624
97069439020
20440789317
157488142467
33020503596
4614204917
34691410018
11275808088
331546975896
8983993049
59499390688
68157225511
38000063250
57017125781
2835257399
241125538806
21939774918
15408397749
120019623511
13238088865
27030815389
18847551983
103847577140
79048946913
44281356727
39443263877
13718398893
76500251022
38420750431
77988264298
16759540624
8253706813
82557853509
36673575500
182038445127
52896261464
4881971399
75098052904
63666413144
23501638117
160064961199
19468708807
25722088602
27762080540
63229629296
23138891301
8440564354
42137907791
4959357114
15450892803
870062252
11299796546
19801768102
101109349447
39618155077
33646035436
30251410536
23427781511
17797561438
5600204590
10442565406
15648075838
47256108500
40772977364
94589020695
69654237713
24755175839
77172688208
71786648720
42932917148
37925552303
48932270422
50122882739
23833643730
21549560950
21991873749
36624575464
46911762440
8437847124
59853734908
62481214549
60329605479
63866039016
93066912687
27646214936
31394658444
61443489606
31994057023
2741388277
61176084007
19084385931
58000896773
180941185807
7620031680
114573092114
73560532246
53585272319
15125726738
43261078077
2033664204
10448692326
67780988465
14642068572
46400223301
4378730234
57429804128
2011121972
33193976847
68159574018
97880921918
65397207215
42678590525
19604569250
56236125415
46071053440
26688670110
49892434280
3130493208
24710631656
17423906786
99774663140
22850602321
61908428991
6089201892
19354721660
8313943121
28244102776
16629878809
5087388507
24739384728
11754418208
24800678328
48520064049
51357673790
19257903440
73596177832
35787101293
9731597625
70965503188
14905490985
4600407410
98459555478
26773172913
40725633155
4000176359
11841655038
58963049431
116244467238
2255419652
22627213388
77639787311
12508847192
159346048511
23866321386
19378918774
16030788417
56222612285
32391220024
150955815268
18376295998
32814435045
60515369090
8976333794
105836289304
77214128677
19211222926
24334823013
108356792323
98689733200
38777619633
19198802742
8952203987
158166675429
86639638582
7898415579
11135871685
22204996780
54026066331
30407305238
5657438038
33594905324
3057717133
10262890763
178013118538
19311728892
54478723209
96627810972
39119307669
54989570881
18254761320
140733940571
3554729127
19610789681
19567484540
20457146613
32219827011
33014303702
15778527991
106066502063
134827548394
92255398931
13586781392
96428604344
107835844251
95145973047
74694423353
95782268840
68076434213
13719551198
31331675001
8824376645
56837180704
44036122798
80478157606
50134166923
44622265149
23156509319
45872797194
9395755766
40857395721
30313031913
20102439046
18331549750
37734924990
63125046789
63007123841
104720884681
55327891130
71358749971
66203515243
52551165628
2909212151
123148629419
221892042647
14262384878
68279856655
156069264572
28156237333
58040656424
65737976035
16863979413
48891863545
35953671686
23113363926
36327537525
4418480337
10866365176
14719287151
38184184611
12147178422
4980442616
717720201
39691643497
16048047897
5680966230
78483933599
19117876011
20426054907
25888999400
214765263134
17242429412
43516992900
75998543182
14077495325
59834233644
37730606016
146784267476
44522436476
13680085947
20232004741
37373125659
62336696504
50467324466
63401886622
47815715268
9139730596
11634045728
27712833354
37957868330
17952694279
13017435497
11114086383
21082653166
39277268065
125991244122
8585911229
116523039939
87763690840
222854663026
70184506233
10915680957
40501426110
38696195980
7358512864
18621558041
8803914788
56721881944
30832990855
34610523110
127985043200
25302667649
50133653758
174908466310
54002613573
23039541233
2853993668
13541026310
3262646179
1480557475
93612885465
86239891530
98556632707
15375384135
8580208371
14007359091
217182434307
228980964037
63842035444
114749430106
21900700214
52648375587
62698067530
49739167374
80240593459
19830257001
133711462565
31360428343
16150640676
29943980928
4172461160
130406432518
19849130794
64737919522
15499099693
56667596157
95228532598
16364484106
80073204773
14013265155
95266345359
27705761699
74007882214
14158327240
12518339422
3448735290
137769942377
2081425922
52427650395
26667967839
28788009415
1630742611
21427544536
11285862076
44292898884
206688452284
15833240120
4244001667
6077155403
19425088351
47943016282
149226406615
30269735303
85356393905
36486400219
9304727467
21193091508
23679922565
116754276433
89384653640
70672296453
4538339183
54592225440
42017451665
24912470200
4257239412
24157180220
18777130583
27769430605
24186546239
48626774579
3837315537
1446097155
2726080948
18543891014
22496494057
352428457273
72852416678
29014068376
50238219258
86303169459
129519211378
31416220974
133686565415
2255187621
5088267258
22972512962
76308413923
14028587714
21982387281
154646948076
6039433559
21676756367
97084092878
99422752047
99588594883
20500459990
150762914782
13559370198
20000105767
96545898311
23234865970
85527122398
21483149680
57141153002
11281281100
23073776571
6637022363
57741869567
56396105781
70807039711
67853535130
59276599611
31049360976
68818535595
106506045519
23127626914
46891447818
16736240557
80043538929
82062098451
16072238491
33301134775
30697012775
22014358816
148525727795
25197769918
28143575100
38251680212
52493029963
180663383762
2391872298
57599262018
1219162361
34603862030
1010646097
58543470972
120682105687
15734102845
9758313963
133178998117
22101200980
53901818883
14360069214
24641962732
8335793151
102887578476
42545540043
12201844141
30411748614
38504670207
66603101458
75242004451
112967876213
32146525208
35208834871
56184183732
142535114269
25299197531
64293823057
52114812327
19053552458
13812584282
7497519048
17324304601
97408325913
37485336236
12619931655
61495759300
8837007918
53438339366
152956895038
126316367064
28736897997
34061126344
74834673736
114145980673
66459526951
95214216091
34648064451
29791591093
35361229158
9753599123
26241822817
13492013489
22626450034
31432617111
43663850297
53213280919
107044403136
5026974258
2651677231
51174941973
204382244789
31335216295
26292978069
5833813255
78761127543
49767282060
19063363620
54371052773
128577688314
6911205176
35249712867
7764683013
60986279094
16374640017
67604985790
62347729873
8650965749
6297754223
32450682275
115130272416
172814564154
49595505395
37390160526
3271624262
67574592721
55913595371
115837288321
24845788156
7277532422
242800561605
25418464877
331424186829
55266900908
102732818064
17543401825
27516225957
22764343477
111181352079
11067265769
24119953607
64627609542
44107167846
4665864520
167534419741
122104042315
18770596731
35704550556
5137843695
30115466910
24070609923
151841480521
9643656293
22280048422
21076006099
67771474066
117409587795
85529603450
31377726361
59697010733
105365871006
3261678326
1396780775
19062821069
42547942439
18752958973
97447607232
46299300606
98284885986
58591060642
10228288645
27317693633
4159194914
117799017238
28380151463
11329221493
11047744060
145475013767
93518355267
7811292647
192639132076
126183199360
8716044570
249177714437
25611030101
44393241116
39523276191
11025750159
92438550146
37035742633
32489057851
77663593269
100832085734
8827701413
69033602769
24283163018
2214489899
42077492826
104408128303
55051244037
27221152314
