280
7952
3524
580
1462
4399
2458
3135
7950
7943
4120
5629
9845
1209
4028
1763
2062
733
8118
9388
9055
8969
9328
7562
85
557
5015
3986
4687
1256
5272
399
8007
5396
2707
2093
1684
3822
2700
685
9874
1016
9532
8259
5837
2203
5219
8510
8577
2041
4758
8330
1400
7602
9952
603
988
2418
5777
9958
1977
5715
999
2926
5122
6545
2066
8520
756
6515
6685
3910
1589
7112
660
5631
8381
1091
6172
4086
3912
9018
427
5098
7902
4277
5527
5169
979
4506
8851
7332
9505
7220
2118
5977
3701
734
4027
1059
1721
7686
1444
8503
6800
8408
4216
7091
3681
812
1319
9366
5823
6517
6393
5187
3704
8085
3720
9205
4911
5000
5493
1498
5612
7787
1326
387
6844
5579
5076
5924
2483
7223
24
7532
9329
815
8289
9851
5954
813
8105
5173
3076
5715
2254
1111
3632
5647
3421
6375
9150
7037
2884
5448
437
1184
7850
5997
927
1002
7582
4007
2783
6683
9439
7477
5265
9771
3195
1069
8082
9998
9182
7326
4613
2136
5751
3704
4849
2869
4550
423
1235
5133
7729
8392
7795
5680
550
7399
4495
4717
1973
827
84
4357
9749
114
3863
6141
8216
1203
710
9463
3403
9127
4446
9365
5605
1086
7293
2443
8453
9612
8497
3138
6768
498
9894
4895
5210
8207
9196
9360
68
6965
3601
5863
5070
2243
2281
9124
7263
3253
8336
8862
5747
569
4026
285
1852
4448
2463
9431
3038
3619
4567
7526
4485
1963
8252
6811
2336
303
5415
2781
1350
346
4130
2049
1549
8866
4592
9398
6137
3025
9186
9827
9366
8594
5994
623
8706
3563
4930
7334
3257
9080
9917
