818
8400
3841
4959
1460
7512
3163
1018
4850
4135
7918
6940
3068
6803
9385
3896
7005
2139
7026
8903
7923
8201
8536
8198
7617
9590
8591
5604
7042
5823
547
7768
6427
6246
5714
4164
728
4972
2325
9932
9409
3982
3485
3080
1804
7140
8753
7869
535
3803
7838
1061
47
3728
5113
1889
9674
4366
7943
6144
1507
4248
4992
3473
3936
175
7395
492
2793
5441
1649
8784
954
1111
9444
5668
6761
9019
9512
6525
1916
5051
7484
2472
6571
7991
8470
2535
487
2327
5223
3237
9668
3517
7144
3804
926
5094
2672
1402
5787
4559
8650
9982
3744
9680
8420
7178
150
6139
7467
3510
816
5077
2687
8962
6064
8638
9115
6426
4265
1451
3643
4554
1928
2788
2326
2337
9652
1932
7359
7261
7274
2495
2198
3109
2762
2449
6183
1157
853
1327
3575
1317
314
4886
7968
7975
7512
3806
4838
3088
813
3670
5958
5089
4710
9291
9325
1952
9873
5057
3746
7859
2200
3210
1114
9556
4220
5317
6621
3994
795
1867
6069
1894
6219
9102
8754
2606
213
7416
2343
1860
4137
3208
3220
3849
9180
7705
4104
4106
911
9915
3371
1632
374
3858
8687
7117
5892
2827
6354
4551
6755
2616
4788
1791
1720
7641
9335
6671
6981
9700
257
8710
1732
7716
1711
125
6142
6598
8
3543
9579
3853
2080
3037
3698
387
3124
6405
1382
5886
2535
5737
3186
6574
198
1824
2204
8906
7982
7047
9391
3380
2621
8707
2735
1514
9590
7207
2774
6938
7728
5191
5429
8290
8365
3680
6049
5315
1486
3715
9879
1038
3089
7446
2398
3348
6440
1025
6276
4761
7577
1040
604
3408
669
797
3281
8919
5222
6020
1382
7122
5088
6888
562
3469
6251
2323
1751
5249
9489
9690
141
7121
1857
557
3087
896
4255
1920
4915
9836
1468
2774
2382
2647
7434
8201
4564
4532
8012
2062
8663
5107
4674
9751
3519
9967
4687
4132
9609
1706
1185
6479
5882
2626
2092
9053
1928
6694
3901
5463
2217
9235
4286
8685
679
5217
5891
7281
4099
643
3410
8997
2515
9778
5249
7018
2701
1526
3619
1708
9582
548
8029
2475
44
7878
4221
1679
7551
7806
3455
4039
8433
8184
2780
2777
2649
5132
6229
4171
9160
2449
242
9579
3841
6815
5097
1115
974
3182
5333
4175
2106
1072
9291
4624
5083
4805
2375
5963
8897
7505
1822
1003
3057
3042
3476
5487
825
7362
9391
419
5440
3363
2294
4490
9620
708
4750
1920
5727
1123
9110
8264
5614
6299
8060
6918
7681
6811
7008
378
2824
8716
6480
7526
4513
8929
8348
8581
1111
3685
350
935
8916
7943
2112
450
408
8809
4796
3331
6690
7023
7345
9299
498
682
8735
8123
6837
566
8853
4183
5847
3042
276
6639
9671
3815
3030
9337
8189
8636
497
192
5613
2607
7905
2189
9375
8105
8716
7001
5119
8632
2998
8982
1531
6691
7710
9223
4791
7637
2326
6824
783
8782
4562
6155
5361
9712
9373
8610
3987
2271
6882
2078
6161
3311
2238
872
5306
8737
1574
4854
6182
7076
4255
1300
4883
9619
6098
9994
2945
9240
5996
9928
6456
961
4258
1313
6658
2127
742
2949
8399
6576
9074
4412
1980
2862
1592
3079
9210
1892
723
5110
3599
4438
5817
8877
4657
816
4272
6408
5883
3768
9534
8611
4502
6014
341
6992
4848
5440
783
3738
2963
7718
2596
4962
4532
948
6871
5308
7818
4212
4963
9122
9889
124
5758
6627
7577
1469
1611
4781
7455
6857
6213
4583
3189
8662
7738
5880
437
6779
8601
8576
1807
7997
1224
9
8529
2513
8364
3511
5917
9963
4351
3332
7322
8734
359
477
699
2028
2677
4470
8820
7509
8567
3899
1798
9584
5939
379
8799
5247
9794
5218
6050
7035
661
8993
9076
6561
4058
3043
1999
5752
4410
2526
3541
6484
8842
3878
1256
4168
9188
8350
8246
2153
6646
3087
7632
1896
9056
1931
4687
7018
1845
8481
205
9203
470
4560
1363
7602
7765
3547
6643
1617
695
2177
5184
5286
9895
9158
1128
9775
821
1268
9765
3403
2511
2180
4829
3767
2461
2269
6574
2625
5617
3715
7356
5605
8874
2668
4089
9879
3792
4904
9069
7140
8763
8439
2871
6724
4732
583
7845
5332
5424
2211
640
762
4448
1788
8454
2077
1586
5403
1079
7084
7890
7153
5092
2805
3403
8678
9628
196
3695
9627
7938
9921
7025
7424
2949
7164
7525
9367
7872
416
9444
3045
1181
3513
3090
8535
6923
2626
6254
8347
5529
3757
8703
1252
3823
7421
3254
6893
6669
5545
1818
4505
4345
4376
7743
5173
2113
6909
2253
5610
7342
4262
1394
2831
8245
6806
5914
8731
9152
4176
2126
9726
1356
9795
3294
8038
8213
2086
3983
4158
3882
7079
7965
9152
746
9690
240
5080
6851
8463
377
4414
7998
5752
9094
3696
7510
8922
4414
7122
527
829
9493
7882
4189
7176
5419
