928
3943
532
1367
499
1865
911
6811
6073
106
7756
1178
7999
9730
6807
4799
3075
7076
749
6227
117
8351
1240
5261
8945
1888
5113
507
6093
5452
5841
4327
6454
142
3855
843
823
5625
8418
4745
2344
9405
1631
1184
6766
6842
2036
2795
8679
646
6289
2457
4554
215
8763
4131
8684
9996
5461
3708
3732
9923
4343
6520
3151
2660
3221
1535
7088
3563
7789
704
1512
6820
5052
4632
9105
999
160
5892
5145
601
3946
6296
5767
9225
7176
7698
3662
4079
1486
4646
3750
6358
3418
3916
4519
7077
5828
9515
1044
8925
94
5715
2888
7301
8370
9281
6231
5685
9214
4301
8910
4394
3514
2492
1285
5233
6315
9743
231
6446
927
2678
9601
7287
4794
1728
1007
9150
6131
2238
3309
5179
938
8514
110
8878
6824
5938
1450
2882
6425
310
5893
6764
4288
8232
9136
2238
9394
2331
1370
3675
5561
6413
8257
9894
3133
3457
3718
8801
6069
9990
1890
2564
9808
8019
9104
1328
8639
6610
6649
8057
9170
9473
5295
1895
8185
9284
2107
75
8704
5100
7027
5218
7912
3207
6435
9778
3038
4540
461
8442
7676
2479
1691
7970
9419
8795
7443
4052
1844
2269
3837
2761
8734
652
8076
9550
7859
8780
756
609
5675
8619
3792
3677
1340
7006
5972
8421
6379
7217
9340
2171
3839
7979
7770
5963
7639
9606
2158
1972
6671
4497
8918
2783
8427
3661
3178
7911
9346
7006
7112
871
2459
5552
485
5926
7409
3299
3083
217
9227
7211
1199
3994
3246
8937
9493
9664
8427
5497
4931
7287
893
8336
9553
6645
3501
6447
9215
5117
1648
8315
3002
9808
6127
4847
5375
6785
572
3074
7664
5176
4339
8117
6380
8007
1654
3122
996
4525
1883
2511
7792
6927
3441
6518
3041
2745
4982
4743
5117
5203
4837
7027
539
8480
8142
9165
3942
7287
1486
5320
2
7284
707
9783
2982
9850
8160
964
8304
4849
6464
6270
4183
5383
9938
3388
3317
3847
965
3862
3374
9756
8701
2485
3058
1037
7912
1583
6627
6475
1916
4714
6036
9055
6771
4264
1096
686
6754
2397
3156
609
3985
4908
4398
291
6886
4350
6958
3750
9331
5026
4536
3871
3034
4740
3032
5348
166
9667
6191
6234
6774
7313
5889
9307
6033
1087
9671
2645
921
1583
904
6863
9722
9359
902
8963
1479
4819
2884
9675
5224
179
7174
9651
3385
2718
588
9508
2968
3077
7814
5814
9210
500
8689
3300
4602
7393
1227
7610
3706
2991
3898
672
1179
2743
3747
1695
8296
9910
5395
3070
9746
6488
2967
9054
1999
4028
8774
3222
4363
9241
5857
117
2234
6486
4514
5156
343
4059
9163
3083
8803
4518
2844
2098
1491
6689
3612
6668
5265
8127
9890
8610
4741
1161
7865
8159
767
3393
7548
3789
9121
6860
786
1670
7043
932
5073
2843
3344
2500
8468
3948
8128
7915
9418
4814
1622
6474
2441
2270
9188
2784
790
680
1402
7736
650
4952
9892
787
3977
578
2288
6
3326
4140
2597
3545
1770
5271
2963
2230
6435
8711
9803
5545
6105
8999
1567
3813
8065
2531
1940
3424
2798
5161
9546
8040
2465
4586
2089
4429
4102
826
5710
7644
2033
7810
8541
3606
935
4017
5459
7653
4196
5673
5722
4110
8113
3444
3622
7378
5517
5
7798
4109
6591
2312
4476
7113
7740
6903
6175
6923
6106
2760
7298
9160
462
1844
8567
882
7023
3819
5697
3240
6558
375
7145
5452
7010
9554
425
9290
7500
7281
3757
6658
3886
5807
372
1407
4548
4002
362
4414
8712
7069
5542
45
765
7669
3098
5972
4108
3978
7569
9487
9979
6453
3836
3509
8938
7656
715
3908
5015
5846
6313
5472
6069
973
3439
4096
3365
8147
3254
6259
7694
457
3889
3412
8950
6332
4981
3981
5419
594
5292
5628
1479
4590
2315
4292
2504
9661
1757
3536
4246
7877
3695
3839
5785
7937
6178
8517
2652
7702
1255
2353
7177
5824
1613
6575
9
9276
949
5183
2626
5391
6601
9534
7255
9003
4672
887
5062
2453
6364
4557
1593
4591
2354
105
9891
202
8142
4688
8346
7456
4994
3719
8194
3
8374
4811
8003
7769
6780
7426
486
4725
4067
9651
9037
7132
6862
548
5004
9401
9871
1938
6722
4003
7129
2123
3453
6851
5107
1570
8938
4765
9143
1354
2926
5878
8774
9252
298
8189
8583
7262
8248
940
2198
2324
2189
5037
8447
8935
8969
8840
6702
3960
46
6076
333
5554
8768
9332
9504
9892
1956
77
9812
5554
7675
5392
1541
2570
6721
3421
8366
3637
8755
1226
6404
4734
5866
333
3185
807
5045
3477
1500
8311
8224
6774
3340
2707
191
7722
6554
7535
970
6840
516
6032
9357
2699
4169
4618
9118
347
5029
205
181
7520
9773
2271
2835
5344
1137
6166
4179
3273
2494
8751
3192
1062
7523
2713
2074
1919
9910
6138
7529
9298
791
111
7858
1501
3486
7634
8316
8953
9262
8418
6032
2767
1337
116
7278
7825
6220
2373
8776
6919
8122
8564
286
8303
5264
5561
8391
8067
9074
4250
4333
3915
1142
3561
4363
3569
23
7078
303
6771
3793
5837
836
5603
8282
1957
5356
2326
7802
1411
4697
6428
7442
9308
6738
4102
7256
3530
4329
9392
7181
974
9678
1800
1726
3049
5512
4842
2152
1595
3658
9331
7317
37
4720
5328
800
1398
3633
8319
2891
1851
1022
3605
7962
320
7489
6419
3219
4328
4866
9323
7536
7208
7002
8733
5788
856
8999
3740
7125
5425
1726
6914
2842
2222
8735
411
3766
6401
6396
