185
1610
5459
9061
5153
7913
8722
7902
6986
2368
1692
6262
1245
7902
3272
2441
3161
1008
760
7688
7749
4805
506
9542
1707
8026
6725
1417
1664
9945
4588
7335
4331
2616
4936
8366
7403
6607
2141
4530
862
4171
4129
5991
3405
5355
7560
4517
9753
6549
4942
6174
7270
5863
335
2599
9310
8195
3685
3910
4287
3962
4391
7898
1958
784
114
9774
5905
4761
9383
7465
6787
5245
4749
4032
9637
9384
8959
3643
9877
107
2871
1130
8065
2425
7769
832
9574
7044
1909
7927
8388
3250
1233
2356
5967
5016
2332
3704
4146
9088
7539
6884
5633
3297
6611
4874
5089
2994
6971
8397
475
4789
9162
7352
5663
4542
7186
320
2282
9069
201
6535
765
1076
7927
1407
3883
615
3912
8530
1611
6396
6578
4010
9481
9874
634
4656
1725
3131
4667
5599
6053
1235
6145
687
1718
8915
2700
6939
1938
848
1147
9807
346
3358
547
3315
5056
2089
2074
4045
4370
497
4297
8457
1501
7403
1477
1144
8606
145
1871
2015
6969
4066
1129
6053
4074
7221
5384
4795
8952
4758
