172
6271
2686
3
4722
7278
2398
7985
5224
3147
2666
5868
6823
237
3491
3426
9837
1238
9913
8601
5747
8378
3531
9246
383
7504
4695
983
3145
653
3167
5274
9552
2660
6045
5036
7652
3601
4029
9098
2221
6381
6654
2975
3362
432
6452
5907
1893
9726
7104
8450
3582
9779
4310
7667
4173
7114
5636
5154
5164
9041
2503
1891
4046
227
1519
475
7401
8687
2147
9880
7734
2219
4626
6185
5098
5725
545
3248
4557
8149
1313
892
7080
3150
2825
7910
2986
3811
4832
7373
8241
351
3716
1576
9729
3680
7657
6590
431
3175
4581
1846
3504
1167
4293
5708
6379
3509
7644
4003
1041
4355
3673
812
5654
877
5166
6702
6543
7974
2024
8778
944
6678
6287
5960
3934
9092
7776
117
9541
5283
333
3852
473
4240
5094
9149
1171
9402
8226
1934
5963
9314
936
8677
7776
3780
3260
9945
6275
5672
8649
7444
4611
4773
3994
5123
2159
6409
4619
7323
9167
2669
3531
9941
2172
736
857
2167
8525
