702
1422
2154
2797
5696
9024
6381
9361
7958
2087
923
3342
7735
6688
3715
9606
8056
9730
8616
2949
6763
4776
1945
5846
7268
1371
6044
5781
6926
2479
1802
9612
5155
4148
3980
1014
2779
6136
7151
7420
5411
2194
248
9166
394
8994
4278
7912
9140
1876
9134
8729
5475
319
457
9367
5158
2041
6696
6013
4424
1273
3608
7093
1527
9986
7738
272
3945
1067
2648
6858
6628
7934
6914
6224
4428
5282
2453
7420
1018
6624
1804
8446
9536
4915
5864
3531
6202
4038
2644
3082
7142
5497
8778
7823
9200
8076
7203
3953
9931
5889
3046
5061
9322
9186
9289
100
1395
96
124
2184
6604
2419
6407
2631
7747
8444
5045
7555
1276
7872
4716
2104
7529
4260
5369
1615
577
155
5198
6616
1172
8152
9858
5605
2587
3892
1647
5222
4066
1781
2930
5805
4739
1349
3436
4998
2796
3587
4223
5924
3189
3697
2947
9312
7155
3498
2096
4678
8580
1406
698
7953
6479
9362
2567
3433
8950
5724
6434
9733
514
9806
768
4066
7108
5444
1250
1090
8175
3885
2305
5216
8986
5096
802
1154
4303
4517
1794
9269
252
3631
9451
653
3009
4665
4150
7448
3938
7626
9520
283
8095
334
1962
1893
6415
4169
5138
7531
7333
5016
8718
8626
8811
1978
9828
6592
968
7952
6030
1347
6877
9165
6784
437
8329
7752
2846
3578
6
6999
4421
6612
3160
898
3137
9471
1676
5911
1738
9204
8054
9150
9075
7722
9999
3904
7617
2677
2414
7754
6614
7342
913
377
9847
9622
6534
5304
9664
1264
7464
8953
7000
5986
9539
7754
6764
3615
6529
3520
5297
2366
575
5972
6944
6525
8923
7377
925
8488
7874
1421
3514
1935
7347
8108
5999
8302
860
4030
7127
827
1852
7640
8655
7759
411
9222
2791
3316
6405
1664
116
8144
1453
3654
7325
9689
3617
835
6675
4498
5425
3071
3236
4325
6674
5019
9714
78
7056
266
411
6017
4934
1529
4932
7704
9157
8090
4286
9331
9290
6539
843
777
9438
567
5570
3686
411
7428
8594
1766
4055
3150
7753
6531
3569
8460
7991
5396
7164
5794
3344
729
9282
7993
4576
8575
6159
1719
5781
3233
5167
5347
6538
5889
4598
440
1213
7292
8281
9831
3283
7096
734
4505
1250
5424
1773
5552
9232
5113
4924
7502
8451
4224
9724
4094
4647
750
8381
6649
3295
7366
6204
4808
1388
28
5604
5593
9826
8989
8948
3842
8732
5631
9218
5725
9789
841
1182
9019
8125
9610
3911
707
8544
3689
2463
1038
8178
2236
3537
6035
9375
846
7016
8384
816
8673
1767
8924
1977
9621
956
2163
7898
5222
6115
9917
1931
4918
6572
5136
14
806
9983
2060
4518
2253
9596
8997
107
7202
9954
1814
2973
3707
4529
3592
7944
9733
9780
6598
8639
5000
54
6986
1463
2131
9234
7080
2248
6602
433
5317
6497
9674
4965
8594
8988
3869
5394
5532
3926
9720
7365
6328
6753
8773
23
2600
1808
3616
704
8678
6798
6230
1307
4971
4566
3374
4023
7108
1857
2458
1319
5589
393
7163
4987
9648
111
6131
3939
348
8418
2142
3428
7944
2119
9905
8732
6154
9638
5910
3344
6128
3869
9352
9394
1566
4191
7593
8567
7859
8348
2299
9501
6130
8087
9640
8546
7446
727
2735
1264
842
2329
4171
3492
1631
8382
4050
6112
1817
211
157
8773
1217
2770
6674
105
9526
3568
6486
2820
6854
9368
7395
7660
1130
6880
8278
3402
8944
3017
3561
7780
5389
8672
6642
6531
2042
8930
1252
1168
7964
8075
2408
9075
2703
1750
5104
7417
8968
9551
6065
51
1412
9863
1625
6231
8648
2889
9230
8292
5530
7200
1452
375
9677
3612
7145
1072
1688
6466
955
363
745
9610
6182
3572
9629
9960
903
5556
9391
9230
6476
3164
9651
2069
4618
3192
524
407
5333
4723
662
6543
1992
9508
5960
8357
5895
7928
2513
3690
2196
2001
2916
915
8669
7300
8148
3283
9478
754
5785
1721
4511
7153
8655
2204
3123
8331
2892
1285
5950
6796
152
3585
3248
3872
75
7248
5702
279
6946
7712
6155
8667
2868
7172
3239
4065
3603
7875
2817
4841
7973
3327
4713
7697
3237
4813
